"","seq","nhyd","nglut","mass1","seq_start","seq_end","missed.cleaves","GENUS","SPECIES"
"1","QLSYGYDEK",0,0,1102.49808466434,1,9,0,"Equus","Equus asinus"
"2","QLSYGYDEK",0,1,1103.48209500313,1,9,0,"Equus","Equus asinus"
"3","QLSYGYDEK",1,0,1118.49299490452,1,9,0,"Equus","Equus asinus"
"4","QLSYGYDEK",1,1,1119.4770052433,1,9,0,"Equus","Equus asinus"
"5","QLSYGYDEKSAGISVPGPMGPSGPR",0,0,2550.2226099968,1,25,1,"Equus","Equus asinus"
"6","QLSYGYDEKSAGISVPGPMGPSGPR",0,1,2551.20662033558,1,25,1,"Equus","Equus asinus"
"7","QLSYGYDEKSAGISVPGPMGPSGPR",1,0,2566.21752023697,1,25,1,"Equus","Equus asinus"
"8","QLSYGYDEKSAGISVPGPMGPSGPR",1,1,2567.20153057575,1,25,1,"Equus","Equus asinus"
"9","QLSYGYDEKSAGISVPGPMGPSGPR",2,0,2582.21243047714,1,25,1,"Equus","Equus asinus"
"10","QLSYGYDEKSAGISVPGPMGPSGPR",2,1,2583.19644081593,1,25,1,"Equus","Equus asinus"
"11","QLSYGYDEKSAGISVPGPMGPSGPR",3,0,2598.20734071732,1,25,1,"Equus","Equus asinus"
"12","QLSYGYDEKSAGISVPGPMGPSGPR",3,1,2599.1913510561,1,25,1,"Equus","Equus asinus"
"13","QLSYGYDEKSAGISVPGPMGPSGPR",4,0,2614.20225095749,1,25,1,"Equus","Equus asinus"
"14","QLSYGYDEKSAGISVPGPMGPSGPR",4,1,2615.18626129627,1,25,1,"Equus","Equus asinus"
"15","QLSYGYDEKSAGISVPGPMGPSGPR",5,0,2630.19716119766,1,25,1,"Equus","Equus asinus"
"16","QLSYGYDEKSAGISVPGPMGPSGPR",5,1,2631.18117153645,1,25,1,"Equus","Equus asinus"
"17","QLSYGYDEKSAGISVPGPMGPSGPR",6,0,2646.19207143784,1,25,1,"Equus","Equus asinus"
"18","QLSYGYDEKSAGISVPGPMGPSGPR",6,1,2647.17608177662,1,25,1,"Equus","Equus asinus"
"19","SAGISVPGPMGPSGPR",0,0,1466.73509562016,10,25,0,"Equus","Equus asinus"
"20","SAGISVPGPMGPSGPR",1,0,1482.73000586033,10,25,0,"Equus","Equus asinus"
"21","SAGISVPGPMGPSGPR",2,0,1498.7249161005,10,25,0,"Equus","Equus asinus"
"22","SAGISVPGPMGPSGPR",3,0,1514.71982634068,10,25,0,"Equus","Equus asinus"
"23","SAGISVPGPMGPSGPR",4,0,1530.71473658085,10,25,0,"Equus","Equus asinus"
"24","SAGISVPGPMGPSGPR",5,0,1546.70964682102,10,25,0,"Equus","Equus asinus"
"25","GLPGPPGAPGPQGFQGPPGEPGEPGASGPMGPR",0,0,3004.43039059639,26,58,0,"Equus","Equus asinus"
"26","GLPGPPGAPGPQGFQGPPGEPGEPGASGPMGPR",0,1,3005.41440093517,26,58,0,"Equus","Equus asinus"
"27","GLPGPPGAPGPQGFQGPPGEPGEPGASGPMGPR",0,2,3006.39841127396,26,58,0,"Equus","Equus asinus"
"28","GLPGPPGAPGPQGFQGPPGEPGEPGASGPMGPR",1,0,3020.42530083656,26,58,0,"Equus","Equus asinus"
"29","GLPGPPGAPGPQGFQGPPGEPGEPGASGPMGPR",1,1,3021.40931117535,26,58,0,"Equus","Equus asinus"
"30","GLPGPPGAPGPQGFQGPPGEPGEPGASGPMGPR",1,2,3022.39332151413,26,58,0,"Equus","Equus asinus"
"31","GLPGPPGAPGPQGFQGPPGEPGEPGASGPMGPR",2,0,3036.42021107674,26,58,0,"Equus","Equus asinus"
"32","GLPGPPGAPGPQGFQGPPGEPGEPGASGPMGPR",2,1,3037.40422141552,26,58,0,"Equus","Equus asinus"
"33","GLPGPPGAPGPQGFQGPPGEPGEPGASGPMGPR",2,2,3038.3882317543,26,58,0,"Equus","Equus asinus"
"34","GLPGPPGAPGPQGFQGPPGEPGEPGASGPMGPR",3,0,3052.41512131691,26,58,0,"Equus","Equus asinus"
"35","GLPGPPGAPGPQGFQGPPGEPGEPGASGPMGPR",3,1,3053.39913165569,26,58,0,"Equus","Equus asinus"
"36","GLPGPPGAPGPQGFQGPPGEPGEPGASGPMGPR",3,2,3054.38314199448,26,58,0,"Equus","Equus asinus"
"37","GLPGPPGAPGPQGFQGPPGEPGEPGASGPMGPR",4,0,3068.41003155708,26,58,0,"Equus","Equus asinus"
"38","GLPGPPGAPGPQGFQGPPGEPGEPGASGPMGPR",4,1,3069.39404189587,26,58,0,"Equus","Equus asinus"
"39","GLPGPPGAPGPQGFQGPPGEPGEPGASGPMGPR",4,2,3070.37805223465,26,58,0,"Equus","Equus asinus"
"40","GLPGPPGAPGPQGFQGPPGEPGEPGASGPMGPR",5,0,3084.40494179726,26,58,0,"Equus","Equus asinus"
"41","GLPGPPGAPGPQGFQGPPGEPGEPGASGPMGPR",5,1,3085.38895213604,26,58,0,"Equus","Equus asinus"
"42","GLPGPPGAPGPQGFQGPPGEPGEPGASGPMGPR",5,2,3086.37296247482,26,58,0,"Equus","Equus asinus"
"43","GLPGPPGAPGPQGFQGPPGEPGEPGASGPMGPR",6,0,3100.39985203743,26,58,0,"Equus","Equus asinus"
"44","GLPGPPGAPGPQGFQGPPGEPGEPGASGPMGPR",6,1,3101.38386237621,26,58,0,"Equus","Equus asinus"
"45","GLPGPPGAPGPQGFQGPPGEPGEPGASGPMGPR",6,2,3102.367872715,26,58,0,"Equus","Equus asinus"
"46","GLPGPPGAPGPQGFQGPPGEPGEPGASGPMGPR",7,0,3116.3947622776,26,58,0,"Equus","Equus asinus"
"47","GLPGPPGAPGPQGFQGPPGEPGEPGASGPMGPR",7,1,3117.37877261639,26,58,0,"Equus","Equus asinus"
"48","GLPGPPGAPGPQGFQGPPGEPGEPGASGPMGPR",7,2,3118.36278295517,26,58,0,"Equus","Equus asinus"
"49","GLPGPPGAPGPQGFQGPPGEPGEPGASGPMGPR",8,0,3132.38967251778,26,58,0,"Equus","Equus asinus"
"50","GLPGPPGAPGPQGFQGPPGEPGEPGASGPMGPR",8,1,3133.37368285656,26,58,0,"Equus","Equus asinus"
"51","GLPGPPGAPGPQGFQGPPGEPGEPGASGPMGPR",8,2,3134.35769319534,26,58,0,"Equus","Equus asinus"
"52","GLPGPPGAPGPQGFQGPPGEPGEPGASGPMGPR",9,0,3148.38458275795,26,58,0,"Equus","Equus asinus"
"53","GLPGPPGAPGPQGFQGPPGEPGEPGASGPMGPR",9,1,3149.36859309673,26,58,0,"Equus","Equus asinus"
"54","GLPGPPGAPGPQGFQGPPGEPGEPGASGPMGPR",9,2,3150.35260343552,26,58,0,"Equus","Equus asinus"
"55","GLPGPPGAPGPQGFQGPPGEPGEPGASGPMGPR",10,0,3164.37949299812,26,58,0,"Equus","Equus asinus"
"56","GLPGPPGAPGPQGFQGPPGEPGEPGASGPMGPR",10,1,3165.36350333691,26,58,0,"Equus","Equus asinus"
"57","GLPGPPGAPGPQGFQGPPGEPGEPGASGPMGPR",10,2,3166.34751367569,26,58,0,"Equus","Equus asinus"
"58","GLPGPPGAPGPQGFQGPPGEPGEPGASGPMGPR",11,0,3180.3744032383,26,58,0,"Equus","Equus asinus"
"59","GLPGPPGAPGPQGFQGPPGEPGEPGASGPMGPR",11,1,3181.35841357708,26,58,0,"Equus","Equus asinus"
"60","GLPGPPGAPGPQGFQGPPGEPGEPGASGPMGPR",11,2,3182.34242391586,26,58,0,"Equus","Equus asinus"
"61","GLPGPPGAPGPQGFQGPPGEPGEPGASGPMGPR",12,0,3196.36931347847,26,58,0,"Equus","Equus asinus"
"62","GLPGPPGAPGPQGFQGPPGEPGEPGASGPMGPR",12,1,3197.35332381725,26,58,0,"Equus","Equus asinus"
"63","GLPGPPGAPGPQGFQGPPGEPGEPGASGPMGPR",12,2,3198.33733415604,26,58,0,"Equus","Equus asinus"
"64","GPPGPPGKNGDDGEAGKPGRPGER",0,0,2299.1105877161,59,82,1,"Equus","Equus asinus"
"65","GPPGPPGKNGDDGEAGKPGRPGER",0,1,2300.09459805489,59,82,1,"Equus","Equus asinus"
"66","GPPGPPGKNGDDGEAGKPGRPGER",1,0,2315.10549795628,59,82,1,"Equus","Equus asinus"
"67","GPPGPPGKNGDDGEAGKPGRPGER",1,1,2316.08950829506,59,82,1,"Equus","Equus asinus"
"68","GPPGPPGKNGDDGEAGKPGRPGER",2,0,2331.10040819645,59,82,1,"Equus","Equus asinus"
"69","GPPGPPGKNGDDGEAGKPGRPGER",2,1,2332.08441853523,59,82,1,"Equus","Equus asinus"
"70","GPPGPPGKNGDDGEAGKPGRPGER",3,0,2347.09531843662,59,82,1,"Equus","Equus asinus"
"71","GPPGPPGKNGDDGEAGKPGRPGER",3,1,2348.07932877541,59,82,1,"Equus","Equus asinus"
"72","GPPGPPGKNGDDGEAGKPGRPGER",4,0,2363.0902286768,59,82,1,"Equus","Equus asinus"
"73","GPPGPPGKNGDDGEAGKPGRPGER",4,1,2364.07423901558,59,82,1,"Equus","Equus asinus"
"74","GPPGPPGKNGDDGEAGKPGRPGER",5,0,2379.08513891697,59,82,1,"Equus","Equus asinus"
"75","GPPGPPGKNGDDGEAGKPGRPGER",5,1,2380.06914925575,59,82,1,"Equus","Equus asinus"
"76","GPPGPPGKNGDDGEAGKPGRPGER",6,0,2395.08004915714,59,82,1,"Equus","Equus asinus"
"77","GPPGPPGKNGDDGEAGKPGRPGER",6,1,2396.06405949593,59,82,1,"Equus","Equus asinus"
"78","GPPGPPGKNGDDGEAGKPGRPGER",7,0,2411.07495939732,59,82,1,"Equus","Equus asinus"
"79","GPPGPPGKNGDDGEAGKPGRPGER",7,1,2412.0589697361,59,82,1,"Equus","Equus asinus"
"80","GPPGPPGKNGDDGEAGKPGRPGER",8,0,2427.06986963749,59,82,1,"Equus","Equus asinus"
"81","GPPGPPGKNGDDGEAGKPGRPGER",8,1,2428.05387997627,59,82,1,"Equus","Equus asinus"
"82","NGDDGEAGKPGRPGER",0,0,1611.74000573158,67,82,0,"Equus","Equus asinus"
"83","NGDDGEAGKPGRPGER",0,1,1612.72401607037,67,82,0,"Equus","Equus asinus"
"84","NGDDGEAGKPGRPGER",1,0,1627.73491597176,67,82,0,"Equus","Equus asinus"
"85","NGDDGEAGKPGRPGER",1,1,1628.71892631054,67,82,0,"Equus","Equus asinus"
"86","NGDDGEAGKPGRPGER",2,0,1643.72982621193,67,82,0,"Equus","Equus asinus"
"87","NGDDGEAGKPGRPGER",2,1,1644.71383655071,67,82,0,"Equus","Equus asinus"
"88","NGDDGEAGKPGRPGER",3,0,1659.7247364521,67,82,0,"Equus","Equus asinus"
"89","NGDDGEAGKPGRPGER",3,1,1660.70874679089,67,82,0,"Equus","Equus asinus"
"90","NGDDGEAGKPGRPGERGPPGPQGAR",0,0,2429.15966784954,67,91,1,"Equus","Equus asinus"
"91","NGDDGEAGKPGRPGERGPPGPQGAR",0,1,2430.14367818832,67,91,1,"Equus","Equus asinus"
"92","NGDDGEAGKPGRPGERGPPGPQGAR",0,2,2431.12768852711,67,91,1,"Equus","Equus asinus"
"93","NGDDGEAGKPGRPGERGPPGPQGAR",1,0,2445.15457808971,67,91,1,"Equus","Equus asinus"
"94","NGDDGEAGKPGRPGERGPPGPQGAR",1,1,2446.1385884285,67,91,1,"Equus","Equus asinus"
"95","NGDDGEAGKPGRPGERGPPGPQGAR",1,2,2447.12259876728,67,91,1,"Equus","Equus asinus"
"96","NGDDGEAGKPGRPGERGPPGPQGAR",2,0,2461.14948832989,67,91,1,"Equus","Equus asinus"
"97","NGDDGEAGKPGRPGERGPPGPQGAR",2,1,2462.13349866867,67,91,1,"Equus","Equus asinus"
"98","NGDDGEAGKPGRPGERGPPGPQGAR",2,2,2463.11750900745,67,91,1,"Equus","Equus asinus"
"99","NGDDGEAGKPGRPGERGPPGPQGAR",3,0,2477.14439857006,67,91,1,"Equus","Equus asinus"
"100","NGDDGEAGKPGRPGERGPPGPQGAR",3,1,2478.12840890884,67,91,1,"Equus","Equus asinus"
"101","NGDDGEAGKPGRPGERGPPGPQGAR",3,2,2479.11241924763,67,91,1,"Equus","Equus asinus"
"102","NGDDGEAGKPGRPGERGPPGPQGAR",4,0,2493.13930881023,67,91,1,"Equus","Equus asinus"
"103","NGDDGEAGKPGRPGERGPPGPQGAR",4,1,2494.12331914902,67,91,1,"Equus","Equus asinus"
"104","NGDDGEAGKPGRPGERGPPGPQGAR",4,2,2495.1073294878,67,91,1,"Equus","Equus asinus"
"105","NGDDGEAGKPGRPGERGPPGPQGAR",5,0,2509.13421905041,67,91,1,"Equus","Equus asinus"
"106","NGDDGEAGKPGRPGERGPPGPQGAR",5,1,2510.11822938919,67,91,1,"Equus","Equus asinus"
"107","NGDDGEAGKPGRPGERGPPGPQGAR",5,2,2511.10223972797,67,91,1,"Equus","Equus asinus"
"108","NGDDGEAGKPGRPGERGPPGPQGAR",6,0,2525.12912929058,67,91,1,"Equus","Equus asinus"
"109","NGDDGEAGKPGRPGERGPPGPQGAR",6,1,2526.11313962936,67,91,1,"Equus","Equus asinus"
"110","NGDDGEAGKPGRPGERGPPGPQGAR",6,2,2527.09714996815,67,91,1,"Equus","Equus asinus"
"111","GPPGPQGAR",0,0,836.430232405663,83,91,0,"Equus","Equus asinus"
"112","GPPGPQGAR",0,1,837.414242744446,83,91,0,"Equus","Equus asinus"
"113","GPPGPQGAR",1,0,852.425142645836,83,91,0,"Equus","Equus asinus"
"114","GPPGPQGAR",1,1,853.409152984619,83,91,0,"Equus","Equus asinus"
"115","GPPGPQGAR",2,0,868.420052886009,83,91,0,"Equus","Equus asinus"
"116","GPPGPQGAR",2,1,869.404063224792,83,91,0,"Equus","Equus asinus"
"117","GPPGPQGAR",3,0,884.414963126183,83,91,0,"Equus","Equus asinus"
"118","GPPGPQGAR",3,1,885.398973464966,83,91,0,"Equus","Equus asinus"
"119","GPPGPQGARGLPGTAGLPGMK",0,0,1916.01027655602,83,103,1,"Equus","Equus asinus"
"120","GPPGPQGARGLPGTAGLPGMK",0,1,1916.9942868948,83,103,1,"Equus","Equus asinus"
"121","GPPGPQGARGLPGTAGLPGMK",1,0,1932.00518679619,83,103,1,"Equus","Equus asinus"
"122","GPPGPQGARGLPGTAGLPGMK",1,1,1932.98919713497,83,103,1,"Equus","Equus asinus"
"123","GPPGPQGARGLPGTAGLPGMK",2,0,1948.00009703636,83,103,1,"Equus","Equus asinus"
"124","GPPGPQGARGLPGTAGLPGMK",2,1,1948.98410737514,83,103,1,"Equus","Equus asinus"
"125","GPPGPQGARGLPGTAGLPGMK",3,0,1963.99500727654,83,103,1,"Equus","Equus asinus"
"126","GPPGPQGARGLPGTAGLPGMK",3,1,1964.97901761532,83,103,1,"Equus","Equus asinus"
"127","GPPGPQGARGLPGTAGLPGMK",4,0,1979.98991751671,83,103,1,"Equus","Equus asinus"
"128","GPPGPQGARGLPGTAGLPGMK",4,1,1980.97392785549,83,103,1,"Equus","Equus asinus"
"129","GPPGPQGARGLPGTAGLPGMK",5,0,1995.98482775688,83,103,1,"Equus","Equus asinus"
"130","GPPGPQGARGLPGTAGLPGMK",5,1,1996.96883809566,83,103,1,"Equus","Equus asinus"
"131","GPPGPQGARGLPGTAGLPGMK",6,0,2011.97973799706,83,103,1,"Equus","Equus asinus"
"132","GPPGPQGARGLPGTAGLPGMK",6,1,2012.96374833584,83,103,1,"Equus","Equus asinus"
"133","GPPGPQGARGLPGTAGLPGMK",7,0,2027.97464823723,83,103,1,"Equus","Equus asinus"
"134","GPPGPQGARGLPGTAGLPGMK",7,1,2028.95865857601,83,103,1,"Equus","Equus asinus"
"135","GLPGTAGLPGMK",0,0,1098.59061443806,92,103,0,"Equus","Equus asinus"
"136","GLPGTAGLPGMK",1,0,1114.58552467823,92,103,0,"Equus","Equus asinus"
"137","GLPGTAGLPGMK",2,0,1130.5804349184,92,103,0,"Equus","Equus asinus"
"138","GLPGTAGLPGMK",3,0,1146.57534515858,92,103,0,"Equus","Equus asinus"
"139","GLPGTAGLPGMK",4,0,1162.57025539875,92,103,0,"Equus","Equus asinus"
"140","GLPGTAGLPGMKGHR",0,0,1448.77216470242,92,106,1,"Equus","Equus asinus"
"141","GLPGTAGLPGMKGHR",1,0,1464.76707494259,92,106,1,"Equus","Equus asinus"
"142","GLPGTAGLPGMKGHR",2,0,1480.76198518276,92,106,1,"Equus","Equus asinus"
"143","GLPGTAGLPGMKGHR",3,0,1496.75689542294,92,106,1,"Equus","Equus asinus"
"144","GLPGTAGLPGMKGHR",4,0,1512.75180566311,92,106,1,"Equus","Equus asinus"
"145","GHRGFSGLDGAK",0,0,1201.60022354126,104,115,1,"Equus","Equus asinus"
"146","GHRGFSGLDGAK",1,0,1217.59513378143,104,115,1,"Equus","Equus asinus"
"147","GFSGLDGAK",0,0,851.418673276901,107,115,0,"Equus","Equus asinus"
"148","GFSGLDGAK",1,0,867.413583517075,107,115,0,"Equus","Equus asinus"
"149","GFSGLDGAKGDAGPAGPK",0,0,1601.78488588333,107,124,1,"Equus","Equus asinus"
"150","GFSGLDGAKGDAGPAGPK",1,0,1617.7797961235,107,124,1,"Equus","Equus asinus"
"151","GFSGLDGAKGDAGPAGPK",2,0,1633.77470636368,107,124,1,"Equus","Equus asinus"
"152","GFSGLDGAKGDAGPAGPK",3,0,1649.76961660385,107,124,1,"Equus","Equus asinus"
"153","GFSGLDGAKGDAGPAGPK",4,0,1665.76452684402,107,124,1,"Equus","Equus asinus"
"154","GDAGPAGPKGEPGSPGENGAPGQMGPR",0,0,2445.11436927319,116,142,1,"Equus","Equus asinus"
"155","GDAGPAGPKGEPGSPGENGAPGQMGPR",0,1,2446.09837961197,116,142,1,"Equus","Equus asinus"
"156","GDAGPAGPKGEPGSPGENGAPGQMGPR",0,2,2447.08238995075,116,142,1,"Equus","Equus asinus"
"157","GDAGPAGPKGEPGSPGENGAPGQMGPR",1,0,2461.10927951336,116,142,1,"Equus","Equus asinus"
"158","GDAGPAGPKGEPGSPGENGAPGQMGPR",1,1,2462.09328985214,116,142,1,"Equus","Equus asinus"
"159","GDAGPAGPKGEPGSPGENGAPGQMGPR",1,2,2463.07730019093,116,142,1,"Equus","Equus asinus"
"160","GDAGPAGPKGEPGSPGENGAPGQMGPR",2,0,2477.10418975353,116,142,1,"Equus","Equus asinus"
"161","GDAGPAGPKGEPGSPGENGAPGQMGPR",2,1,2478.08820009232,116,142,1,"Equus","Equus asinus"
"162","GDAGPAGPKGEPGSPGENGAPGQMGPR",2,2,2479.0722104311,116,142,1,"Equus","Equus asinus"
"163","GDAGPAGPKGEPGSPGENGAPGQMGPR",3,0,2493.09909999371,116,142,1,"Equus","Equus asinus"
"164","GDAGPAGPKGEPGSPGENGAPGQMGPR",3,1,2494.08311033249,116,142,1,"Equus","Equus asinus"
"165","GDAGPAGPKGEPGSPGENGAPGQMGPR",3,2,2495.06712067127,116,142,1,"Equus","Equus asinus"
"166","GDAGPAGPKGEPGSPGENGAPGQMGPR",4,0,2509.09401023388,116,142,1,"Equus","Equus asinus"
"167","GDAGPAGPKGEPGSPGENGAPGQMGPR",4,1,2510.07802057266,116,142,1,"Equus","Equus asinus"
"168","GDAGPAGPKGEPGSPGENGAPGQMGPR",4,2,2511.06203091145,116,142,1,"Equus","Equus asinus"
"169","GDAGPAGPKGEPGSPGENGAPGQMGPR",5,0,2525.08892047405,116,142,1,"Equus","Equus asinus"
"170","GDAGPAGPKGEPGSPGENGAPGQMGPR",5,1,2526.07293081284,116,142,1,"Equus","Equus asinus"
"171","GDAGPAGPKGEPGSPGENGAPGQMGPR",5,2,2527.05694115162,116,142,1,"Equus","Equus asinus"
"172","GDAGPAGPKGEPGSPGENGAPGQMGPR",6,0,2541.08383071423,116,142,1,"Equus","Equus asinus"
"173","GDAGPAGPKGEPGSPGENGAPGQMGPR",6,1,2542.06784105301,116,142,1,"Equus","Equus asinus"
"174","GDAGPAGPKGEPGSPGENGAPGQMGPR",6,2,2543.05185139179,116,142,1,"Equus","Equus asinus"
"175","GDAGPAGPKGEPGSPGENGAPGQMGPR",7,0,2557.0787409544,116,142,1,"Equus","Equus asinus"
"176","GDAGPAGPKGEPGSPGENGAPGQMGPR",7,1,2558.06275129318,116,142,1,"Equus","Equus asinus"
"177","GDAGPAGPKGEPGSPGENGAPGQMGPR",7,2,2559.04676163197,116,142,1,"Equus","Equus asinus"
"178","GDAGPAGPKGEPGSPGENGAPGQMGPR",8,0,2573.07365119457,116,142,1,"Equus","Equus asinus"
"179","GDAGPAGPKGEPGSPGENGAPGQMGPR",8,1,2574.05766153336,116,142,1,"Equus","Equus asinus"
"180","GDAGPAGPKGEPGSPGENGAPGQMGPR",8,2,2575.04167187214,116,142,1,"Equus","Equus asinus"
"181","GEPGSPGENGAPGQMGPR",0,0,1694.74815666676,125,142,0,"Equus","Equus asinus"
"182","GEPGSPGENGAPGQMGPR",0,1,1695.73216700554,125,142,0,"Equus","Equus asinus"
"183","GEPGSPGENGAPGQMGPR",0,2,1696.71617734432,125,142,0,"Equus","Equus asinus"
"184","GEPGSPGENGAPGQMGPR",1,0,1710.74306690693,125,142,0,"Equus","Equus asinus"
"185","GEPGSPGENGAPGQMGPR",1,1,1711.72707724571,125,142,0,"Equus","Equus asinus"
"186","GEPGSPGENGAPGQMGPR",1,2,1712.7110875845,125,142,0,"Equus","Equus asinus"
"187","GEPGSPGENGAPGQMGPR",2,0,1726.7379771471,125,142,0,"Equus","Equus asinus"
"188","GEPGSPGENGAPGQMGPR",2,1,1727.72198748589,125,142,0,"Equus","Equus asinus"
"189","GEPGSPGENGAPGQMGPR",2,2,1728.70599782467,125,142,0,"Equus","Equus asinus"
"190","GEPGSPGENGAPGQMGPR",3,0,1742.73288738728,125,142,0,"Equus","Equus asinus"
"191","GEPGSPGENGAPGQMGPR",3,1,1743.71689772606,125,142,0,"Equus","Equus asinus"
"192","GEPGSPGENGAPGQMGPR",3,2,1744.70090806484,125,142,0,"Equus","Equus asinus"
"193","GEPGSPGENGAPGQMGPR",4,0,1758.72779762745,125,142,0,"Equus","Equus asinus"
"194","GEPGSPGENGAPGQMGPR",4,1,1759.71180796623,125,142,0,"Equus","Equus asinus"
"195","GEPGSPGENGAPGQMGPR",4,2,1760.69581830502,125,142,0,"Equus","Equus asinus"
"196","GEPGSPGENGAPGQMGPR",5,0,1774.72270786762,125,142,0,"Equus","Equus asinus"
"197","GEPGSPGENGAPGQMGPR",5,1,1775.70671820641,125,142,0,"Equus","Equus asinus"
"198","GEPGSPGENGAPGQMGPR",5,2,1776.69072854519,125,142,0,"Equus","Equus asinus"
"199","GEPGSPGENGAPGQMGPRGLPGER",0,0,2304.07175850868,125,148,1,"Equus","Equus asinus"
"200","GEPGSPGENGAPGQMGPRGLPGER",0,1,2305.05576884747,125,148,1,"Equus","Equus asinus"
"201","GEPGSPGENGAPGQMGPRGLPGER",0,2,2306.03977918625,125,148,1,"Equus","Equus asinus"
"202","GEPGSPGENGAPGQMGPRGLPGER",1,0,2320.06666874886,125,148,1,"Equus","Equus asinus"
"203","GEPGSPGENGAPGQMGPRGLPGER",1,1,2321.05067908764,125,148,1,"Equus","Equus asinus"
"204","GEPGSPGENGAPGQMGPRGLPGER",1,2,2322.03468942642,125,148,1,"Equus","Equus asinus"
"205","GEPGSPGENGAPGQMGPRGLPGER",2,0,2336.06157898903,125,148,1,"Equus","Equus asinus"
"206","GEPGSPGENGAPGQMGPRGLPGER",2,1,2337.04558932781,125,148,1,"Equus","Equus asinus"
"207","GEPGSPGENGAPGQMGPRGLPGER",2,2,2338.0295996666,125,148,1,"Equus","Equus asinus"
"208","GEPGSPGENGAPGQMGPRGLPGER",3,0,2352.0564892292,125,148,1,"Equus","Equus asinus"
"209","GEPGSPGENGAPGQMGPRGLPGER",3,1,2353.04049956799,125,148,1,"Equus","Equus asinus"
"210","GEPGSPGENGAPGQMGPRGLPGER",3,2,2354.02450990677,125,148,1,"Equus","Equus asinus"
"211","GEPGSPGENGAPGQMGPRGLPGER",4,0,2368.05139946938,125,148,1,"Equus","Equus asinus"
"212","GEPGSPGENGAPGQMGPRGLPGER",4,1,2369.03540980816,125,148,1,"Equus","Equus asinus"
"213","GEPGSPGENGAPGQMGPRGLPGER",4,2,2370.01942014694,125,148,1,"Equus","Equus asinus"
"214","GEPGSPGENGAPGQMGPRGLPGER",5,0,2384.04630970955,125,148,1,"Equus","Equus asinus"
"215","GEPGSPGENGAPGQMGPRGLPGER",5,1,2385.03032004833,125,148,1,"Equus","Equus asinus"
"216","GEPGSPGENGAPGQMGPRGLPGER",5,2,2386.01433038712,125,148,1,"Equus","Equus asinus"
"217","GEPGSPGENGAPGQMGPRGLPGER",6,0,2400.04121994972,125,148,1,"Equus","Equus asinus"
"218","GEPGSPGENGAPGQMGPRGLPGER",6,1,2401.02523028851,125,148,1,"Equus","Equus asinus"
"219","GEPGSPGENGAPGQMGPRGLPGER",6,2,2402.00924062729,125,148,1,"Equus","Equus asinus"
"220","GLPGERGRPGAPGPAGAR",0,0,1672.89211452007,143,160,1,"Equus","Equus asinus"
"221","GLPGERGRPGAPGPAGAR",1,0,1688.88702476025,143,160,1,"Equus","Equus asinus"
"222","GLPGERGRPGAPGPAGAR",2,0,1704.88193500042,143,160,1,"Equus","Equus asinus"
"223","GLPGERGRPGAPGPAGAR",3,0,1720.87684524059,143,160,1,"Equus","Equus asinus"
"224","GLPGERGRPGAPGPAGAR",4,0,1736.87175548077,143,160,1,"Equus","Equus asinus"
"225","GRPGAPGPAGAR",0,0,1063.56851267815,149,160,0,"Equus","Equus asinus"
"226","GRPGAPGPAGAR",1,0,1079.56342291832,149,160,0,"Equus","Equus asinus"
"227","GRPGAPGPAGAR",2,0,1095.55833315849,149,160,0,"Equus","Equus asinus"
"228","GRPGAPGPAGAR",3,0,1111.55324339867,149,160,0,"Equus","Equus asinus"
"229","GNDGATGAAGPPGPTGPAGPPGFPGAVGAK",0,0,2500.21478867531,161,190,0,"Equus","Equus asinus"
"230","GNDGATGAAGPPGPTGPAGPPGFPGAVGAK",0,1,2501.19879901409,161,190,0,"Equus","Equus asinus"
"231","GNDGATGAAGPPGPTGPAGPPGFPGAVGAK",1,0,2516.20969891548,161,190,0,"Equus","Equus asinus"
"232","GNDGATGAAGPPGPTGPAGPPGFPGAVGAK",1,1,2517.19370925426,161,190,0,"Equus","Equus asinus"
"233","GNDGATGAAGPPGPTGPAGPPGFPGAVGAK",2,0,2532.20460915565,161,190,0,"Equus","Equus asinus"
"234","GNDGATGAAGPPGPTGPAGPPGFPGAVGAK",2,1,2533.18861949444,161,190,0,"Equus","Equus asinus"
"235","GNDGATGAAGPPGPTGPAGPPGFPGAVGAK",3,0,2548.19951939583,161,190,0,"Equus","Equus asinus"
"236","GNDGATGAAGPPGPTGPAGPPGFPGAVGAK",3,1,2549.18352973461,161,190,0,"Equus","Equus asinus"
"237","GNDGATGAAGPPGPTGPAGPPGFPGAVGAK",4,0,2564.194429636,161,190,0,"Equus","Equus asinus"
"238","GNDGATGAAGPPGPTGPAGPPGFPGAVGAK",4,1,2565.17843997478,161,190,0,"Equus","Equus asinus"
"239","GNDGATGAAGPPGPTGPAGPPGFPGAVGAK",5,0,2580.18933987617,161,190,0,"Equus","Equus asinus"
"240","GNDGATGAAGPPGPTGPAGPPGFPGAVGAK",5,1,2581.17335021496,161,190,0,"Equus","Equus asinus"
"241","GNDGATGAAGPPGPTGPAGPPGFPGAVGAK",6,0,2596.18425011635,161,190,0,"Equus","Equus asinus"
"242","GNDGATGAAGPPGPTGPAGPPGFPGAVGAK",6,1,2597.16826045513,161,190,0,"Equus","Equus asinus"
"243","GNDGATGAAGPPGPTGPAGPPGFPGAVGAK",7,0,2612.17916035652,161,190,0,"Equus","Equus asinus"
"244","GNDGATGAAGPPGPTGPAGPPGFPGAVGAK",7,1,2613.1631706953,161,190,0,"Equus","Equus asinus"
"245","GNDGATGAAGPPGPTGPAGPPGFPGAVGAK",8,0,2628.17407059669,161,190,0,"Equus","Equus asinus"
"246","GNDGATGAAGPPGPTGPAGPPGFPGAVGAK",8,1,2629.15808093548,161,190,0,"Equus","Equus asinus"
"247","GNDGATGAAGPPGPTGPAGPPGFPGAVGAKGEAGPQGAR",0,0,3323.60861122608,161,199,1,"Equus","Equus asinus"
"248","GNDGATGAAGPPGPTGPAGPPGFPGAVGAKGEAGPQGAR",0,1,3324.59262156487,161,199,1,"Equus","Equus asinus"
"249","GNDGATGAAGPPGPTGPAGPPGFPGAVGAKGEAGPQGAR",0,2,3325.57663190365,161,199,1,"Equus","Equus asinus"
"250","GNDGATGAAGPPGPTGPAGPPGFPGAVGAKGEAGPQGAR",1,0,3339.60352146626,161,199,1,"Equus","Equus asinus"
"251","GNDGATGAAGPPGPTGPAGPPGFPGAVGAKGEAGPQGAR",1,1,3340.58753180504,161,199,1,"Equus","Equus asinus"
"252","GNDGATGAAGPPGPTGPAGPPGFPGAVGAKGEAGPQGAR",1,2,3341.57154214382,161,199,1,"Equus","Equus asinus"
"253","GNDGATGAAGPPGPTGPAGPPGFPGAVGAKGEAGPQGAR",2,0,3355.59843170643,161,199,1,"Equus","Equus asinus"
"254","GNDGATGAAGPPGPTGPAGPPGFPGAVGAKGEAGPQGAR",2,1,3356.58244204521,161,199,1,"Equus","Equus asinus"
"255","GNDGATGAAGPPGPTGPAGPPGFPGAVGAKGEAGPQGAR",2,2,3357.566452384,161,199,1,"Equus","Equus asinus"
"256","GNDGATGAAGPPGPTGPAGPPGFPGAVGAKGEAGPQGAR",3,0,3371.5933419466,161,199,1,"Equus","Equus asinus"
"257","GNDGATGAAGPPGPTGPAGPPGFPGAVGAKGEAGPQGAR",3,1,3372.57735228539,161,199,1,"Equus","Equus asinus"
"258","GNDGATGAAGPPGPTGPAGPPGFPGAVGAKGEAGPQGAR",3,2,3373.56136262417,161,199,1,"Equus","Equus asinus"
"259","GNDGATGAAGPPGPTGPAGPPGFPGAVGAKGEAGPQGAR",4,0,3387.58825218678,161,199,1,"Equus","Equus asinus"
"260","GNDGATGAAGPPGPTGPAGPPGFPGAVGAKGEAGPQGAR",4,1,3388.57226252556,161,199,1,"Equus","Equus asinus"
"261","GNDGATGAAGPPGPTGPAGPPGFPGAVGAKGEAGPQGAR",4,2,3389.55627286434,161,199,1,"Equus","Equus asinus"
"262","GNDGATGAAGPPGPTGPAGPPGFPGAVGAKGEAGPQGAR",5,0,3403.58316242695,161,199,1,"Equus","Equus asinus"
"263","GNDGATGAAGPPGPTGPAGPPGFPGAVGAKGEAGPQGAR",5,1,3404.56717276573,161,199,1,"Equus","Equus asinus"
"264","GNDGATGAAGPPGPTGPAGPPGFPGAVGAKGEAGPQGAR",5,2,3405.55118310452,161,199,1,"Equus","Equus asinus"
"265","GNDGATGAAGPPGPTGPAGPPGFPGAVGAKGEAGPQGAR",6,0,3419.57807266712,161,199,1,"Equus","Equus asinus"
"266","GNDGATGAAGPPGPTGPAGPPGFPGAVGAKGEAGPQGAR",6,1,3420.56208300591,161,199,1,"Equus","Equus asinus"
"267","GNDGATGAAGPPGPTGPAGPPGFPGAVGAKGEAGPQGAR",6,2,3421.54609334469,161,199,1,"Equus","Equus asinus"
"268","GNDGATGAAGPPGPTGPAGPPGFPGAVGAKGEAGPQGAR",7,0,3435.5729829073,161,199,1,"Equus","Equus asinus"
"269","GNDGATGAAGPPGPTGPAGPPGFPGAVGAKGEAGPQGAR",7,1,3436.55699324608,161,199,1,"Equus","Equus asinus"
"270","GNDGATGAAGPPGPTGPAGPPGFPGAVGAKGEAGPQGAR",7,2,3437.54100358486,161,199,1,"Equus","Equus asinus"
"271","GNDGATGAAGPPGPTGPAGPPGFPGAVGAKGEAGPQGAR",8,0,3451.56789314747,161,199,1,"Equus","Equus asinus"
"272","GNDGATGAAGPPGPTGPAGPPGFPGAVGAKGEAGPQGAR",8,1,3452.55190348625,161,199,1,"Equus","Equus asinus"
"273","GNDGATGAAGPPGPTGPAGPPGFPGAVGAKGEAGPQGAR",8,2,3453.53591382504,161,199,1,"Equus","Equus asinus"
"274","GNDGATGAAGPPGPTGPAGPPGFPGAVGAKGEAGPQGAR",9,0,3467.56280338764,161,199,1,"Equus","Equus asinus"
"275","GNDGATGAAGPPGPTGPAGPPGFPGAVGAKGEAGPQGAR",9,1,3468.54681372643,161,199,1,"Equus","Equus asinus"
"276","GNDGATGAAGPPGPTGPAGPPGFPGAVGAKGEAGPQGAR",9,2,3469.53082406521,161,199,1,"Equus","Equus asinus"
"277","GEAGPQGAR",0,0,842.404392838478,191,199,0,"Equus","Equus asinus"
"278","GEAGPQGAR",0,1,843.388403177261,191,199,0,"Equus","Equus asinus"
"279","GEAGPQGAR",1,0,858.399303078651,191,199,0,"Equus","Equus asinus"
"280","GEAGPQGAR",1,1,859.383313417435,191,199,0,"Equus","Equus asinus"
"281","GEAGPQGARGSEGPQGVR",0,0,1709.82444572449,191,208,1,"Equus","Equus asinus"
"282","GEAGPQGARGSEGPQGVR",0,1,1710.80845606327,191,208,1,"Equus","Equus asinus"
"283","GEAGPQGARGSEGPQGVR",0,2,1711.79246640205,191,208,1,"Equus","Equus asinus"
"284","GEAGPQGARGSEGPQGVR",1,0,1725.81935596466,191,208,1,"Equus","Equus asinus"
"285","GEAGPQGARGSEGPQGVR",1,1,1726.80336630344,191,208,1,"Equus","Equus asinus"
"286","GEAGPQGARGSEGPQGVR",1,2,1727.78737664223,191,208,1,"Equus","Equus asinus"
"287","GEAGPQGARGSEGPQGVR",2,0,1741.81426620483,191,208,1,"Equus","Equus asinus"
"288","GEAGPQGARGSEGPQGVR",2,1,1742.79827654362,191,208,1,"Equus","Equus asinus"
"289","GEAGPQGARGSEGPQGVR",2,2,1743.7822868824,191,208,1,"Equus","Equus asinus"
"290","GSEGPQGVR",0,0,886.430623173714,200,208,0,"Equus","Equus asinus"
"291","GSEGPQGVR",0,1,887.414633512497,200,208,0,"Equus","Equus asinus"
"292","GSEGPQGVR",1,0,902.425533413887,200,208,0,"Equus","Equus asinus"
"293","GSEGPQGVR",1,1,903.40954375267,200,208,0,"Equus","Equus asinus"
"294","GSEGPQGVRGEPGPPGPAGAAGPAGNPGADGQPGAK",0,0,3119.48228085041,200,235,1,"Equus","Equus asinus"
"295","GSEGPQGVRGEPGPPGPAGAAGPAGNPGADGQPGAK",0,1,3120.46629118919,200,235,1,"Equus","Equus asinus"
"296","GSEGPQGVRGEPGPPGPAGAAGPAGNPGADGQPGAK",0,2,3121.45030152798,200,235,1,"Equus","Equus asinus"
"297","GSEGPQGVRGEPGPPGPAGAAGPAGNPGADGQPGAK",0,3,3122.43431186676,200,235,1,"Equus","Equus asinus"
"298","GSEGPQGVRGEPGPPGPAGAAGPAGNPGADGQPGAK",1,0,3135.47719109058,200,235,1,"Equus","Equus asinus"
"299","GSEGPQGVRGEPGPPGPAGAAGPAGNPGADGQPGAK",1,1,3136.46120142937,200,235,1,"Equus","Equus asinus"
"300","GSEGPQGVRGEPGPPGPAGAAGPAGNPGADGQPGAK",1,2,3137.44521176815,200,235,1,"Equus","Equus asinus"
"301","GSEGPQGVRGEPGPPGPAGAAGPAGNPGADGQPGAK",1,3,3138.42922210693,200,235,1,"Equus","Equus asinus"
"302","GSEGPQGVRGEPGPPGPAGAAGPAGNPGADGQPGAK",2,0,3151.47210133076,200,235,1,"Equus","Equus asinus"
"303","GSEGPQGVRGEPGPPGPAGAAGPAGNPGADGQPGAK",2,1,3152.45611166954,200,235,1,"Equus","Equus asinus"
"304","GSEGPQGVRGEPGPPGPAGAAGPAGNPGADGQPGAK",2,2,3153.44012200832,200,235,1,"Equus","Equus asinus"
"305","GSEGPQGVRGEPGPPGPAGAAGPAGNPGADGQPGAK",2,3,3154.42413234711,200,235,1,"Equus","Equus asinus"
"306","GSEGPQGVRGEPGPPGPAGAAGPAGNPGADGQPGAK",3,0,3167.46701157093,200,235,1,"Equus","Equus asinus"
"307","GSEGPQGVRGEPGPPGPAGAAGPAGNPGADGQPGAK",3,1,3168.45102190971,200,235,1,"Equus","Equus asinus"
"308","GSEGPQGVRGEPGPPGPAGAAGPAGNPGADGQPGAK",3,2,3169.4350322485,200,235,1,"Equus","Equus asinus"
"309","GSEGPQGVRGEPGPPGPAGAAGPAGNPGADGQPGAK",3,3,3170.41904258728,200,235,1,"Equus","Equus asinus"
"310","GSEGPQGVRGEPGPPGPAGAAGPAGNPGADGQPGAK",4,0,3183.4619218111,200,235,1,"Equus","Equus asinus"
"311","GSEGPQGVRGEPGPPGPAGAAGPAGNPGADGQPGAK",4,1,3184.44593214989,200,235,1,"Equus","Equus asinus"
"312","GSEGPQGVRGEPGPPGPAGAAGPAGNPGADGQPGAK",4,2,3185.42994248867,200,235,1,"Equus","Equus asinus"
"313","GSEGPQGVRGEPGPPGPAGAAGPAGNPGADGQPGAK",4,3,3186.41395282745,200,235,1,"Equus","Equus asinus"
"314","GSEGPQGVRGEPGPPGPAGAAGPAGNPGADGQPGAK",5,0,3199.45683205128,200,235,1,"Equus","Equus asinus"
"315","GSEGPQGVRGEPGPPGPAGAAGPAGNPGADGQPGAK",5,1,3200.44084239006,200,235,1,"Equus","Equus asinus"
"316","GSEGPQGVRGEPGPPGPAGAAGPAGNPGADGQPGAK",5,2,3201.42485272884,200,235,1,"Equus","Equus asinus"
"317","GSEGPQGVRGEPGPPGPAGAAGPAGNPGADGQPGAK",5,3,3202.40886306763,200,235,1,"Equus","Equus asinus"
"318","GSEGPQGVRGEPGPPGPAGAAGPAGNPGADGQPGAK",6,0,3215.45174229145,200,235,1,"Equus","Equus asinus"
"319","GSEGPQGVRGEPGPPGPAGAAGPAGNPGADGQPGAK",6,1,3216.43575263023,200,235,1,"Equus","Equus asinus"
"320","GSEGPQGVRGEPGPPGPAGAAGPAGNPGADGQPGAK",6,2,3217.41976296902,200,235,1,"Equus","Equus asinus"
"321","GSEGPQGVRGEPGPPGPAGAAGPAGNPGADGQPGAK",6,3,3218.4037733078,200,235,1,"Equus","Equus asinus"
"322","GSEGPQGVRGEPGPPGPAGAAGPAGNPGADGQPGAK",7,0,3231.44665253162,200,235,1,"Equus","Equus asinus"
"323","GSEGPQGVRGEPGPPGPAGAAGPAGNPGADGQPGAK",7,1,3232.43066287041,200,235,1,"Equus","Equus asinus"
"324","GSEGPQGVRGEPGPPGPAGAAGPAGNPGADGQPGAK",7,2,3233.41467320919,200,235,1,"Equus","Equus asinus"
"325","GSEGPQGVRGEPGPPGPAGAAGPAGNPGADGQPGAK",7,3,3234.39868354797,200,235,1,"Equus","Equus asinus"
"326","GSEGPQGVRGEPGPPGPAGAAGPAGNPGADGQPGAK",8,0,3247.4415627718,200,235,1,"Equus","Equus asinus"
"327","GSEGPQGVRGEPGPPGPAGAAGPAGNPGADGQPGAK",8,1,3248.42557311058,200,235,1,"Equus","Equus asinus"
"328","GSEGPQGVRGEPGPPGPAGAAGPAGNPGADGQPGAK",8,2,3249.40958344936,200,235,1,"Equus","Equus asinus"
"329","GSEGPQGVRGEPGPPGPAGAAGPAGNPGADGQPGAK",8,3,3250.39359378815,200,235,1,"Equus","Equus asinus"
"330","GSEGPQGVRGEPGPPGPAGAAGPAGNPGADGQPGAK",9,0,3263.43647301197,200,235,1,"Equus","Equus asinus"
"331","GSEGPQGVRGEPGPPGPAGAAGPAGNPGADGQPGAK",9,1,3264.42048335075,200,235,1,"Equus","Equus asinus"
"332","GSEGPQGVRGEPGPPGPAGAAGPAGNPGADGQPGAK",9,2,3265.40449368954,200,235,1,"Equus","Equus asinus"
"333","GSEGPQGVRGEPGPPGPAGAAGPAGNPGADGQPGAK",9,3,3266.38850402832,200,235,1,"Equus","Equus asinus"
"334","GEPGPPGPAGAAGPAGNPGADGQPGAK",0,0,2252.0622279644,209,235,0,"Equus","Equus asinus"
"335","GEPGPPGPAGAAGPAGNPGADGQPGAK",0,1,2253.04623830318,209,235,0,"Equus","Equus asinus"
"336","GEPGPPGPAGAAGPAGNPGADGQPGAK",0,2,2254.03024864197,209,235,0,"Equus","Equus asinus"
"337","GEPGPPGPAGAAGPAGNPGADGQPGAK",1,0,2268.05713820457,209,235,0,"Equus","Equus asinus"
"338","GEPGPPGPAGAAGPAGNPGADGQPGAK",1,1,2269.04114854336,209,235,0,"Equus","Equus asinus"
"339","GEPGPPGPAGAAGPAGNPGADGQPGAK",1,2,2270.02515888214,209,235,0,"Equus","Equus asinus"
"340","GEPGPPGPAGAAGPAGNPGADGQPGAK",2,0,2284.05204844475,209,235,0,"Equus","Equus asinus"
"341","GEPGPPGPAGAAGPAGNPGADGQPGAK",2,1,2285.03605878353,209,235,0,"Equus","Equus asinus"
"342","GEPGPPGPAGAAGPAGNPGADGQPGAK",2,2,2286.02006912231,209,235,0,"Equus","Equus asinus"
"343","GEPGPPGPAGAAGPAGNPGADGQPGAK",3,0,2300.04695868492,209,235,0,"Equus","Equus asinus"
"344","GEPGPPGPAGAAGPAGNPGADGQPGAK",3,1,2301.0309690237,209,235,0,"Equus","Equus asinus"
"345","GEPGPPGPAGAAGPAGNPGADGQPGAK",3,2,2302.01497936249,209,235,0,"Equus","Equus asinus"
"346","GEPGPPGPAGAAGPAGNPGADGQPGAK",4,0,2316.04186892509,209,235,0,"Equus","Equus asinus"
"347","GEPGPPGPAGAAGPAGNPGADGQPGAK",4,1,2317.02587926388,209,235,0,"Equus","Equus asinus"
"348","GEPGPPGPAGAAGPAGNPGADGQPGAK",4,2,2318.00988960266,209,235,0,"Equus","Equus asinus"
"349","GEPGPPGPAGAAGPAGNPGADGQPGAK",5,0,2332.03677916527,209,235,0,"Equus","Equus asinus"
"350","GEPGPPGPAGAAGPAGNPGADGQPGAK",5,1,2333.02078950405,209,235,0,"Equus","Equus asinus"
"351","GEPGPPGPAGAAGPAGNPGADGQPGAK",5,2,2334.00479984283,209,235,0,"Equus","Equus asinus"
"352","GEPGPPGPAGAAGPAGNPGADGQPGAK",6,0,2348.03168940544,209,235,0,"Equus","Equus asinus"
"353","GEPGPPGPAGAAGPAGNPGADGQPGAK",6,1,2349.01569974422,209,235,0,"Equus","Equus asinus"
"354","GEPGPPGPAGAAGPAGNPGADGQPGAK",6,2,2349.99971008301,209,235,0,"Equus","Equus asinus"
"355","GEPGPPGPAGAAGPAGNPGADGQPGAK",7,0,2364.02659964561,209,235,0,"Equus","Equus asinus"
"356","GEPGPPGPAGAAGPAGNPGADGQPGAK",7,1,2365.0106099844,209,235,0,"Equus","Equus asinus"
"357","GEPGPPGPAGAAGPAGNPGADGQPGAK",7,2,2365.99462032318,209,235,0,"Equus","Equus asinus"
"358","GEPGPPGPAGAAGPAGNPGADGQPGAK",8,0,2380.02150988579,209,235,0,"Equus","Equus asinus"
"359","GEPGPPGPAGAAGPAGNPGADGQPGAK",8,1,2381.00552022457,209,235,0,"Equus","Equus asinus"
"360","GEPGPPGPAGAAGPAGNPGADGQPGAK",8,2,2381.98953056335,209,235,0,"Equus","Equus asinus"
"361","GANGAPGIAGAPGFPGAR",0,0,1537.78006458282,236,253,0,"Equus","Equus asinus"
"362","GANGAPGIAGAPGFPGAR",0,1,1538.76407492161,236,253,0,"Equus","Equus asinus"
"363","GANGAPGIAGAPGFPGAR",1,0,1553.774974823,236,253,0,"Equus","Equus asinus"
"364","GANGAPGIAGAPGFPGAR",1,1,1554.75898516178,236,253,0,"Equus","Equus asinus"
"365","GANGAPGIAGAPGFPGAR",2,0,1569.76988506317,236,253,0,"Equus","Equus asinus"
"366","GANGAPGIAGAPGFPGAR",2,1,1570.75389540195,236,253,0,"Equus","Equus asinus"
"367","GANGAPGIAGAPGFPGAR",3,0,1585.76479530334,236,253,0,"Equus","Equus asinus"
"368","GANGAPGIAGAPGFPGAR",3,1,1586.74880564213,236,253,0,"Equus","Equus asinus"
"369","GANGAPGIAGAPGFPGARGPSGPQGPSGPPGPK",0,0,2835.42184889317,236,268,1,"Equus","Equus asinus"
"370","GANGAPGIAGAPGFPGARGPSGPQGPSGPPGPK",0,1,2836.40585923195,236,268,1,"Equus","Equus asinus"
"371","GANGAPGIAGAPGFPGARGPSGPQGPSGPPGPK",0,2,2837.38986957073,236,268,1,"Equus","Equus asinus"
"372","GANGAPGIAGAPGFPGARGPSGPQGPSGPPGPK",1,0,2851.41675913334,236,268,1,"Equus","Equus asinus"
"373","GANGAPGIAGAPGFPGARGPSGPQGPSGPPGPK",1,1,2852.40076947212,236,268,1,"Equus","Equus asinus"
"374","GANGAPGIAGAPGFPGARGPSGPQGPSGPPGPK",1,2,2853.38477981091,236,268,1,"Equus","Equus asinus"
"375","GANGAPGIAGAPGFPGARGPSGPQGPSGPPGPK",2,0,2867.41166937351,236,268,1,"Equus","Equus asinus"
"376","GANGAPGIAGAPGFPGARGPSGPQGPSGPPGPK",2,1,2868.3956797123,236,268,1,"Equus","Equus asinus"
"377","GANGAPGIAGAPGFPGARGPSGPQGPSGPPGPK",2,2,2869.37969005108,236,268,1,"Equus","Equus asinus"
"378","GANGAPGIAGAPGFPGARGPSGPQGPSGPPGPK",3,0,2883.40657961369,236,268,1,"Equus","Equus asinus"
"379","GANGAPGIAGAPGFPGARGPSGPQGPSGPPGPK",3,1,2884.39058995247,236,268,1,"Equus","Equus asinus"
"380","GANGAPGIAGAPGFPGARGPSGPQGPSGPPGPK",3,2,2885.37460029125,236,268,1,"Equus","Equus asinus"
"381","GANGAPGIAGAPGFPGARGPSGPQGPSGPPGPK",4,0,2899.40148985386,236,268,1,"Equus","Equus asinus"
"382","GANGAPGIAGAPGFPGARGPSGPQGPSGPPGPK",4,1,2900.38550019264,236,268,1,"Equus","Equus asinus"
"383","GANGAPGIAGAPGFPGARGPSGPQGPSGPPGPK",4,2,2901.36951053143,236,268,1,"Equus","Equus asinus"
"384","GANGAPGIAGAPGFPGARGPSGPQGPSGPPGPK",5,0,2915.39640009403,236,268,1,"Equus","Equus asinus"
"385","GANGAPGIAGAPGFPGARGPSGPQGPSGPPGPK",5,1,2916.38041043282,236,268,1,"Equus","Equus asinus"
"386","GANGAPGIAGAPGFPGARGPSGPQGPSGPPGPK",5,2,2917.3644207716,236,268,1,"Equus","Equus asinus"
"387","GANGAPGIAGAPGFPGARGPSGPQGPSGPPGPK",6,0,2931.39131033421,236,268,1,"Equus","Equus asinus"
"388","GANGAPGIAGAPGFPGARGPSGPQGPSGPPGPK",6,1,2932.37532067299,236,268,1,"Equus","Equus asinus"
"389","GANGAPGIAGAPGFPGARGPSGPQGPSGPPGPK",6,2,2933.35933101177,236,268,1,"Equus","Equus asinus"
"390","GANGAPGIAGAPGFPGARGPSGPQGPSGPPGPK",7,0,2947.38622057438,236,268,1,"Equus","Equus asinus"
"391","GANGAPGIAGAPGFPGARGPSGPQGPSGPPGPK",7,1,2948.37023091316,236,268,1,"Equus","Equus asinus"
"392","GANGAPGIAGAPGFPGARGPSGPQGPSGPPGPK",7,2,2949.35424125195,236,268,1,"Equus","Equus asinus"
"393","GANGAPGIAGAPGFPGARGPSGPQGPSGPPGPK",8,0,2963.38113081455,236,268,1,"Equus","Equus asinus"
"394","GANGAPGIAGAPGFPGARGPSGPQGPSGPPGPK",8,1,2964.36514115334,236,268,1,"Equus","Equus asinus"
"395","GANGAPGIAGAPGFPGARGPSGPQGPSGPPGPK",8,2,2965.34915149212,236,268,1,"Equus","Equus asinus"
"396","GANGAPGIAGAPGFPGARGPSGPQGPSGPPGPK",9,0,2979.37604105473,236,268,1,"Equus","Equus asinus"
"397","GANGAPGIAGAPGFPGARGPSGPQGPSGPPGPK",9,1,2980.36005139351,236,268,1,"Equus","Equus asinus"
"398","GANGAPGIAGAPGFPGARGPSGPQGPSGPPGPK",9,2,2981.34406173229,236,268,1,"Equus","Equus asinus"
"399","GANGAPGIAGAPGFPGARGPSGPQGPSGPPGPK",10,0,2995.3709512949,236,268,1,"Equus","Equus asinus"
"400","GANGAPGIAGAPGFPGARGPSGPQGPSGPPGPK",10,1,2996.35496163368,236,268,1,"Equus","Equus asinus"
"401","GANGAPGIAGAPGFPGARGPSGPQGPSGPPGPK",10,2,2997.33897197247,236,268,1,"Equus","Equus asinus"
"402","GPSGPQGPSGPPGPK",0,0,1316.65235459805,254,268,0,"Equus","Equus asinus"
"403","GPSGPQGPSGPPGPK",0,1,1317.63636493683,254,268,0,"Equus","Equus asinus"
"404","GPSGPQGPSGPPGPK",1,0,1332.64726483822,254,268,0,"Equus","Equus asinus"
"405","GPSGPQGPSGPPGPK",1,1,1333.631275177,254,268,0,"Equus","Equus asinus"
"406","GPSGPQGPSGPPGPK",2,0,1348.64217507839,254,268,0,"Equus","Equus asinus"
"407","GPSGPQGPSGPPGPK",2,1,1349.62618541718,254,268,0,"Equus","Equus asinus"
"408","GPSGPQGPSGPPGPK",3,0,1364.63708531857,254,268,0,"Equus","Equus asinus"
"409","GPSGPQGPSGPPGPK",3,1,1365.62109565735,254,268,0,"Equus","Equus asinus"
"410","GPSGPQGPSGPPGPK",4,0,1380.63199555874,254,268,0,"Equus","Equus asinus"
"411","GPSGPQGPSGPPGPK",4,1,1381.61600589752,254,268,0,"Equus","Equus asinus"
"412","GPSGPQGPSGPPGPK",5,0,1396.62690579891,254,268,0,"Equus","Equus asinus"
"413","GPSGPQGPSGPPGPK",5,1,1397.6109161377,254,268,0,"Equus","Equus asinus"
"414","GPSGPQGPSGPPGPK",6,0,1412.62181603909,254,268,0,"Equus","Equus asinus"
"415","GPSGPQGPSGPPGPK",6,1,1413.60582637787,254,268,0,"Equus","Equus asinus"
"416","GPSGPQGPSGPPGPK",7,0,1428.61672627926,254,268,0,"Equus","Equus asinus"
"417","GPSGPQGPSGPPGPK",7,1,1429.60073661804,254,268,0,"Equus","Equus asinus"
"418","GPSGPQGPSGPPGPKGNSGEPGAPGNK",0,0,2382.13648843765,254,280,1,"Equus","Equus asinus"
"419","GPSGPQGPSGPPGPKGNSGEPGAPGNK",0,1,2383.12049877644,254,280,1,"Equus","Equus asinus"
"420","GPSGPQGPSGPPGPKGNSGEPGAPGNK",0,2,2384.10450911522,254,280,1,"Equus","Equus asinus"
"421","GPSGPQGPSGPPGPKGNSGEPGAPGNK",0,3,2385.088519454,254,280,1,"Equus","Equus asinus"
"422","GPSGPQGPSGPPGPKGNSGEPGAPGNK",1,0,2398.13139867783,254,280,1,"Equus","Equus asinus"
"423","GPSGPQGPSGPPGPKGNSGEPGAPGNK",1,1,2399.11540901661,254,280,1,"Equus","Equus asinus"
"424","GPSGPQGPSGPPGPKGNSGEPGAPGNK",1,2,2400.09941935539,254,280,1,"Equus","Equus asinus"
"425","GPSGPQGPSGPPGPKGNSGEPGAPGNK",1,3,2401.08342969418,254,280,1,"Equus","Equus asinus"
"426","GPSGPQGPSGPPGPKGNSGEPGAPGNK",2,0,2414.126308918,254,280,1,"Equus","Equus asinus"
"427","GPSGPQGPSGPPGPKGNSGEPGAPGNK",2,1,2415.11031925678,254,280,1,"Equus","Equus asinus"
"428","GPSGPQGPSGPPGPKGNSGEPGAPGNK",2,2,2416.09432959557,254,280,1,"Equus","Equus asinus"
"429","GPSGPQGPSGPPGPKGNSGEPGAPGNK",2,3,2417.07833993435,254,280,1,"Equus","Equus asinus"
"430","GPSGPQGPSGPPGPKGNSGEPGAPGNK",3,0,2430.12121915817,254,280,1,"Equus","Equus asinus"
"431","GPSGPQGPSGPPGPKGNSGEPGAPGNK",3,1,2431.10522949696,254,280,1,"Equus","Equus asinus"
"432","GPSGPQGPSGPPGPKGNSGEPGAPGNK",3,2,2432.08923983574,254,280,1,"Equus","Equus asinus"
"433","GPSGPQGPSGPPGPKGNSGEPGAPGNK",3,3,2433.07325017452,254,280,1,"Equus","Equus asinus"
"434","GPSGPQGPSGPPGPKGNSGEPGAPGNK",4,0,2446.11612939835,254,280,1,"Equus","Equus asinus"
"435","GPSGPQGPSGPPGPKGNSGEPGAPGNK",4,1,2447.10013973713,254,280,1,"Equus","Equus asinus"
"436","GPSGPQGPSGPPGPKGNSGEPGAPGNK",4,2,2448.08415007591,254,280,1,"Equus","Equus asinus"
"437","GPSGPQGPSGPPGPKGNSGEPGAPGNK",4,3,2449.0681604147,254,280,1,"Equus","Equus asinus"
"438","GPSGPQGPSGPPGPKGNSGEPGAPGNK",5,0,2462.11103963852,254,280,1,"Equus","Equus asinus"
"439","GPSGPQGPSGPPGPKGNSGEPGAPGNK",5,1,2463.0950499773,254,280,1,"Equus","Equus asinus"
"440","GPSGPQGPSGPPGPKGNSGEPGAPGNK",5,2,2464.07906031609,254,280,1,"Equus","Equus asinus"
"441","GPSGPQGPSGPPGPKGNSGEPGAPGNK",5,3,2465.06307065487,254,280,1,"Equus","Equus asinus"
"442","GPSGPQGPSGPPGPKGNSGEPGAPGNK",6,0,2478.10594987869,254,280,1,"Equus","Equus asinus"
"443","GPSGPQGPSGPPGPKGNSGEPGAPGNK",6,1,2479.08996021748,254,280,1,"Equus","Equus asinus"
"444","GPSGPQGPSGPPGPKGNSGEPGAPGNK",6,2,2480.07397055626,254,280,1,"Equus","Equus asinus"
"445","GPSGPQGPSGPPGPKGNSGEPGAPGNK",6,3,2481.05798089504,254,280,1,"Equus","Equus asinus"
"446","GPSGPQGPSGPPGPKGNSGEPGAPGNK",7,0,2494.10086011887,254,280,1,"Equus","Equus asinus"
"447","GPSGPQGPSGPPGPKGNSGEPGAPGNK",7,1,2495.08487045765,254,280,1,"Equus","Equus asinus"
"448","GPSGPQGPSGPPGPKGNSGEPGAPGNK",7,2,2496.06888079643,254,280,1,"Equus","Equus asinus"
"449","GPSGPQGPSGPPGPKGNSGEPGAPGNK",7,3,2497.05289113522,254,280,1,"Equus","Equus asinus"
"450","GPSGPQGPSGPPGPKGNSGEPGAPGNK",8,0,2510.09577035904,254,280,1,"Equus","Equus asinus"
"451","GPSGPQGPSGPPGPKGNSGEPGAPGNK",8,1,2511.07978069782,254,280,1,"Equus","Equus asinus"
"452","GPSGPQGPSGPPGPKGNSGEPGAPGNK",8,2,2512.06379103661,254,280,1,"Equus","Equus asinus"
"453","GPSGPQGPSGPPGPKGNSGEPGAPGNK",8,3,2513.04780137539,254,280,1,"Equus","Equus asinus"
"454","GPSGPQGPSGPPGPKGNSGEPGAPGNK",9,0,2526.09068059921,254,280,1,"Equus","Equus asinus"
"455","GPSGPQGPSGPPGPKGNSGEPGAPGNK",9,1,2527.074690938,254,280,1,"Equus","Equus asinus"
"456","GPSGPQGPSGPPGPKGNSGEPGAPGNK",9,2,2528.05870127678,254,280,1,"Equus","Equus asinus"
"457","GPSGPQGPSGPPGPKGNSGEPGAPGNK",9,3,2529.04271161556,254,280,1,"Equus","Equus asinus"
"458","GPSGPQGPSGPPGPKGNSGEPGAPGNK",10,0,2542.08559083939,254,280,1,"Equus","Equus asinus"
"459","GPSGPQGPSGPPGPKGNSGEPGAPGNK",10,1,2543.06960117817,254,280,1,"Equus","Equus asinus"
"460","GPSGPQGPSGPPGPKGNSGEPGAPGNK",10,2,2544.05361151695,254,280,1,"Equus","Equus asinus"
"461","GPSGPQGPSGPPGPKGNSGEPGAPGNK",10,3,2545.03762185574,254,280,1,"Equus","Equus asinus"
"462","GNSGEPGAPGNK",0,0,1084.49470412731,269,280,0,"Equus","Equus asinus"
"463","GNSGEPGAPGNK",0,1,1085.47871446609,269,280,0,"Equus","Equus asinus"
"464","GNSGEPGAPGNK",0,2,1086.46272480488,269,280,0,"Equus","Equus asinus"
"465","GNSGEPGAPGNK",1,0,1100.48961436749,269,280,0,"Equus","Equus asinus"
"466","GNSGEPGAPGNK",1,1,1101.47362470627,269,280,0,"Equus","Equus asinus"
"467","GNSGEPGAPGNK",1,2,1102.45763504505,269,280,0,"Equus","Equus asinus"
"468","GNSGEPGAPGNK",2,0,1116.48452460766,269,280,0,"Equus","Equus asinus"
"469","GNSGEPGAPGNK",2,1,1117.46853494644,269,280,0,"Equus","Equus asinus"
"470","GNSGEPGAPGNK",2,2,1118.45254528522,269,280,0,"Equus","Equus asinus"
"471","GNSGEPGAPGNK",3,0,1132.47943484783,269,280,0,"Equus","Equus asinus"
"472","GNSGEPGAPGNK",3,1,1133.46344518661,269,280,0,"Equus","Equus asinus"
"473","GNSGEPGAPGNK",3,2,1134.4474555254,269,280,0,"Equus","Equus asinus"
"474","GNSGEPGAPGNKGDTGAK",0,0,1613.74443626404,269,286,1,"Equus","Equus asinus"
"475","GNSGEPGAPGNKGDTGAK",0,1,1614.72844660282,269,286,1,"Equus","Equus asinus"
"476","GNSGEPGAPGNKGDTGAK",0,2,1615.7124569416,269,286,1,"Equus","Equus asinus"
"477","GNSGEPGAPGNKGDTGAK",1,0,1629.73934650421,269,286,1,"Equus","Equus asinus"
"478","GNSGEPGAPGNKGDTGAK",1,1,1630.72335684299,269,286,1,"Equus","Equus asinus"
"479","GNSGEPGAPGNKGDTGAK",1,2,1631.70736718178,269,286,1,"Equus","Equus asinus"
"480","GNSGEPGAPGNKGDTGAK",2,0,1645.73425674438,269,286,1,"Equus","Equus asinus"
"481","GNSGEPGAPGNKGDTGAK",2,1,1646.71826708317,269,286,1,"Equus","Equus asinus"
"482","GNSGEPGAPGNKGDTGAK",2,2,1647.70227742195,269,286,1,"Equus","Equus asinus"
"483","GNSGEPGAPGNKGDTGAK",3,0,1661.72916698456,269,286,1,"Equus","Equus asinus"
"484","GNSGEPGAPGNKGDTGAK",3,1,1662.71317732334,269,286,1,"Equus","Equus asinus"
"485","GNSGEPGAPGNKGDTGAK",3,2,1663.69718766212,269,286,1,"Equus","Equus asinus"
"486","GNSGEPGAPGNKGDTGAK",4,0,1677.72407722473,269,286,1,"Equus","Equus asinus"
"487","GNSGEPGAPGNKGDTGAK",4,1,1678.70808756351,269,286,1,"Equus","Equus asinus"
"488","GNSGEPGAPGNKGDTGAK",4,2,1679.6920979023,269,286,1,"Equus","Equus asinus"
"489","GDTGAKGEPGPTGIQGPPGPAGEEGK",0,0,2361.12492930889,281,306,1,"Equus","Equus asinus"
"490","GDTGAKGEPGPTGIQGPPGPAGEEGK",0,1,2362.10893964767,281,306,1,"Equus","Equus asinus"
"491","GDTGAKGEPGPTGIQGPPGPAGEEGK",1,0,2377.11983954906,281,306,1,"Equus","Equus asinus"
"492","GDTGAKGEPGPTGIQGPPGPAGEEGK",1,1,2378.10384988785,281,306,1,"Equus","Equus asinus"
"493","GDTGAKGEPGPTGIQGPPGPAGEEGK",2,0,2393.11474978924,281,306,1,"Equus","Equus asinus"
"494","GDTGAKGEPGPTGIQGPPGPAGEEGK",2,1,2394.09876012802,281,306,1,"Equus","Equus asinus"
"495","GDTGAKGEPGPTGIQGPPGPAGEEGK",3,0,2409.10966002941,281,306,1,"Equus","Equus asinus"
"496","GDTGAKGEPGPTGIQGPPGPAGEEGK",3,1,2410.09367036819,281,306,1,"Equus","Equus asinus"
"497","GDTGAKGEPGPTGIQGPPGPAGEEGK",4,0,2425.10457026958,281,306,1,"Equus","Equus asinus"
"498","GDTGAKGEPGPTGIQGPPGPAGEEGK",4,1,2426.08858060837,281,306,1,"Equus","Equus asinus"
"499","GDTGAKGEPGPTGIQGPPGPAGEEGK",5,0,2441.09948050976,281,306,1,"Equus","Equus asinus"
"500","GDTGAKGEPGPTGIQGPPGPAGEEGK",5,1,2442.08349084854,281,306,1,"Equus","Equus asinus"
"501","GDTGAKGEPGPTGIQGPPGPAGEEGK",6,0,2457.09439074993,281,306,1,"Equus","Equus asinus"
"502","GDTGAKGEPGPTGIQGPPGPAGEEGK",6,1,2458.07840108871,281,306,1,"Equus","Equus asinus"
"503","GDTGAKGEPGPTGIQGPPGPAGEEGK",7,0,2473.0893009901,281,306,1,"Equus","Equus asinus"
"504","GDTGAKGEPGPTGIQGPPGPAGEEGK",7,1,2474.07331132889,281,306,1,"Equus","Equus asinus"
"505","GEPGPTGIQGPPGPAGEEGK",0,0,1831.87519717216,287,306,0,"Equus","Equus asinus"
"506","GEPGPTGIQGPPGPAGEEGK",0,1,1832.85920751095,287,306,0,"Equus","Equus asinus"
"507","GEPGPTGIQGPPGPAGEEGK",1,0,1847.87010741234,287,306,0,"Equus","Equus asinus"
"508","GEPGPTGIQGPPGPAGEEGK",1,1,1848.85411775112,287,306,0,"Equus","Equus asinus"
"509","GEPGPTGIQGPPGPAGEEGK",2,0,1863.86501765251,287,306,0,"Equus","Equus asinus"
"510","GEPGPTGIQGPPGPAGEEGK",2,1,1864.84902799129,287,306,0,"Equus","Equus asinus"
"511","GEPGPTGIQGPPGPAGEEGK",3,0,1879.85992789268,287,306,0,"Equus","Equus asinus"
"512","GEPGPTGIQGPPGPAGEEGK",3,1,1880.84393823147,287,306,0,"Equus","Equus asinus"
"513","GEPGPTGIQGPPGPAGEEGK",4,0,1895.85483813286,287,306,0,"Equus","Equus asinus"
"514","GEPGPTGIQGPPGPAGEEGK",4,1,1896.83884847164,287,306,0,"Equus","Equus asinus"
"515","GEPGPTGIQGPPGPAGEEGK",5,0,1911.84974837303,287,306,0,"Equus","Equus asinus"
"516","GEPGPTGIQGPPGPAGEEGK",5,1,1912.83375871181,287,306,0,"Equus","Equus asinus"
"517","GEPGPTGIQGPPGPAGEEGK",6,0,1927.8446586132,287,306,0,"Equus","Equus asinus"
"518","GEPGPTGIQGPPGPAGEEGK",6,1,1928.82866895199,287,306,0,"Equus","Equus asinus"
"519","GEPGPTGIQGPPGPAGEEGKR",0,0,1987.97634720802,287,307,1,"Equus","Equus asinus"
"520","GEPGPTGIQGPPGPAGEEGKR",0,1,1988.96035754681,287,307,1,"Equus","Equus asinus"
"521","GEPGPTGIQGPPGPAGEEGKR",1,0,2003.9712574482,287,307,1,"Equus","Equus asinus"
"522","GEPGPTGIQGPPGPAGEEGKR",1,1,2004.95526778698,287,307,1,"Equus","Equus asinus"
"523","GEPGPTGIQGPPGPAGEEGKR",2,0,2019.96616768837,287,307,1,"Equus","Equus asinus"
"524","GEPGPTGIQGPPGPAGEEGKR",2,1,2020.95017802715,287,307,1,"Equus","Equus asinus"
"525","GEPGPTGIQGPPGPAGEEGKR",3,0,2035.96107792854,287,307,1,"Equus","Equus asinus"
"526","GEPGPTGIQGPPGPAGEEGKR",3,1,2036.94508826733,287,307,1,"Equus","Equus asinus"
"527","GEPGPTGIQGPPGPAGEEGKR",4,0,2051.95598816872,287,307,1,"Equus","Equus asinus"
"528","GEPGPTGIQGPPGPAGEEGKR",4,1,2052.9399985075,287,307,1,"Equus","Equus asinus"
"529","GEPGPTGIQGPPGPAGEEGKR",5,0,2067.95089840889,287,307,1,"Equus","Equus asinus"
"530","GEPGPTGIQGPPGPAGEEGKR",5,1,2068.93490874767,287,307,1,"Equus","Equus asinus"
"531","GEPGPTGIQGPPGPAGEEGKR",6,0,2083.94580864906,287,307,1,"Equus","Equus asinus"
"532","GEPGPTGIQGPPGPAGEEGKR",6,1,2084.92981898785,287,307,1,"Equus","Equus asinus"
"533","GARGEPGPTGLPGPPGER",0,0,1701.85980558395,308,325,1,"Equus","Equus asinus"
"534","GARGEPGPTGLPGPPGER",1,0,1717.85471582413,308,325,1,"Equus","Equus asinus"
"535","GARGEPGPTGLPGPPGER",2,0,1733.8496260643,308,325,1,"Equus","Equus asinus"
"536","GARGEPGPTGLPGPPGER",3,0,1749.84453630447,308,325,1,"Equus","Equus asinus"
"537","GARGEPGPTGLPGPPGER",4,0,1765.83944654465,308,325,1,"Equus","Equus asinus"
"538","GARGEPGPTGLPGPPGER",5,0,1781.83435678482,308,325,1,"Equus","Equus asinus"
"539","GEPGPTGLPGPPGER",0,0,1417.70005512238,311,325,0,"Equus","Equus asinus"
"540","GEPGPTGLPGPPGER",1,0,1433.69496536255,311,325,0,"Equus","Equus asinus"
"541","GEPGPTGLPGPPGER",2,0,1449.68987560272,311,325,0,"Equus","Equus asinus"
"542","GEPGPTGLPGPPGER",3,0,1465.6847858429,311,325,0,"Equus","Equus asinus"
"543","GEPGPTGLPGPPGER",4,0,1481.67969608307,311,325,0,"Equus","Equus asinus"
"544","GEPGPTGLPGPPGER",5,0,1497.67460632324,311,325,0,"Equus","Equus asinus"
"545","GEPGPTGLPGPPGERGGPGAR",0,0,1912.9555362463,311,331,1,"Equus","Equus asinus"
"546","GEPGPTGLPGPPGERGGPGAR",1,0,1928.95044648647,311,331,1,"Equus","Equus asinus"
"547","GEPGPTGLPGPPGERGGPGAR",2,0,1944.94535672665,311,331,1,"Equus","Equus asinus"
"548","GEPGPTGLPGPPGERGGPGAR",3,0,1960.94026696682,311,331,1,"Equus","Equus asinus"
"549","GEPGPTGLPGPPGERGGPGAR",4,0,1976.93517720699,311,331,1,"Equus","Equus asinus"
"550","GEPGPTGLPGPPGERGGPGAR",5,0,1992.93008744717,311,331,1,"Equus","Equus asinus"
"551","GEPGPTGLPGPPGERGGPGAR",6,0,2008.92499768734,311,331,1,"Equus","Equus asinus"
"552","GGPGARGFPGADGVAGPK",0,0,1567.79063487053,326,343,1,"Equus","Equus asinus"
"553","GGPGARGFPGADGVAGPK",1,0,1583.7855451107,326,343,1,"Equus","Equus asinus"
"554","GGPGARGFPGADGVAGPK",2,0,1599.78045535088,326,343,1,"Equus","Equus asinus"
"555","GGPGARGFPGADGVAGPK",3,0,1615.77536559105,326,343,1,"Equus","Equus asinus"
"556","GGPGARGFPGADGVAGPK",4,0,1631.77027583122,326,343,1,"Equus","Equus asinus"
"557","GFPGADGVAGPK",0,0,1072.5351537466,332,343,0,"Equus","Equus asinus"
"558","GFPGADGVAGPK",1,0,1088.53006398678,332,343,0,"Equus","Equus asinus"
"559","GFPGADGVAGPK",2,0,1104.52497422695,332,343,0,"Equus","Equus asinus"
"560","GFPGADGVAGPK",3,0,1120.51988446712,332,343,0,"Equus","Equus asinus"
"561","GFPGADGVAGPKGPAGER",0,0,1639.81177544594,332,349,1,"Equus","Equus asinus"
"562","GFPGADGVAGPKGPAGER",1,0,1655.80668568611,332,349,1,"Equus","Equus asinus"
"563","GFPGADGVAGPKGPAGER",2,0,1671.80159592628,332,349,1,"Equus","Equus asinus"
"564","GFPGADGVAGPKGPAGER",3,0,1687.79650616646,332,349,1,"Equus","Equus asinus"
"565","GFPGADGVAGPKGPAGER",4,0,1703.79141640663,332,349,1,"Equus","Equus asinus"
"566","GPAGERGAPGPAGPK",0,0,1318.67924416065,344,358,1,"Equus","Equus asinus"
"567","GPAGERGAPGPAGPK",1,0,1334.67415440083,344,358,1,"Equus","Equus asinus"
"568","GPAGERGAPGPAGPK",2,0,1350.669064641,344,358,1,"Equus","Equus asinus"
"569","GPAGERGAPGPAGPK",3,0,1366.66397488117,344,358,1,"Equus","Equus asinus"
"570","GPAGERGAPGPAGPK",4,0,1382.65888512135,344,358,1,"Equus","Equus asinus"
"571","GPAGERGAPGPAGPK",5,0,1398.65379536152,344,358,1,"Equus","Equus asinus"
"572","GAPGPAGPKGSPGEAGRPGEAGLPGAK",0,0,2340.19873785973,350,376,1,"Equus","Equus asinus"
"573","GAPGPAGPKGSPGEAGRPGEAGLPGAK",1,0,2356.1936480999,350,376,1,"Equus","Equus asinus"
"574","GAPGPAGPKGSPGEAGRPGEAGLPGAK",2,0,2372.18855834007,350,376,1,"Equus","Equus asinus"
"575","GAPGPAGPKGSPGEAGRPGEAGLPGAK",3,0,2388.18346858025,350,376,1,"Equus","Equus asinus"
"576","GAPGPAGPKGSPGEAGRPGEAGLPGAK",4,0,2404.17837882042,350,376,1,"Equus","Equus asinus"
"577","GAPGPAGPKGSPGEAGRPGEAGLPGAK",5,0,2420.17328906059,350,376,1,"Equus","Equus asinus"
"578","GAPGPAGPKGSPGEAGRPGEAGLPGAK",6,0,2436.16819930077,350,376,1,"Equus","Equus asinus"
"579","GAPGPAGPKGSPGEAGRPGEAGLPGAK",7,0,2452.16310954094,350,376,1,"Equus","Equus asinus"
"580","GAPGPAGPKGSPGEAGRPGEAGLPGAK",8,0,2468.15801978111,350,376,1,"Equus","Equus asinus"
"581","GSPGEAGRPGEAGLPGAK",0,0,1607.80668568611,359,376,0,"Equus","Equus asinus"
"582","GSPGEAGRPGEAGLPGAK",1,0,1623.80159592628,359,376,0,"Equus","Equus asinus"
"583","GSPGEAGRPGEAGLPGAK",2,0,1639.79650616646,359,376,0,"Equus","Equus asinus"
"584","GSPGEAGRPGEAGLPGAK",3,0,1655.79141640663,359,376,0,"Equus","Equus asinus"
"585","GSPGEAGRPGEAGLPGAK",4,0,1671.7863266468,359,376,0,"Equus","Equus asinus"
"586","GSPGEAGRPGEAGLPGAKGLTGSPGSPGPDGK",0,0,2815.39026033878,359,390,1,"Equus","Equus asinus"
"587","GSPGEAGRPGEAGLPGAKGLTGSPGSPGPDGK",1,0,2831.38517057896,359,390,1,"Equus","Equus asinus"
"588","GSPGEAGRPGEAGLPGAKGLTGSPGSPGPDGK",2,0,2847.38008081913,359,390,1,"Equus","Equus asinus"
"589","GSPGEAGRPGEAGLPGAKGLTGSPGSPGPDGK",3,0,2863.3749910593,359,390,1,"Equus","Equus asinus"
"590","GSPGEAGRPGEAGLPGAKGLTGSPGSPGPDGK",4,0,2879.36990129948,359,390,1,"Equus","Equus asinus"
"591","GSPGEAGRPGEAGLPGAKGLTGSPGSPGPDGK",5,0,2895.36481153965,359,390,1,"Equus","Equus asinus"
"592","GSPGEAGRPGEAGLPGAKGLTGSPGSPGPDGK",6,0,2911.35972177982,359,390,1,"Equus","Equus asinus"
"593","GSPGEAGRPGEAGLPGAKGLTGSPGSPGPDGK",7,0,2927.35463202,359,390,1,"Equus","Equus asinus"
"594","GSPGEAGRPGEAGLPGAKGLTGSPGSPGPDGK",8,0,2943.34954226017,359,390,1,"Equus","Equus asinus"
"595","GLTGSPGSPGPDGK",0,0,1226.59414494038,377,390,0,"Equus","Equus asinus"
"596","GLTGSPGSPGPDGK",1,0,1242.58905518055,377,390,0,"Equus","Equus asinus"
"597","GLTGSPGSPGPDGK",2,0,1258.58396542072,377,390,0,"Equus","Equus asinus"
"598","GLTGSPGSPGPDGK",3,0,1274.5788756609,377,390,0,"Equus","Equus asinus"
"599","GLTGSPGSPGPDGK",4,0,1290.57378590107,377,390,0,"Equus","Equus asinus"
"600","GLTGSPGSPGPDGKTGPPGPAGQDGRPGPPGPPGAR",0,0,3200.57657074928,377,412,1,"Equus","Equus asinus"
"601","GLTGSPGSPGPDGKTGPPGPAGQDGRPGPPGPPGAR",0,1,3201.56058108807,377,412,1,"Equus","Equus asinus"
"602","GLTGSPGSPGPDGKTGPPGPAGQDGRPGPPGPPGAR",1,0,3216.57148098946,377,412,1,"Equus","Equus asinus"
"603","GLTGSPGSPGPDGKTGPPGPAGQDGRPGPPGPPGAR",1,1,3217.55549132824,377,412,1,"Equus","Equus asinus"
"604","GLTGSPGSPGPDGKTGPPGPAGQDGRPGPPGPPGAR",2,0,3232.56639122963,377,412,1,"Equus","Equus asinus"
"605","GLTGSPGSPGPDGKTGPPGPAGQDGRPGPPGPPGAR",2,1,3233.55040156841,377,412,1,"Equus","Equus asinus"
"606","GLTGSPGSPGPDGKTGPPGPAGQDGRPGPPGPPGAR",3,0,3248.5613014698,377,412,1,"Equus","Equus asinus"
"607","GLTGSPGSPGPDGKTGPPGPAGQDGRPGPPGPPGAR",3,1,3249.54531180859,377,412,1,"Equus","Equus asinus"
"608","GLTGSPGSPGPDGKTGPPGPAGQDGRPGPPGPPGAR",4,0,3264.55621170998,377,412,1,"Equus","Equus asinus"
"609","GLTGSPGSPGPDGKTGPPGPAGQDGRPGPPGPPGAR",4,1,3265.54022204876,377,412,1,"Equus","Equus asinus"
"610","GLTGSPGSPGPDGKTGPPGPAGQDGRPGPPGPPGAR",5,0,3280.55112195015,377,412,1,"Equus","Equus asinus"
"611","GLTGSPGSPGPDGKTGPPGPAGQDGRPGPPGPPGAR",5,1,3281.53513228893,377,412,1,"Equus","Equus asinus"
"612","GLTGSPGSPGPDGKTGPPGPAGQDGRPGPPGPPGAR",6,0,3296.54603219032,377,412,1,"Equus","Equus asinus"
"613","GLTGSPGSPGPDGKTGPPGPAGQDGRPGPPGPPGAR",6,1,3297.53004252911,377,412,1,"Equus","Equus asinus"
"614","GLTGSPGSPGPDGKTGPPGPAGQDGRPGPPGPPGAR",7,0,3312.5409424305,377,412,1,"Equus","Equus asinus"
"615","GLTGSPGSPGPDGKTGPPGPAGQDGRPGPPGPPGAR",7,1,3313.52495276928,377,412,1,"Equus","Equus asinus"
"616","GLTGSPGSPGPDGKTGPPGPAGQDGRPGPPGPPGAR",8,0,3328.53585267067,377,412,1,"Equus","Equus asinus"
"617","GLTGSPGSPGPDGKTGPPGPAGQDGRPGPPGPPGAR",8,1,3329.51986300945,377,412,1,"Equus","Equus asinus"
"618","GLTGSPGSPGPDGKTGPPGPAGQDGRPGPPGPPGAR",9,0,3344.53076291084,377,412,1,"Equus","Equus asinus"
"619","GLTGSPGSPGPDGKTGPPGPAGQDGRPGPPGPPGAR",9,1,3345.51477324963,377,412,1,"Equus","Equus asinus"
"620","GLTGSPGSPGPDGKTGPPGPAGQDGRPGPPGPPGAR",10,0,3360.52567315102,377,412,1,"Equus","Equus asinus"
"621","GLTGSPGSPGPDGKTGPPGPAGQDGRPGPPGPPGAR",10,1,3361.5096834898,377,412,1,"Equus","Equus asinus"
"622","GLTGSPGSPGPDGKTGPPGPAGQDGRPGPPGPPGAR",11,0,3376.52058339119,377,412,1,"Equus","Equus asinus"
"623","GLTGSPGSPGPDGKTGPPGPAGQDGRPGPPGPPGAR",11,1,3377.50459372997,377,412,1,"Equus","Equus asinus"
"624","GLTGSPGSPGPDGKTGPPGPAGQDGRPGPPGPPGAR",12,0,3392.51549363136,377,412,1,"Equus","Equus asinus"
"625","GLTGSPGSPGPDGKTGPPGPAGQDGRPGPPGPPGAR",12,1,3393.49950397015,377,412,1,"Equus","Equus asinus"
"626","TGPPGPAGQDGRPGPPGPPGAR",0,0,1992.99299609661,391,412,0,"Equus","Equus asinus"
"627","TGPPGPAGQDGRPGPPGPPGAR",0,1,1993.97700643539,391,412,0,"Equus","Equus asinus"
"628","TGPPGPAGQDGRPGPPGPPGAR",1,0,2008.98790633678,391,412,0,"Equus","Equus asinus"
"629","TGPPGPAGQDGRPGPPGPPGAR",1,1,2009.97191667557,391,412,0,"Equus","Equus asinus"
"630","TGPPGPAGQDGRPGPPGPPGAR",2,0,2024.98281657696,391,412,0,"Equus","Equus asinus"
"631","TGPPGPAGQDGRPGPPGPPGAR",2,1,2025.96682691574,391,412,0,"Equus","Equus asinus"
"632","TGPPGPAGQDGRPGPPGPPGAR",3,0,2040.97772681713,391,412,0,"Equus","Equus asinus"
"633","TGPPGPAGQDGRPGPPGPPGAR",3,1,2041.96173715591,391,412,0,"Equus","Equus asinus"
"634","TGPPGPAGQDGRPGPPGPPGAR",4,0,2056.9726370573,391,412,0,"Equus","Equus asinus"
"635","TGPPGPAGQDGRPGPPGPPGAR",4,1,2057.95664739609,391,412,0,"Equus","Equus asinus"
"636","TGPPGPAGQDGRPGPPGPPGAR",5,0,2072.96754729748,391,412,0,"Equus","Equus asinus"
"637","TGPPGPAGQDGRPGPPGPPGAR",5,1,2073.95155763626,391,412,0,"Equus","Equus asinus"
"638","TGPPGPAGQDGRPGPPGPPGAR",6,0,2088.96245753765,391,412,0,"Equus","Equus asinus"
"639","TGPPGPAGQDGRPGPPGPPGAR",6,1,2089.94646787643,391,412,0,"Equus","Equus asinus"
"640","TGPPGPAGQDGRPGPPGPPGAR",7,0,2104.95736777782,391,412,0,"Equus","Equus asinus"
"641","TGPPGPAGQDGRPGPPGPPGAR",7,1,2105.94137811661,391,412,0,"Equus","Equus asinus"
"642","TGPPGPAGQDGRPGPPGPPGAR",8,0,2120.952278018,391,412,0,"Equus","Equus asinus"
"643","TGPPGPAGQDGRPGPPGPPGAR",8,1,2121.93628835678,391,412,0,"Equus","Equus asinus"
"644","TGPPGPAGQDGRPGPPGPPGARGQAGVMGFPGPK",0,0,3119.55262005329,391,424,1,"Equus","Equus asinus"
"645","TGPPGPAGQDGRPGPPGPPGARGQAGVMGFPGPK",0,1,3120.53663039207,391,424,1,"Equus","Equus asinus"
"646","TGPPGPAGQDGRPGPPGPPGARGQAGVMGFPGPK",0,2,3121.52064073086,391,424,1,"Equus","Equus asinus"
"647","TGPPGPAGQDGRPGPPGPPGARGQAGVMGFPGPK",1,0,3135.54753029346,391,424,1,"Equus","Equus asinus"
"648","TGPPGPAGQDGRPGPPGPPGARGQAGVMGFPGPK",1,1,3136.53154063225,391,424,1,"Equus","Equus asinus"
"649","TGPPGPAGQDGRPGPPGPPGARGQAGVMGFPGPK",1,2,3137.51555097103,391,424,1,"Equus","Equus asinus"
"650","TGPPGPAGQDGRPGPPGPPGARGQAGVMGFPGPK",2,0,3151.54244053364,391,424,1,"Equus","Equus asinus"
"651","TGPPGPAGQDGRPGPPGPPGARGQAGVMGFPGPK",2,1,3152.52645087242,391,424,1,"Equus","Equus asinus"
"652","TGPPGPAGQDGRPGPPGPPGARGQAGVMGFPGPK",2,2,3153.5104612112,391,424,1,"Equus","Equus asinus"
"653","TGPPGPAGQDGRPGPPGPPGARGQAGVMGFPGPK",3,0,3167.53735077381,391,424,1,"Equus","Equus asinus"
"654","TGPPGPAGQDGRPGPPGPPGARGQAGVMGFPGPK",3,1,3168.52136111259,391,424,1,"Equus","Equus asinus"
"655","TGPPGPAGQDGRPGPPGPPGARGQAGVMGFPGPK",3,2,3169.50537145138,391,424,1,"Equus","Equus asinus"
"656","TGPPGPAGQDGRPGPPGPPGARGQAGVMGFPGPK",4,0,3183.53226101398,391,424,1,"Equus","Equus asinus"
"657","TGPPGPAGQDGRPGPPGPPGARGQAGVMGFPGPK",4,1,3184.51627135277,391,424,1,"Equus","Equus asinus"
"658","TGPPGPAGQDGRPGPPGPPGARGQAGVMGFPGPK",4,2,3185.50028169155,391,424,1,"Equus","Equus asinus"
"659","TGPPGPAGQDGRPGPPGPPGARGQAGVMGFPGPK",5,0,3199.52717125416,391,424,1,"Equus","Equus asinus"
"660","TGPPGPAGQDGRPGPPGPPGARGQAGVMGFPGPK",5,1,3200.51118159294,391,424,1,"Equus","Equus asinus"
"661","TGPPGPAGQDGRPGPPGPPGARGQAGVMGFPGPK",5,2,3201.49519193172,391,424,1,"Equus","Equus asinus"
"662","TGPPGPAGQDGRPGPPGPPGARGQAGVMGFPGPK",6,0,3215.52208149433,391,424,1,"Equus","Equus asinus"
"663","TGPPGPAGQDGRPGPPGPPGARGQAGVMGFPGPK",6,1,3216.50609183311,391,424,1,"Equus","Equus asinus"
"664","TGPPGPAGQDGRPGPPGPPGARGQAGVMGFPGPK",6,2,3217.4901021719,391,424,1,"Equus","Equus asinus"
"665","TGPPGPAGQDGRPGPPGPPGARGQAGVMGFPGPK",7,0,3231.5169917345,391,424,1,"Equus","Equus asinus"
"666","TGPPGPAGQDGRPGPPGPPGARGQAGVMGFPGPK",7,1,3232.50100207329,391,424,1,"Equus","Equus asinus"
"667","TGPPGPAGQDGRPGPPGPPGARGQAGVMGFPGPK",7,2,3233.48501241207,391,424,1,"Equus","Equus asinus"
"668","TGPPGPAGQDGRPGPPGPPGARGQAGVMGFPGPK",8,0,3247.51190197468,391,424,1,"Equus","Equus asinus"
"669","TGPPGPAGQDGRPGPPGPPGARGQAGVMGFPGPK",8,1,3248.49591231346,391,424,1,"Equus","Equus asinus"
"670","TGPPGPAGQDGRPGPPGPPGARGQAGVMGFPGPK",8,2,3249.47992265224,391,424,1,"Equus","Equus asinus"
"671","TGPPGPAGQDGRPGPPGPPGARGQAGVMGFPGPK",9,0,3263.50681221485,391,424,1,"Equus","Equus asinus"
"672","TGPPGPAGQDGRPGPPGPPGARGQAGVMGFPGPK",9,1,3264.49082255363,391,424,1,"Equus","Equus asinus"
"673","TGPPGPAGQDGRPGPPGPPGARGQAGVMGFPGPK",9,2,3265.47483289242,391,424,1,"Equus","Equus asinus"
"674","TGPPGPAGQDGRPGPPGPPGARGQAGVMGFPGPK",10,0,3279.50172245502,391,424,1,"Equus","Equus asinus"
"675","TGPPGPAGQDGRPGPPGPPGARGQAGVMGFPGPK",10,1,3280.48573279381,391,424,1,"Equus","Equus asinus"
"676","TGPPGPAGQDGRPGPPGPPGARGQAGVMGFPGPK",10,2,3281.46974313259,391,424,1,"Equus","Equus asinus"
"677","TGPPGPAGQDGRPGPPGPPGARGQAGVMGFPGPK",11,0,3295.4966326952,391,424,1,"Equus","Equus asinus"
"678","TGPPGPAGQDGRPGPPGPPGARGQAGVMGFPGPK",11,1,3296.48064303398,391,424,1,"Equus","Equus asinus"
"679","TGPPGPAGQDGRPGPPGPPGARGQAGVMGFPGPK",11,2,3297.46465337276,391,424,1,"Equus","Equus asinus"
"680","TGPPGPAGQDGRPGPPGPPGARGQAGVMGFPGPK",12,0,3311.49154293537,391,424,1,"Equus","Equus asinus"
"681","TGPPGPAGQDGRPGPPGPPGARGQAGVMGFPGPK",12,1,3312.47555327415,391,424,1,"Equus","Equus asinus"
"682","TGPPGPAGQDGRPGPPGPPGARGQAGVMGFPGPK",12,2,3313.45956361294,391,424,1,"Equus","Equus asinus"
"683","GQAGVMGFPGPK",0,0,1145.57019424438,413,424,0,"Equus","Equus asinus"
"684","GQAGVMGFPGPK",0,1,1146.55420458317,413,424,0,"Equus","Equus asinus"
"685","GQAGVMGFPGPK",1,0,1161.56510448456,413,424,0,"Equus","Equus asinus"
"686","GQAGVMGFPGPK",1,1,1162.54911482334,413,424,0,"Equus","Equus asinus"
"687","GQAGVMGFPGPK",2,0,1177.56001472473,413,424,0,"Equus","Equus asinus"
"688","GQAGVMGFPGPK",2,1,1178.54402506351,413,424,0,"Equus","Equus asinus"
"689","GQAGVMGFPGPK",3,0,1193.5549249649,413,424,0,"Equus","Equus asinus"
"690","GQAGVMGFPGPK",3,1,1194.53893530369,413,424,0,"Equus","Equus asinus"
"691","GQAGVMGFPGPK",4,0,1209.54983520508,413,424,0,"Equus","Equus asinus"
"692","GQAGVMGFPGPK",4,1,1210.53384554386,413,424,0,"Equus","Equus asinus"
"693","GQAGVMGFPGPKGAAGEPGK",0,0,1812.89927661419,413,432,1,"Equus","Equus asinus"
"694","GQAGVMGFPGPKGAAGEPGK",0,1,1813.88328695297,413,432,1,"Equus","Equus asinus"
"695","GQAGVMGFPGPKGAAGEPGK",1,0,1828.89418685436,413,432,1,"Equus","Equus asinus"
"696","GQAGVMGFPGPKGAAGEPGK",1,1,1829.87819719315,413,432,1,"Equus","Equus asinus"
"697","GQAGVMGFPGPKGAAGEPGK",2,0,1844.88909709454,413,432,1,"Equus","Equus asinus"
"698","GQAGVMGFPGPKGAAGEPGK",2,1,1845.87310743332,413,432,1,"Equus","Equus asinus"
"699","GQAGVMGFPGPKGAAGEPGK",3,0,1860.88400733471,413,432,1,"Equus","Equus asinus"
"700","GQAGVMGFPGPKGAAGEPGK",3,1,1861.86801767349,413,432,1,"Equus","Equus asinus"
"701","GQAGVMGFPGPKGAAGEPGK",4,0,1876.87891757488,413,432,1,"Equus","Equus asinus"
"702","GQAGVMGFPGPKGAAGEPGK",4,1,1877.86292791367,413,432,1,"Equus","Equus asinus"
"703","GQAGVMGFPGPKGAAGEPGK",5,0,1892.87382781506,413,432,1,"Equus","Equus asinus"
"704","GQAGVMGFPGPKGAAGEPGK",5,1,1893.85783815384,413,432,1,"Equus","Equus asinus"
"705","GQAGVMGFPGPKGAAGEPGK",6,0,1908.86873805523,413,432,1,"Equus","Equus asinus"
"706","GQAGVMGFPGPKGAAGEPGK",6,1,1909.85274839401,413,432,1,"Equus","Equus asinus"
"707","GAAGEPGKAGER",0,0,1099.54201388359,425,436,1,"Equus","Equus asinus"
"708","GAAGEPGKAGER",1,0,1115.53692412376,425,436,1,"Equus","Equus asinus"
"709","GAAGEPGKAGER",2,0,1131.53183436394,425,436,1,"Equus","Equus asinus"
"710","AGERGVPGPPGAVGPAGK",0,0,1573.83761501312,433,450,1,"Equus","Equus asinus"
"711","AGERGVPGPPGAVGPAGK",1,0,1589.8325252533,433,450,1,"Equus","Equus asinus"
"712","AGERGVPGPPGAVGPAGK",2,0,1605.82743549347,433,450,1,"Equus","Equus asinus"
"713","AGERGVPGPPGAVGPAGK",3,0,1621.82234573364,433,450,1,"Equus","Equus asinus"
"714","AGERGVPGPPGAVGPAGK",4,0,1637.81725597382,433,450,1,"Equus","Equus asinus"
"715","AGERGVPGPPGAVGPAGK",5,0,1653.81216621399,433,450,1,"Equus","Equus asinus"
"716","GVPGPPGAVGPAGK",0,0,1160.63525378704,437,450,0,"Equus","Equus asinus"
"717","GVPGPPGAVGPAGK",1,0,1176.63016402721,437,450,0,"Equus","Equus asinus"
"718","GVPGPPGAVGPAGK",2,0,1192.62507426739,437,450,0,"Equus","Equus asinus"
"719","GVPGPPGAVGPAGK",3,0,1208.61998450756,437,450,0,"Equus","Equus asinus"
"720","GVPGPPGAVGPAGK",4,0,1224.61489474773,437,450,0,"Equus","Equus asinus"
"721","GVPGPPGAVGPAGK",5,0,1240.60980498791,437,450,0,"Equus","Equus asinus"
"722","GVPGPPGAVGPAGKDGEAGAQGPPGPAGPAGER",0,0,2832.3956797123,437,469,1,"Equus","Equus asinus"
"723","GVPGPPGAVGPAGKDGEAGAQGPPGPAGPAGER",0,1,2833.37969005108,437,469,1,"Equus","Equus asinus"
"724","GVPGPPGAVGPAGKDGEAGAQGPPGPAGPAGER",1,0,2848.39058995247,437,469,1,"Equus","Equus asinus"
"725","GVPGPPGAVGPAGKDGEAGAQGPPGPAGPAGER",1,1,2849.37460029125,437,469,1,"Equus","Equus asinus"
"726","GVPGPPGAVGPAGKDGEAGAQGPPGPAGPAGER",2,0,2864.38550019264,437,469,1,"Equus","Equus asinus"
"727","GVPGPPGAVGPAGKDGEAGAQGPPGPAGPAGER",2,1,2865.36951053143,437,469,1,"Equus","Equus asinus"
"728","GVPGPPGAVGPAGKDGEAGAQGPPGPAGPAGER",3,0,2880.38041043282,437,469,1,"Equus","Equus asinus"
"729","GVPGPPGAVGPAGKDGEAGAQGPPGPAGPAGER",3,1,2881.3644207716,437,469,1,"Equus","Equus asinus"
"730","GVPGPPGAVGPAGKDGEAGAQGPPGPAGPAGER",4,0,2896.37532067299,437,469,1,"Equus","Equus asinus"
"731","GVPGPPGAVGPAGKDGEAGAQGPPGPAGPAGER",4,1,2897.35933101177,437,469,1,"Equus","Equus asinus"
"732","GVPGPPGAVGPAGKDGEAGAQGPPGPAGPAGER",5,0,2912.37023091316,437,469,1,"Equus","Equus asinus"
"733","GVPGPPGAVGPAGKDGEAGAQGPPGPAGPAGER",5,1,2913.35424125195,437,469,1,"Equus","Equus asinus"
"734","GVPGPPGAVGPAGKDGEAGAQGPPGPAGPAGER",6,0,2928.36514115334,437,469,1,"Equus","Equus asinus"
"735","GVPGPPGAVGPAGKDGEAGAQGPPGPAGPAGER",6,1,2929.34915149212,437,469,1,"Equus","Equus asinus"
"736","GVPGPPGAVGPAGKDGEAGAQGPPGPAGPAGER",7,0,2944.36005139351,437,469,1,"Equus","Equus asinus"
"737","GVPGPPGAVGPAGKDGEAGAQGPPGPAGPAGER",7,1,2945.34406173229,437,469,1,"Equus","Equus asinus"
"738","GVPGPPGAVGPAGKDGEAGAQGPPGPAGPAGER",8,0,2960.35496163368,437,469,1,"Equus","Equus asinus"
"739","GVPGPPGAVGPAGKDGEAGAQGPPGPAGPAGER",8,1,2961.33897197247,437,469,1,"Equus","Equus asinus"
"740","GVPGPPGAVGPAGKDGEAGAQGPPGPAGPAGER",9,0,2976.34987187386,437,469,1,"Equus","Equus asinus"
"741","GVPGPPGAVGPAGKDGEAGAQGPPGPAGPAGER",9,1,2977.33388221264,437,469,1,"Equus","Equus asinus"
"742","DGEAGAQGPPGPAGPAGER",0,0,1690.77099621296,451,469,0,"Equus","Equus asinus"
"743","DGEAGAQGPPGPAGPAGER",0,1,1691.75500655174,451,469,0,"Equus","Equus asinus"
"744","DGEAGAQGPPGPAGPAGER",1,0,1706.76590645313,451,469,0,"Equus","Equus asinus"
"745","DGEAGAQGPPGPAGPAGER",1,1,1707.74991679192,451,469,0,"Equus","Equus asinus"
"746","DGEAGAQGPPGPAGPAGER",2,0,1722.76081669331,451,469,0,"Equus","Equus asinus"
"747","DGEAGAQGPPGPAGPAGER",2,1,1723.74482703209,451,469,0,"Equus","Equus asinus"
"748","DGEAGAQGPPGPAGPAGER",3,0,1738.75572693348,451,469,0,"Equus","Equus asinus"
"749","DGEAGAQGPPGPAGPAGER",3,1,1739.73973727226,451,469,0,"Equus","Equus asinus"
"750","DGEAGAQGPPGPAGPAGER",4,0,1754.75063717365,451,469,0,"Equus","Equus asinus"
"751","DGEAGAQGPPGPAGPAGER",4,1,1755.73464751244,451,469,0,"Equus","Equus asinus"
"752","GERGFPGER",0,0,1004.48374307156,515,523,1,"Equus","Equus asinus"
"753","GERGFPGER",1,0,1020.47865331173,515,523,1,"Equus","Equus asinus"
"754","GFPGERGVQGPPGPAGPR",0,0,1732.880885005,518,535,1,"Equus","Equus asinus"
"755","GFPGERGVQGPPGPAGPR",0,1,1733.86489534378,518,535,1,"Equus","Equus asinus"
"756","GFPGERGVQGPPGPAGPR",1,0,1748.87579524517,518,535,1,"Equus","Equus asinus"
"757","GFPGERGVQGPPGPAGPR",1,1,1749.85980558395,518,535,1,"Equus","Equus asinus"
"758","GFPGERGVQGPPGPAGPR",2,0,1764.87070548534,518,535,1,"Equus","Equus asinus"
"759","GFPGERGVQGPPGPAGPR",2,1,1765.85471582413,518,535,1,"Equus","Equus asinus"
"760","GFPGERGVQGPPGPAGPR",3,0,1780.86561572552,518,535,1,"Equus","Equus asinus"
"761","GFPGERGVQGPPGPAGPR",3,1,1781.8496260643,518,535,1,"Equus","Equus asinus"
"762","GFPGERGVQGPPGPAGPR",4,0,1796.86052596569,518,535,1,"Equus","Equus asinus"
"763","GFPGERGVQGPPGPAGPR",4,1,1797.84453630447,518,535,1,"Equus","Equus asinus"
"764","GFPGERGVQGPPGPAGPR",5,0,1812.85543620586,518,535,1,"Equus","Equus asinus"
"765","GFPGERGVQGPPGPAGPR",5,1,1813.83944654465,518,535,1,"Equus","Equus asinus"
"766","GVQGPPGPAGPR",0,0,1089.5729432106,524,535,0,"Equus","Equus asinus"
"767","GVQGPPGPAGPR",0,1,1090.55695354939,524,535,0,"Equus","Equus asinus"
"768","GVQGPPGPAGPR",1,0,1105.56785345078,524,535,0,"Equus","Equus asinus"
"769","GVQGPPGPAGPR",1,1,1106.55186378956,524,535,0,"Equus","Equus asinus"
"770","GVQGPPGPAGPR",2,0,1121.56276369095,524,535,0,"Equus","Equus asinus"
"771","GVQGPPGPAGPR",2,1,1122.54677402973,524,535,0,"Equus","Equus asinus"
"772","GVQGPPGPAGPR",3,0,1137.55767393112,524,535,0,"Equus","Equus asinus"
"773","GVQGPPGPAGPR",3,1,1138.54168426991,524,535,0,"Equus","Equus asinus"
"774","GVQGPPGPAGPR",4,0,1153.5525841713,524,535,0,"Equus","Equus asinus"
"775","GVQGPPGPAGPR",4,1,1154.53659451008,524,535,0,"Equus","Equus asinus"
"776","GVQGPPGPAGPRGSNGAPGNDGAK",0,0,2115.02575695515,524,547,1,"Equus","Equus asinus"
"777","GVQGPPGPAGPRGSNGAPGNDGAK",0,1,2116.00976729393,524,547,1,"Equus","Equus asinus"
"778","GVQGPPGPAGPRGSNGAPGNDGAK",0,2,2116.99377763271,524,547,1,"Equus","Equus asinus"
"779","GVQGPPGPAGPRGSNGAPGNDGAK",0,3,2117.9777879715,524,547,1,"Equus","Equus asinus"
"780","GVQGPPGPAGPRGSNGAPGNDGAK",1,0,2131.02066719532,524,547,1,"Equus","Equus asinus"
"781","GVQGPPGPAGPRGSNGAPGNDGAK",1,1,2132.0046775341,524,547,1,"Equus","Equus asinus"
"782","GVQGPPGPAGPRGSNGAPGNDGAK",1,2,2132.98868787289,524,547,1,"Equus","Equus asinus"
"783","GVQGPPGPAGPRGSNGAPGNDGAK",1,3,2133.97269821167,524,547,1,"Equus","Equus asinus"
"784","GVQGPPGPAGPRGSNGAPGNDGAK",2,0,2147.01557743549,524,547,1,"Equus","Equus asinus"
"785","GVQGPPGPAGPRGSNGAPGNDGAK",2,1,2147.99958777428,524,547,1,"Equus","Equus asinus"
"786","GVQGPPGPAGPRGSNGAPGNDGAK",2,2,2148.98359811306,524,547,1,"Equus","Equus asinus"
"787","GVQGPPGPAGPRGSNGAPGNDGAK",2,3,2149.96760845184,524,547,1,"Equus","Equus asinus"
"788","GVQGPPGPAGPRGSNGAPGNDGAK",3,0,2163.01048767567,524,547,1,"Equus","Equus asinus"
"789","GVQGPPGPAGPRGSNGAPGNDGAK",3,1,2163.99449801445,524,547,1,"Equus","Equus asinus"
"790","GVQGPPGPAGPRGSNGAPGNDGAK",3,2,2164.97850835323,524,547,1,"Equus","Equus asinus"
"791","GVQGPPGPAGPRGSNGAPGNDGAK",3,3,2165.96251869202,524,547,1,"Equus","Equus asinus"
"792","GVQGPPGPAGPRGSNGAPGNDGAK",4,0,2179.00539791584,524,547,1,"Equus","Equus asinus"
"793","GVQGPPGPAGPRGSNGAPGNDGAK",4,1,2179.98940825462,524,547,1,"Equus","Equus asinus"
"794","GVQGPPGPAGPRGSNGAPGNDGAK",4,2,2180.97341859341,524,547,1,"Equus","Equus asinus"
"795","GVQGPPGPAGPRGSNGAPGNDGAK",4,3,2181.95742893219,524,547,1,"Equus","Equus asinus"
"796","GVQGPPGPAGPRGSNGAPGNDGAK",5,0,2195.00030815601,524,547,1,"Equus","Equus asinus"
"797","GVQGPPGPAGPRGSNGAPGNDGAK",5,1,2195.9843184948,524,547,1,"Equus","Equus asinus"
"798","GVQGPPGPAGPRGSNGAPGNDGAK",5,2,2196.96832883358,524,547,1,"Equus","Equus asinus"
"799","GVQGPPGPAGPRGSNGAPGNDGAK",5,3,2197.95233917236,524,547,1,"Equus","Equus asinus"
"800","GVQGPPGPAGPRGSNGAPGNDGAK",6,0,2210.99521839619,524,547,1,"Equus","Equus asinus"
"801","GVQGPPGPAGPRGSNGAPGNDGAK",6,1,2211.97922873497,524,547,1,"Equus","Equus asinus"
"802","GVQGPPGPAGPRGSNGAPGNDGAK",6,2,2212.96323907375,524,547,1,"Equus","Equus asinus"
"803","GVQGPPGPAGPRGSNGAPGNDGAK",6,3,2213.94724941254,524,547,1,"Equus","Equus asinus"
"804","GSNGAPGNDGAK",0,0,1044.46338403225,536,547,0,"Equus","Equus asinus"
"805","GSNGAPGNDGAK",0,1,1045.44739437103,536,547,0,"Equus","Equus asinus"
"806","GSNGAPGNDGAK",0,2,1046.43140470982,536,547,0,"Equus","Equus asinus"
"807","GSNGAPGNDGAK",1,0,1060.45829427242,536,547,0,"Equus","Equus asinus"
"808","GSNGAPGNDGAK",1,1,1061.44230461121,536,547,0,"Equus","Equus asinus"
"809","GSNGAPGNDGAK",1,2,1062.42631494999,536,547,0,"Equus","Equus asinus"
"810","GSNGAPGNDGAK",2,0,1076.4532045126,536,547,0,"Equus","Equus asinus"
"811","GSNGAPGNDGAK",2,1,1077.43721485138,536,547,0,"Equus","Equus asinus"
"812","GSNGAPGNDGAK",2,2,1078.42122519016,536,547,0,"Equus","Equus asinus"
"813","GSNGAPGNDGAKGDAGAPGAPGSQGAPGLQGMPGER",0,0,3160.43941187859,536,571,1,"Equus","Equus asinus"
"814","GSNGAPGNDGAKGDAGAPGAPGSQGAPGLQGMPGER",0,1,3161.42342221737,536,571,1,"Equus","Equus asinus"
"815","GSNGAPGNDGAKGDAGAPGAPGSQGAPGLQGMPGER",0,2,3162.40743255615,536,571,1,"Equus","Equus asinus"
"816","GSNGAPGNDGAKGDAGAPGAPGSQGAPGLQGMPGER",0,3,3163.39144289494,536,571,1,"Equus","Equus asinus"
"817","GSNGAPGNDGAKGDAGAPGAPGSQGAPGLQGMPGER",0,4,3164.37545323372,536,571,1,"Equus","Equus asinus"
"818","GSNGAPGNDGAKGDAGAPGAPGSQGAPGLQGMPGER",1,0,3176.43432211876,536,571,1,"Equus","Equus asinus"
"819","GSNGAPGNDGAKGDAGAPGAPGSQGAPGLQGMPGER",1,1,3177.41833245754,536,571,1,"Equus","Equus asinus"
"820","GSNGAPGNDGAKGDAGAPGAPGSQGAPGLQGMPGER",1,2,3178.40234279633,536,571,1,"Equus","Equus asinus"
"821","GSNGAPGNDGAKGDAGAPGAPGSQGAPGLQGMPGER",1,3,3179.38635313511,536,571,1,"Equus","Equus asinus"
"822","GSNGAPGNDGAKGDAGAPGAPGSQGAPGLQGMPGER",1,4,3180.37036347389,536,571,1,"Equus","Equus asinus"
"823","GSNGAPGNDGAKGDAGAPGAPGSQGAPGLQGMPGER",2,0,3192.42923235893,536,571,1,"Equus","Equus asinus"
"824","GSNGAPGNDGAKGDAGAPGAPGSQGAPGLQGMPGER",2,1,3193.41324269772,536,571,1,"Equus","Equus asinus"
"825","GSNGAPGNDGAKGDAGAPGAPGSQGAPGLQGMPGER",2,2,3194.3972530365,536,571,1,"Equus","Equus asinus"
"826","GSNGAPGNDGAKGDAGAPGAPGSQGAPGLQGMPGER",2,3,3195.38126337528,536,571,1,"Equus","Equus asinus"
"827","GSNGAPGNDGAKGDAGAPGAPGSQGAPGLQGMPGER",2,4,3196.36527371407,536,571,1,"Equus","Equus asinus"
"828","GSNGAPGNDGAKGDAGAPGAPGSQGAPGLQGMPGER",3,0,3208.42414259911,536,571,1,"Equus","Equus asinus"
"829","GSNGAPGNDGAKGDAGAPGAPGSQGAPGLQGMPGER",3,1,3209.40815293789,536,571,1,"Equus","Equus asinus"
"830","GSNGAPGNDGAKGDAGAPGAPGSQGAPGLQGMPGER",3,2,3210.39216327667,536,571,1,"Equus","Equus asinus"
"831","GSNGAPGNDGAKGDAGAPGAPGSQGAPGLQGMPGER",3,3,3211.37617361546,536,571,1,"Equus","Equus asinus"
"832","GSNGAPGNDGAKGDAGAPGAPGSQGAPGLQGMPGER",3,4,3212.36018395424,536,571,1,"Equus","Equus asinus"
"833","GSNGAPGNDGAKGDAGAPGAPGSQGAPGLQGMPGER",4,0,3224.41905283928,536,571,1,"Equus","Equus asinus"
"834","GSNGAPGNDGAKGDAGAPGAPGSQGAPGLQGMPGER",4,1,3225.40306317806,536,571,1,"Equus","Equus asinus"
"835","GSNGAPGNDGAKGDAGAPGAPGSQGAPGLQGMPGER",4,2,3226.38707351685,536,571,1,"Equus","Equus asinus"
"836","GSNGAPGNDGAKGDAGAPGAPGSQGAPGLQGMPGER",4,3,3227.37108385563,536,571,1,"Equus","Equus asinus"
"837","GSNGAPGNDGAKGDAGAPGAPGSQGAPGLQGMPGER",4,4,3228.35509419441,536,571,1,"Equus","Equus asinus"
"838","GSNGAPGNDGAKGDAGAPGAPGSQGAPGLQGMPGER",5,0,3240.41396307945,536,571,1,"Equus","Equus asinus"
"839","GSNGAPGNDGAKGDAGAPGAPGSQGAPGLQGMPGER",5,1,3241.39797341824,536,571,1,"Equus","Equus asinus"
"840","GSNGAPGNDGAKGDAGAPGAPGSQGAPGLQGMPGER",5,2,3242.38198375702,536,571,1,"Equus","Equus asinus"
"841","GSNGAPGNDGAKGDAGAPGAPGSQGAPGLQGMPGER",5,3,3243.3659940958,536,571,1,"Equus","Equus asinus"
"842","GSNGAPGNDGAKGDAGAPGAPGSQGAPGLQGMPGER",5,4,3244.35000443459,536,571,1,"Equus","Equus asinus"
"843","GSNGAPGNDGAKGDAGAPGAPGSQGAPGLQGMPGER",6,0,3256.40887331963,536,571,1,"Equus","Equus asinus"
"844","GSNGAPGNDGAKGDAGAPGAPGSQGAPGLQGMPGER",6,1,3257.39288365841,536,571,1,"Equus","Equus asinus"
"845","GSNGAPGNDGAKGDAGAPGAPGSQGAPGLQGMPGER",6,2,3258.37689399719,536,571,1,"Equus","Equus asinus"
"846","GSNGAPGNDGAKGDAGAPGAPGSQGAPGLQGMPGER",6,3,3259.36090433598,536,571,1,"Equus","Equus asinus"
"847","GSNGAPGNDGAKGDAGAPGAPGSQGAPGLQGMPGER",6,4,3260.34491467476,536,571,1,"Equus","Equus asinus"
"848","GSNGAPGNDGAKGDAGAPGAPGSQGAPGLQGMPGER",7,0,3272.4037835598,536,571,1,"Equus","Equus asinus"
"849","GSNGAPGNDGAKGDAGAPGAPGSQGAPGLQGMPGER",7,1,3273.38779389858,536,571,1,"Equus","Equus asinus"
"850","GSNGAPGNDGAKGDAGAPGAPGSQGAPGLQGMPGER",7,2,3274.37180423737,536,571,1,"Equus","Equus asinus"
"851","GSNGAPGNDGAKGDAGAPGAPGSQGAPGLQGMPGER",7,3,3275.35581457615,536,571,1,"Equus","Equus asinus"
"852","GSNGAPGNDGAKGDAGAPGAPGSQGAPGLQGMPGER",7,4,3276.33982491493,536,571,1,"Equus","Equus asinus"
"853","GDAGAPGAPGSQGAPGLQGMPGER",0,0,2134.98659813404,548,571,0,"Equus","Equus asinus"
"854","GDAGAPGAPGSQGAPGLQGMPGER",0,1,2135.97060847282,548,571,0,"Equus","Equus asinus"
"855","GDAGAPGAPGSQGAPGLQGMPGER",0,2,2136.95461881161,548,571,0,"Equus","Equus asinus"
"856","GDAGAPGAPGSQGAPGLQGMPGER",1,0,2150.98150837421,548,571,0,"Equus","Equus asinus"
"857","GDAGAPGAPGSQGAPGLQGMPGER",1,1,2151.965518713,548,571,0,"Equus","Equus asinus"
"858","GDAGAPGAPGSQGAPGLQGMPGER",1,2,2152.94952905178,548,571,0,"Equus","Equus asinus"
"859","GDAGAPGAPGSQGAPGLQGMPGER",2,0,2166.97641861439,548,571,0,"Equus","Equus asinus"
"860","GDAGAPGAPGSQGAPGLQGMPGER",2,1,2167.96042895317,548,571,0,"Equus","Equus asinus"
"861","GDAGAPGAPGSQGAPGLQGMPGER",2,2,2168.94443929195,548,571,0,"Equus","Equus asinus"
"862","GDAGAPGAPGSQGAPGLQGMPGER",3,0,2182.97132885456,548,571,0,"Equus","Equus asinus"
"863","GDAGAPGAPGSQGAPGLQGMPGER",3,1,2183.95533919334,548,571,0,"Equus","Equus asinus"
"864","GDAGAPGAPGSQGAPGLQGMPGER",3,2,2184.93934953213,548,571,0,"Equus","Equus asinus"
"865","GDAGAPGAPGSQGAPGLQGMPGER",4,0,2198.96623909473,548,571,0,"Equus","Equus asinus"
"866","GDAGAPGAPGSQGAPGLQGMPGER",4,1,2199.95024943352,548,571,0,"Equus","Equus asinus"
"867","GDAGAPGAPGSQGAPGLQGMPGER",4,2,2200.9342597723,548,571,0,"Equus","Equus asinus"
"868","GDAGAPGAPGSQGAPGLQGMPGER",5,0,2214.96114933491,548,571,0,"Equus","Equus asinus"
"869","GDAGAPGAPGSQGAPGLQGMPGER",5,1,2215.94515967369,548,571,0,"Equus","Equus asinus"
"870","GDAGAPGAPGSQGAPGLQGMPGER",5,2,2216.92917001247,548,571,0,"Equus","Equus asinus"
"871","GDAGAPGAPGSQGAPGLQGMPGERGAAGLPGPK",0,0,2883.40997040272,548,580,1,"Equus","Equus asinus"
"872","GDAGAPGAPGSQGAPGLQGMPGERGAAGLPGPK",0,1,2884.3939807415,548,580,1,"Equus","Equus asinus"
"873","GDAGAPGAPGSQGAPGLQGMPGERGAAGLPGPK",0,2,2885.37799108028,548,580,1,"Equus","Equus asinus"
"874","GDAGAPGAPGSQGAPGLQGMPGERGAAGLPGPK",1,0,2899.40488064289,548,580,1,"Equus","Equus asinus"
"875","GDAGAPGAPGSQGAPGLQGMPGERGAAGLPGPK",1,1,2900.38889098167,548,580,1,"Equus","Equus asinus"
"876","GDAGAPGAPGSQGAPGLQGMPGERGAAGLPGPK",1,2,2901.37290132046,548,580,1,"Equus","Equus asinus"
"877","GDAGAPGAPGSQGAPGLQGMPGERGAAGLPGPK",2,0,2915.39979088306,548,580,1,"Equus","Equus asinus"
"878","GDAGAPGAPGSQGAPGLQGMPGERGAAGLPGPK",2,1,2916.38380122185,548,580,1,"Equus","Equus asinus"
"879","GDAGAPGAPGSQGAPGLQGMPGERGAAGLPGPK",2,2,2917.36781156063,548,580,1,"Equus","Equus asinus"
"880","GDAGAPGAPGSQGAPGLQGMPGERGAAGLPGPK",3,0,2931.39470112324,548,580,1,"Equus","Equus asinus"
"881","GDAGAPGAPGSQGAPGLQGMPGERGAAGLPGPK",3,1,2932.37871146202,548,580,1,"Equus","Equus asinus"
"882","GDAGAPGAPGSQGAPGLQGMPGERGAAGLPGPK",3,2,2933.3627218008,548,580,1,"Equus","Equus asinus"
"883","GDAGAPGAPGSQGAPGLQGMPGERGAAGLPGPK",4,0,2947.38961136341,548,580,1,"Equus","Equus asinus"
"884","GDAGAPGAPGSQGAPGLQGMPGERGAAGLPGPK",4,1,2948.37362170219,548,580,1,"Equus","Equus asinus"
"885","GDAGAPGAPGSQGAPGLQGMPGERGAAGLPGPK",4,2,2949.35763204098,548,580,1,"Equus","Equus asinus"
"886","GDAGAPGAPGSQGAPGLQGMPGERGAAGLPGPK",5,0,2963.38452160358,548,580,1,"Equus","Equus asinus"
"887","GDAGAPGAPGSQGAPGLQGMPGERGAAGLPGPK",5,1,2964.36853194237,548,580,1,"Equus","Equus asinus"
"888","GDAGAPGAPGSQGAPGLQGMPGERGAAGLPGPK",5,2,2965.35254228115,548,580,1,"Equus","Equus asinus"
"889","GDAGAPGAPGSQGAPGLQGMPGERGAAGLPGPK",6,0,2979.37943184376,548,580,1,"Equus","Equus asinus"
"890","GDAGAPGAPGSQGAPGLQGMPGERGAAGLPGPK",6,1,2980.36344218254,548,580,1,"Equus","Equus asinus"
"891","GDAGAPGAPGSQGAPGLQGMPGERGAAGLPGPK",6,2,2981.34745252132,548,580,1,"Equus","Equus asinus"
"892","GDAGAPGAPGSQGAPGLQGMPGERGAAGLPGPK",7,0,2995.37434208393,548,580,1,"Equus","Equus asinus"
"893","GDAGAPGAPGSQGAPGLQGMPGERGAAGLPGPK",7,1,2996.35835242271,548,580,1,"Equus","Equus asinus"
"894","GDAGAPGAPGSQGAPGLQGMPGERGAAGLPGPK",7,2,2997.3423627615,548,580,1,"Equus","Equus asinus"
"895","GDAGAPGAPGSQGAPGLQGMPGERGAAGLPGPK",8,0,3011.3692523241,548,580,1,"Equus","Equus asinus"
"896","GDAGAPGAPGSQGAPGLQGMPGERGAAGLPGPK",8,1,3012.35326266289,548,580,1,"Equus","Equus asinus"
"897","GDAGAPGAPGSQGAPGLQGMPGERGAAGLPGPK",8,2,3013.33727300167,548,580,1,"Equus","Equus asinus"
"898","GAAGLPGPKGDR",0,0,1095.58351349831,572,583,1,"Equus","Equus asinus"
"899","GAAGLPGPKGDR",1,0,1111.57842373848,572,583,1,"Equus","Equus asinus"
"900","GAAGLPGPKGDR",2,0,1127.57333397865,572,583,1,"Equus","Equus asinus"
"901","GAAGLPGPKGDR",3,0,1143.56824421883,572,583,1,"Equus","Equus asinus"
"902","GDRGDAGPK",0,0,872.414963126183,581,589,1,"Equus","Equus asinus"
"903","GDRGDAGPK",1,0,888.409873366356,581,589,1,"Equus","Equus asinus"
"904","GDRGDAGPK",2,0,904.404783606529,581,589,1,"Equus","Equus asinus"
"905","GDAGPKGADGSPGK",0,0,1213.5737247467,584,597,1,"Equus","Equus asinus"
"906","GDAGPKGADGSPGK",1,0,1229.56863498688,584,597,1,"Equus","Equus asinus"
"907","GDAGPKGADGSPGK",2,0,1245.56354522705,584,597,1,"Equus","Equus asinus"
"908","GDAGPKGADGSPGK",3,0,1261.55845546722,584,597,1,"Equus","Equus asinus"
"909","GDAGPKGADGSPGK",4,0,1277.5533657074,584,597,1,"Equus","Equus asinus"
"910","GADGSPGKDGVR",0,0,1115.53692412376,590,601,1,"Equus","Equus asinus"
"911","GADGSPGKDGVR",1,0,1131.53183436394,590,601,1,"Equus","Equus asinus"
"912","GADGSPGKDGVR",2,0,1147.52674460411,590,601,1,"Equus","Equus asinus"
"913","DGVRGLTGPIGPPGPAGAPGDK",0,0,1986.03350687027,598,619,1,"Equus","Equus asinus"
"914","DGVRGLTGPIGPPGPAGAPGDK",1,0,2002.02841711044,598,619,1,"Equus","Equus asinus"
"915","DGVRGLTGPIGPPGPAGAPGDK",2,0,2018.02332735062,598,619,1,"Equus","Equus asinus"
"916","DGVRGLTGPIGPPGPAGAPGDK",3,0,2034.01823759079,598,619,1,"Equus","Equus asinus"
"917","DGVRGLTGPIGPPGPAGAPGDK",4,0,2050.01314783096,598,619,1,"Equus","Equus asinus"
"918","DGVRGLTGPIGPPGPAGAPGDK",5,0,2066.00805807114,598,619,1,"Equus","Equus asinus"
"919","DGVRGLTGPIGPPGPAGAPGDK",6,0,2082.00296831131,598,619,1,"Equus","Equus asinus"
"920","GLTGPIGPPGPAGAPGDK",0,0,1558.81548559666,602,619,0,"Equus","Equus asinus"
"921","GLTGPIGPPGPAGAPGDK",1,0,1574.81039583683,602,619,0,"Equus","Equus asinus"
"922","GLTGPIGPPGPAGAPGDK",2,0,1590.805306077,602,619,0,"Equus","Equus asinus"
"923","GLTGPIGPPGPAGAPGDK",3,0,1606.80021631718,602,619,0,"Equus","Equus asinus"
"924","GLTGPIGPPGPAGAPGDK",4,0,1622.79512655735,602,619,0,"Equus","Equus asinus"
"925","GLTGPIGPPGPAGAPGDK",5,0,1638.79003679752,602,619,0,"Equus","Equus asinus"
"926","GLTGPIGPPGPAGAPGDK",6,0,1654.7849470377,602,619,0,"Equus","Equus asinus"
"927","GLTGPIGPPGPAGAPGDKGETGPSGPAGPTGAR",0,0,2851.42667019367,602,634,1,"Equus","Equus asinus"
"928","GLTGPIGPPGPAGAPGDKGETGPSGPAGPTGAR",1,0,2867.42158043385,602,634,1,"Equus","Equus asinus"
"929","GLTGPIGPPGPAGAPGDKGETGPSGPAGPTGAR",2,0,2883.41649067402,602,634,1,"Equus","Equus asinus"
"930","GLTGPIGPPGPAGAPGDKGETGPSGPAGPTGAR",3,0,2899.41140091419,602,634,1,"Equus","Equus asinus"
"931","GLTGPIGPPGPAGAPGDKGETGPSGPAGPTGAR",4,0,2915.40631115437,602,634,1,"Equus","Equus asinus"
"932","GLTGPIGPPGPAGAPGDKGETGPSGPAGPTGAR",5,0,2931.40122139454,602,634,1,"Equus","Equus asinus"
"933","GLTGPIGPPGPAGAPGDKGETGPSGPAGPTGAR",6,0,2947.39613163471,602,634,1,"Equus","Equus asinus"
"934","GLTGPIGPPGPAGAPGDKGETGPSGPAGPTGAR",7,0,2963.39104187489,602,634,1,"Equus","Equus asinus"
"935","GLTGPIGPPGPAGAPGDKGETGPSGPAGPTGAR",8,0,2979.38595211506,602,634,1,"Equus","Equus asinus"
"936","GLTGPIGPPGPAGAPGDKGETGPSGPAGPTGAR",9,0,2995.38086235523,602,634,1,"Equus","Equus asinus"
"937","GETGPSGPAGPTGAR",0,0,1311.62175488472,620,634,0,"Equus","Equus asinus"
"938","GETGPSGPAGPTGAR",1,0,1327.61666512489,620,634,0,"Equus","Equus asinus"
"939","GETGPSGPAGPTGAR",2,0,1343.61157536507,620,634,0,"Equus","Equus asinus"
"940","GETGPSGPAGPTGAR",3,0,1359.60648560524,620,634,0,"Equus","Equus asinus"
"941","GETGPSGPAGPTGARGAPGDR",0,0,1864.88271653652,620,640,1,"Equus","Equus asinus"
"942","GETGPSGPAGPTGARGAPGDR",1,0,1880.8776267767,620,640,1,"Equus","Equus asinus"
"943","GETGPSGPAGPTGARGAPGDR",2,0,1896.87253701687,620,640,1,"Equus","Equus asinus"
"944","GETGPSGPAGPTGARGAPGDR",3,0,1912.86744725704,620,640,1,"Equus","Equus asinus"
"945","GETGPSGPAGPTGARGAPGDR",4,0,1928.86235749722,620,640,1,"Equus","Equus asinus"
"946","GAPGDRGEPGPPGPAGFAGPPGADGQPGAK",0,0,2639.25296890736,635,664,1,"Equus","Equus asinus"
"947","GAPGDRGEPGPPGPAGFAGPPGADGQPGAK",0,1,2640.23697924614,635,664,1,"Equus","Equus asinus"
"948","GAPGDRGEPGPPGPAGFAGPPGADGQPGAK",1,0,2655.24787914753,635,664,1,"Equus","Equus asinus"
"949","GAPGDRGEPGPPGPAGFAGPPGADGQPGAK",1,1,2656.23188948631,635,664,1,"Equus","Equus asinus"
"950","GAPGDRGEPGPPGPAGFAGPPGADGQPGAK",2,0,2671.2427893877,635,664,1,"Equus","Equus asinus"
"951","GAPGDRGEPGPPGPAGFAGPPGADGQPGAK",2,1,2672.22679972649,635,664,1,"Equus","Equus asinus"
"952","GAPGDRGEPGPPGPAGFAGPPGADGQPGAK",3,0,2687.23769962788,635,664,1,"Equus","Equus asinus"
"953","GAPGDRGEPGPPGPAGFAGPPGADGQPGAK",3,1,2688.22170996666,635,664,1,"Equus","Equus asinus"
"954","GAPGDRGEPGPPGPAGFAGPPGADGQPGAK",4,0,2703.23260986805,635,664,1,"Equus","Equus asinus"
"955","GAPGDRGEPGPPGPAGFAGPPGADGQPGAK",4,1,2704.21662020683,635,664,1,"Equus","Equus asinus"
"956","GAPGDRGEPGPPGPAGFAGPPGADGQPGAK",5,0,2719.22752010822,635,664,1,"Equus","Equus asinus"
"957","GAPGDRGEPGPPGPAGFAGPPGADGQPGAK",5,1,2720.21153044701,635,664,1,"Equus","Equus asinus"
"958","GAPGDRGEPGPPGPAGFAGPPGADGQPGAK",6,0,2735.2224303484,635,664,1,"Equus","Equus asinus"
"959","GAPGDRGEPGPPGPAGFAGPPGADGQPGAK",6,1,2736.20644068718,635,664,1,"Equus","Equus asinus"
"960","GAPGDRGEPGPPGPAGFAGPPGADGQPGAK",7,0,2751.21734058857,635,664,1,"Equus","Equus asinus"
"961","GAPGDRGEPGPPGPAGFAGPPGADGQPGAK",7,1,2752.20135092735,635,664,1,"Equus","Equus asinus"
"962","GAPGDRGEPGPPGPAGFAGPPGADGQPGAK",8,0,2767.21225082874,635,664,1,"Equus","Equus asinus"
"963","GAPGDRGEPGPPGPAGFAGPPGADGQPGAK",8,1,2768.19626116753,635,664,1,"Equus","Equus asinus"
"964","GAPGDRGEPGPPGPAGFAGPPGADGQPGAK",9,0,2783.20716106892,635,664,1,"Equus","Equus asinus"
"965","GAPGDRGEPGPPGPAGFAGPPGADGQPGAK",9,1,2784.1911714077,635,664,1,"Equus","Equus asinus"
"966","GEPGPPGPAGFAGPPGADGQPGAK",0,0,2085.99200725555,641,664,0,"Equus","Equus asinus"
"967","GEPGPPGPAGFAGPPGADGQPGAK",0,1,2086.97601759434,641,664,0,"Equus","Equus asinus"
"968","GEPGPPGPAGFAGPPGADGQPGAK",1,0,2101.98691749573,641,664,0,"Equus","Equus asinus"
"969","GEPGPPGPAGFAGPPGADGQPGAK",1,1,2102.97092783451,641,664,0,"Equus","Equus asinus"
"970","GEPGPPGPAGFAGPPGADGQPGAK",2,0,2117.9818277359,641,664,0,"Equus","Equus asinus"
"971","GEPGPPGPAGFAGPPGADGQPGAK",2,1,2118.96583807468,641,664,0,"Equus","Equus asinus"
"972","GEPGPPGPAGFAGPPGADGQPGAK",3,0,2133.97673797607,641,664,0,"Equus","Equus asinus"
"973","GEPGPPGPAGFAGPPGADGQPGAK",3,1,2134.96074831486,641,664,0,"Equus","Equus asinus"
"974","GEPGPPGPAGFAGPPGADGQPGAK",4,0,2149.97164821625,641,664,0,"Equus","Equus asinus"
"975","GEPGPPGPAGFAGPPGADGQPGAK",4,1,2150.95565855503,641,664,0,"Equus","Equus asinus"
"976","GEPGPPGPAGFAGPPGADGQPGAK",5,0,2165.96655845642,641,664,0,"Equus","Equus asinus"
"977","GEPGPPGPAGFAGPPGADGQPGAK",5,1,2166.9505687952,641,664,0,"Equus","Equus asinus"
"978","GEPGPPGPAGFAGPPGADGQPGAK",6,0,2181.96146869659,641,664,0,"Equus","Equus asinus"
"979","GEPGPPGPAGFAGPPGADGQPGAK",6,1,2182.94547903538,641,664,0,"Equus","Equus asinus"
"980","GEPGPPGPAGFAGPPGADGQPGAK",7,0,2197.95637893677,641,664,0,"Equus","Equus asinus"
"981","GEPGPPGPAGFAGPPGADGQPGAK",7,1,2198.94038927555,641,664,0,"Equus","Equus asinus"
"982","GEPGPPGPAGFAGPPGADGQPGAK",8,0,2213.95128917694,641,664,0,"Equus","Equus asinus"
"983","GEPGPPGPAGFAGPPGADGQPGAK",8,1,2214.93529951572,641,664,0,"Equus","Equus asinus"
"984","GEPGPPGPAGFAGPPGADGQPGAKGEPGDAGAK",0,0,2868.34804034233,641,673,1,"Equus","Equus asinus"
"985","GEPGPPGPAGFAGPPGADGQPGAKGEPGDAGAK",0,1,2869.33205068111,641,673,1,"Equus","Equus asinus"
"986","GEPGPPGPAGFAGPPGADGQPGAKGEPGDAGAK",1,0,2884.3429505825,641,673,1,"Equus","Equus asinus"
"987","GEPGPPGPAGFAGPPGADGQPGAKGEPGDAGAK",1,1,2885.32696092129,641,673,1,"Equus","Equus asinus"
"988","GEPGPPGPAGFAGPPGADGQPGAKGEPGDAGAK",2,0,2900.33786082268,641,673,1,"Equus","Equus asinus"
"989","GEPGPPGPAGFAGPPGADGQPGAKGEPGDAGAK",2,1,2901.32187116146,641,673,1,"Equus","Equus asinus"
"990","GEPGPPGPAGFAGPPGADGQPGAKGEPGDAGAK",3,0,2916.33277106285,641,673,1,"Equus","Equus asinus"
"991","GEPGPPGPAGFAGPPGADGQPGAKGEPGDAGAK",3,1,2917.31678140163,641,673,1,"Equus","Equus asinus"
"992","GEPGPPGPAGFAGPPGADGQPGAKGEPGDAGAK",4,0,2932.32768130302,641,673,1,"Equus","Equus asinus"
"993","GEPGPPGPAGFAGPPGADGQPGAKGEPGDAGAK",4,1,2933.31169164181,641,673,1,"Equus","Equus asinus"
"994","GEPGPPGPAGFAGPPGADGQPGAKGEPGDAGAK",5,0,2948.3225915432,641,673,1,"Equus","Equus asinus"
"995","GEPGPPGPAGFAGPPGADGQPGAKGEPGDAGAK",5,1,2949.30660188198,641,673,1,"Equus","Equus asinus"
"996","GEPGPPGPAGFAGPPGADGQPGAKGEPGDAGAK",6,0,2964.31750178337,641,673,1,"Equus","Equus asinus"
"997","GEPGPPGPAGFAGPPGADGQPGAKGEPGDAGAK",6,1,2965.30151212215,641,673,1,"Equus","Equus asinus"
"998","GEPGPPGPAGFAGPPGADGQPGAKGEPGDAGAK",7,0,2980.31241202354,641,673,1,"Equus","Equus asinus"
"999","GEPGPPGPAGFAGPPGADGQPGAKGEPGDAGAK",7,1,2981.29642236233,641,673,1,"Equus","Equus asinus"
"1000","GEPGPPGPAGFAGPPGADGQPGAKGEPGDAGAK",8,0,2996.30732226372,641,673,1,"Equus","Equus asinus"
"1001","GEPGPPGPAGFAGPPGADGQPGAKGEPGDAGAK",8,1,2997.2913326025,641,673,1,"Equus","Equus asinus"
"1002","GEPGPPGPAGFAGPPGADGQPGAKGEPGDAGAK",9,0,3012.30223250389,641,673,1,"Equus","Equus asinus"
"1003","GEPGPPGPAGFAGPPGADGQPGAKGEPGDAGAK",9,1,3013.28624284267,641,673,1,"Equus","Equus asinus"
"1004","GEPGPPGPAGFAGPPGADGQPGAKGEPGDAGAK",10,0,3028.29714274406,641,673,1,"Equus","Equus asinus"
"1005","GEPGPPGPAGFAGPPGADGQPGAKGEPGDAGAK",10,1,3029.28115308285,641,673,1,"Equus","Equus asinus"
"1006","GEPGDAGAK",0,0,801.366603374481,665,673,0,"Equus","Equus asinus"
"1007","GEPGDAGAK",1,0,817.361513614655,665,673,0,"Equus","Equus asinus"
"1008","GEPGDAGAK",2,0,833.356423854828,665,673,0,"Equus","Equus asinus"
"1009","GEPGDAGAKGDAGPPGPAGPAGPPGPIGSVGAPGPK",0,0,3014.49003076553,665,700,1,"Equus","Equus asinus"
"1010","GEPGDAGAKGDAGPPGPAGPAGPPGPIGSVGAPGPK",1,0,3030.48494100571,665,700,1,"Equus","Equus asinus"
"1011","GEPGDAGAKGDAGPPGPAGPAGPPGPIGSVGAPGPK",2,0,3046.47985124588,665,700,1,"Equus","Equus asinus"
"1012","GEPGDAGAKGDAGPPGPAGPAGPPGPIGSVGAPGPK",3,0,3062.47476148605,665,700,1,"Equus","Equus asinus"
"1013","GEPGDAGAKGDAGPPGPAGPAGPPGPIGSVGAPGPK",4,0,3078.46967172623,665,700,1,"Equus","Equus asinus"
"1014","GEPGDAGAKGDAGPPGPAGPAGPPGPIGSVGAPGPK",5,0,3094.4645819664,665,700,1,"Equus","Equus asinus"
"1015","GEPGDAGAKGDAGPPGPAGPAGPPGPIGSVGAPGPK",6,0,3110.45949220657,665,700,1,"Equus","Equus asinus"
"1016","GEPGDAGAKGDAGPPGPAGPAGPPGPIGSVGAPGPK",7,0,3126.45440244675,665,700,1,"Equus","Equus asinus"
"1017","GEPGDAGAKGDAGPPGPAGPAGPPGPIGSVGAPGPK",8,0,3142.44931268692,665,700,1,"Equus","Equus asinus"
"1018","GEPGDAGAKGDAGPPGPAGPAGPPGPIGSVGAPGPK",9,0,3158.44422292709,665,700,1,"Equus","Equus asinus"
"1019","GEPGDAGAKGDAGPPGPAGPAGPPGPIGSVGAPGPK",10,0,3174.43913316727,665,700,1,"Equus","Equus asinus"
"1020","GEPGDAGAKGDAGPPGPAGPAGPPGPIGSVGAPGPK",11,0,3190.43404340744,665,700,1,"Equus","Equus asinus"
"1021","GEPGDAGAKGDAGPPGPAGPAGPPGPIGSVGAPGPK",12,0,3206.42895364761,665,700,1,"Equus","Equus asinus"
"1022","GDAGPPGPAGPAGPPGPIGSVGAPGPK",0,0,2232.13399767876,674,700,0,"Equus","Equus asinus"
"1023","GDAGPPGPAGPAGPPGPIGSVGAPGPK",1,0,2248.12890791893,674,700,0,"Equus","Equus asinus"
"1024","GDAGPPGPAGPAGPPGPIGSVGAPGPK",2,0,2264.1238181591,674,700,0,"Equus","Equus asinus"
"1025","GDAGPPGPAGPAGPPGPIGSVGAPGPK",3,0,2280.11872839928,674,700,0,"Equus","Equus asinus"
"1026","GDAGPPGPAGPAGPPGPIGSVGAPGPK",4,0,2296.11363863945,674,700,0,"Equus","Equus asinus"
"1027","GDAGPPGPAGPAGPPGPIGSVGAPGPK",5,0,2312.10854887962,674,700,0,"Equus","Equus asinus"
"1028","GDAGPPGPAGPAGPPGPIGSVGAPGPK",6,0,2328.1034591198,674,700,0,"Equus","Equus asinus"
"1029","GDAGPPGPAGPAGPPGPIGSVGAPGPK",7,0,2344.09836935997,674,700,0,"Equus","Equus asinus"
"1030","GDAGPPGPAGPAGPPGPIGSVGAPGPK",8,0,2360.09327960014,674,700,0,"Equus","Equus asinus"
"1031","GDAGPPGPAGPAGPPGPIGSVGAPGPK",9,0,2376.08818984032,674,700,0,"Equus","Equus asinus"
"1032","GDAGPPGPAGPAGPPGPIGSVGAPGPK",10,0,2392.08310008049,674,700,0,"Equus","Equus asinus"
"1033","GDAGPPGPAGPAGPPGPIGSVGAPGPKGAR",0,0,2516.29374814034,674,703,1,"Equus","Equus asinus"
"1034","GDAGPPGPAGPAGPPGPIGSVGAPGPKGAR",1,0,2532.28865838051,674,703,1,"Equus","Equus asinus"
"1035","GDAGPPGPAGPAGPPGPIGSVGAPGPKGAR",2,0,2548.28356862068,674,703,1,"Equus","Equus asinus"
"1036","GDAGPPGPAGPAGPPGPIGSVGAPGPKGAR",3,0,2564.27847886086,674,703,1,"Equus","Equus asinus"
"1037","GDAGPPGPAGPAGPPGPIGSVGAPGPKGAR",4,0,2580.27338910103,674,703,1,"Equus","Equus asinus"
"1038","GDAGPPGPAGPAGPPGPIGSVGAPGPKGAR",5,0,2596.2682993412,674,703,1,"Equus","Equus asinus"
"1039","GDAGPPGPAGPAGPPGPIGSVGAPGPKGAR",6,0,2612.26320958138,674,703,1,"Equus","Equus asinus"
"1040","GDAGPPGPAGPAGPPGPIGSVGAPGPKGAR",7,0,2628.25811982155,674,703,1,"Equus","Equus asinus"
"1041","GDAGPPGPAGPAGPPGPIGSVGAPGPKGAR",8,0,2644.25303006172,674,703,1,"Equus","Equus asinus"
"1042","GDAGPPGPAGPAGPPGPIGSVGAPGPKGAR",9,0,2660.2479403019,674,703,1,"Equus","Equus asinus"
"1043","GDAGPPGPAGPAGPPGPIGSVGAPGPKGAR",10,0,2676.24285054207,674,703,1,"Equus","Equus asinus"
"1044","GARGSAGPPGATGFPGAAGR",0,0,1711.8553750515,701,720,1,"Equus","Equus asinus"
"1045","GARGSAGPPGATGFPGAAGR",1,0,1727.85028529167,701,720,1,"Equus","Equus asinus"
"1046","GARGSAGPPGATGFPGAAGR",2,0,1743.84519553185,701,720,1,"Equus","Equus asinus"
"1047","GARGSAGPPGATGFPGAAGR",3,0,1759.84010577202,701,720,1,"Equus","Equus asinus"
"1048","GSAGPPGATGFPGAAGR",0,0,1427.69562458992,704,720,0,"Equus","Equus asinus"
"1049","GSAGPPGATGFPGAAGR",1,0,1443.69053483009,704,720,0,"Equus","Equus asinus"
"1050","GSAGPPGATGFPGAAGR",2,0,1459.68544507027,704,720,0,"Equus","Equus asinus"
"1051","GSAGPPGATGFPGAAGR",3,0,1475.68035531044,704,720,0,"Equus","Equus asinus"
"1052","GSAGPPGATGFPGAAGRVGPPGPSGNAGPPGPPGPVGK",0,0,3201.61226022243,704,741,1,"Equus","Equus asinus"
"1053","GSAGPPGATGFPGAAGRVGPPGPSGNAGPPGPPGPVGK",0,1,3202.59627056122,704,741,1,"Equus","Equus asinus"
"1054","GSAGPPGATGFPGAAGRVGPPGPSGNAGPPGPPGPVGK",1,0,3217.60717046261,704,741,1,"Equus","Equus asinus"
"1055","GSAGPPGATGFPGAAGRVGPPGPSGNAGPPGPPGPVGK",1,1,3218.59118080139,704,741,1,"Equus","Equus asinus"
"1056","GSAGPPGATGFPGAAGRVGPPGPSGNAGPPGPPGPVGK",2,0,3233.60208070278,704,741,1,"Equus","Equus asinus"
"1057","GSAGPPGATGFPGAAGRVGPPGPSGNAGPPGPPGPVGK",2,1,3234.58609104156,704,741,1,"Equus","Equus asinus"
"1058","GSAGPPGATGFPGAAGRVGPPGPSGNAGPPGPPGPVGK",3,0,3249.59699094296,704,741,1,"Equus","Equus asinus"
"1059","GSAGPPGATGFPGAAGRVGPPGPSGNAGPPGPPGPVGK",3,1,3250.58100128174,704,741,1,"Equus","Equus asinus"
"1060","GSAGPPGATGFPGAAGRVGPPGPSGNAGPPGPPGPVGK",4,0,3265.59190118313,704,741,1,"Equus","Equus asinus"
"1061","GSAGPPGATGFPGAAGRVGPPGPSGNAGPPGPPGPVGK",4,1,3266.57591152191,704,741,1,"Equus","Equus asinus"
"1062","GSAGPPGATGFPGAAGRVGPPGPSGNAGPPGPPGPVGK",5,0,3281.5868114233,704,741,1,"Equus","Equus asinus"
"1063","GSAGPPGATGFPGAAGRVGPPGPSGNAGPPGPPGPVGK",5,1,3282.57082176208,704,741,1,"Equus","Equus asinus"
"1064","GSAGPPGATGFPGAAGRVGPPGPSGNAGPPGPPGPVGK",6,0,3297.58172166348,704,741,1,"Equus","Equus asinus"
"1065","GSAGPPGATGFPGAAGRVGPPGPSGNAGPPGPPGPVGK",6,1,3298.56573200226,704,741,1,"Equus","Equus asinus"
"1066","GSAGPPGATGFPGAAGRVGPPGPSGNAGPPGPPGPVGK",7,0,3313.57663190365,704,741,1,"Equus","Equus asinus"
"1067","GSAGPPGATGFPGAAGRVGPPGPSGNAGPPGPPGPVGK",7,1,3314.56064224243,704,741,1,"Equus","Equus asinus"
"1068","GSAGPPGATGFPGAAGRVGPPGPSGNAGPPGPPGPVGK",8,0,3329.57154214382,704,741,1,"Equus","Equus asinus"
"1069","GSAGPPGATGFPGAAGRVGPPGPSGNAGPPGPPGPVGK",8,1,3330.5555524826,704,741,1,"Equus","Equus asinus"
"1070","GSAGPPGATGFPGAAGRVGPPGPSGNAGPPGPPGPVGK",9,0,3345.566452384,704,741,1,"Equus","Equus asinus"
"1071","GSAGPPGATGFPGAAGRVGPPGPSGNAGPPGPPGPVGK",9,1,3346.55046272278,704,741,1,"Equus","Equus asinus"
"1072","GSAGPPGATGFPGAAGRVGPPGPSGNAGPPGPPGPVGK",10,0,3361.56136262417,704,741,1,"Equus","Equus asinus"
"1073","GSAGPPGATGFPGAAGRVGPPGPSGNAGPPGPPGPVGK",10,1,3362.54537296295,704,741,1,"Equus","Equus asinus"
"1074","GSAGPPGATGFPGAAGRVGPPGPSGNAGPPGPPGPVGK",11,0,3377.55627286434,704,741,1,"Equus","Equus asinus"
"1075","GSAGPPGATGFPGAAGRVGPPGPSGNAGPPGPPGPVGK",11,1,3378.54028320312,704,741,1,"Equus","Equus asinus"
"1076","GSAGPPGATGFPGAAGRVGPPGPSGNAGPPGPPGPVGK",12,0,3393.55118310452,704,741,1,"Equus","Equus asinus"
"1077","GSAGPPGATGFPGAAGRVGPPGPSGNAGPPGPPGPVGK",12,1,3394.5351934433,704,741,1,"Equus","Equus asinus"
"1078","VGPPGPSGNAGPPGPPGPVGK",0,0,1792.92720592022,721,741,0,"Equus","Equus asinus"
"1079","VGPPGPSGNAGPPGPPGPVGK",0,1,1793.911216259,721,741,0,"Equus","Equus asinus"
"1080","VGPPGPSGNAGPPGPPGPVGK",1,0,1808.92211616039,721,741,0,"Equus","Equus asinus"
"1081","VGPPGPSGNAGPPGPPGPVGK",1,1,1809.90612649918,721,741,0,"Equus","Equus asinus"
"1082","VGPPGPSGNAGPPGPPGPVGK",2,0,1824.91702640057,721,741,0,"Equus","Equus asinus"
"1083","VGPPGPSGNAGPPGPPGPVGK",2,1,1825.90103673935,721,741,0,"Equus","Equus asinus"
"1084","VGPPGPSGNAGPPGPPGPVGK",3,0,1840.91193664074,721,741,0,"Equus","Equus asinus"
"1085","VGPPGPSGNAGPPGPPGPVGK",3,1,1841.89594697952,721,741,0,"Equus","Equus asinus"
"1086","VGPPGPSGNAGPPGPPGPVGK",4,0,1856.90684688091,721,741,0,"Equus","Equus asinus"
"1087","VGPPGPSGNAGPPGPPGPVGK",4,1,1857.8908572197,721,741,0,"Equus","Equus asinus"
"1088","VGPPGPSGNAGPPGPPGPVGK",5,0,1872.90175712109,721,741,0,"Equus","Equus asinus"
"1089","VGPPGPSGNAGPPGPPGPVGK",5,1,1873.88576745987,721,741,0,"Equus","Equus asinus"
"1090","VGPPGPSGNAGPPGPPGPVGK",6,0,1888.89666736126,721,741,0,"Equus","Equus asinus"
"1091","VGPPGPSGNAGPPGPPGPVGK",6,1,1889.88067770004,721,741,0,"Equus","Equus asinus"
"1092","VGPPGPSGNAGPPGPPGPVGK",7,0,1904.89157760143,721,741,0,"Equus","Equus asinus"
"1093","VGPPGPSGNAGPPGPPGPVGK",7,1,1905.87558794022,721,741,0,"Equus","Equus asinus"
"1094","VGPPGPSGNAGPPGPPGPVGK",8,0,1920.88648784161,721,741,0,"Equus","Equus asinus"
"1095","VGPPGPSGNAGPPGPPGPVGK",8,1,1921.87049818039,721,741,0,"Equus","Equus asinus"
"1096","VGPPGPSGNAGPPGPPGPVGK",9,0,1936.88139808178,721,741,0,"Equus","Equus asinus"
"1097","VGPPGPSGNAGPPGPPGPVGK",9,1,1937.86540842056,721,741,0,"Equus","Equus asinus"
"1098","VGPPGPSGNAGPPGPPGPVGKEGGK",0,0,2164.10776734352,721,745,1,"Equus","Equus asinus"
"1099","VGPPGPSGNAGPPGPPGPVGKEGGK",0,1,2165.0917776823,721,745,1,"Equus","Equus asinus"
"1100","VGPPGPSGNAGPPGPPGPVGKEGGK",1,0,2180.10267758369,721,745,1,"Equus","Equus asinus"
"1101","VGPPGPSGNAGPPGPPGPVGKEGGK",1,1,2181.08668792248,721,745,1,"Equus","Equus asinus"
"1102","VGPPGPSGNAGPPGPPGPVGKEGGK",2,0,2196.09758782387,721,745,1,"Equus","Equus asinus"
"1103","VGPPGPSGNAGPPGPPGPVGKEGGK",2,1,2197.08159816265,721,745,1,"Equus","Equus asinus"
"1104","VGPPGPSGNAGPPGPPGPVGKEGGK",3,0,2212.09249806404,721,745,1,"Equus","Equus asinus"
"1105","VGPPGPSGNAGPPGPPGPVGKEGGK",3,1,2213.07650840282,721,745,1,"Equus","Equus asinus"
"1106","VGPPGPSGNAGPPGPPGPVGKEGGK",4,0,2228.08740830421,721,745,1,"Equus","Equus asinus"
"1107","VGPPGPSGNAGPPGPPGPVGKEGGK",4,1,2229.071418643,721,745,1,"Equus","Equus asinus"
"1108","VGPPGPSGNAGPPGPPGPVGKEGGK",5,0,2244.08231854439,721,745,1,"Equus","Equus asinus"
"1109","VGPPGPSGNAGPPGPPGPVGKEGGK",5,1,2245.06632888317,721,745,1,"Equus","Equus asinus"
"1110","VGPPGPSGNAGPPGPPGPVGKEGGK",6,0,2260.07722878456,721,745,1,"Equus","Equus asinus"
"1111","VGPPGPSGNAGPPGPPGPVGKEGGK",6,1,2261.06123912334,721,745,1,"Equus","Equus asinus"
"1112","VGPPGPSGNAGPPGPPGPVGKEGGK",7,0,2276.07213902473,721,745,1,"Equus","Equus asinus"
"1113","VGPPGPSGNAGPPGPPGPVGKEGGK",7,1,2277.05614936352,721,745,1,"Equus","Equus asinus"
"1114","VGPPGPSGNAGPPGPPGPVGKEGGK",8,0,2292.06704926491,721,745,1,"Equus","Equus asinus"
"1115","VGPPGPSGNAGPPGPPGPVGKEGGK",8,1,2293.05105960369,721,745,1,"Equus","Equus asinus"
"1116","VGPPGPSGNAGPPGPPGPVGKEGGK",9,0,2308.06195950508,721,745,1,"Equus","Equus asinus"
"1117","VGPPGPSGNAGPPGPPGPVGKEGGK",9,1,2309.04596984386,721,745,1,"Equus","Equus asinus"
"1118","VGPPGPSGNAGPPGPPGPVGKEGGK",10,0,2324.05686974525,721,745,1,"Equus","Equus asinus"
"1119","VGPPGPSGNAGPPGPPGPVGKEGGK",10,1,2325.04088008404,721,745,1,"Equus","Equus asinus"
"1120","GPRGETGPAGRPGEAGPPGPPGPAGEK",0,0,2450.21035814285,746,772,1,"Equus","Equus asinus"
"1121","GPRGETGPAGRPGEAGPPGPPGPAGEK",1,0,2466.20526838303,746,772,1,"Equus","Equus asinus"
"1122","GPRGETGPAGRPGEAGPPGPPGPAGEK",2,0,2482.2001786232,746,772,1,"Equus","Equus asinus"
"1123","GPRGETGPAGRPGEAGPPGPPGPAGEK",3,0,2498.19508886337,746,772,1,"Equus","Equus asinus"
"1124","GPRGETGPAGRPGEAGPPGPPGPAGEK",4,0,2514.18999910355,746,772,1,"Equus","Equus asinus"
"1125","GPRGETGPAGRPGEAGPPGPPGPAGEK",5,0,2530.18490934372,746,772,1,"Equus","Equus asinus"
"1126","GPRGETGPAGRPGEAGPPGPPGPAGEK",6,0,2546.17981958389,746,772,1,"Equus","Equus asinus"
"1127","GPRGETGPAGRPGEAGPPGPPGPAGEK",7,0,2562.17472982407,746,772,1,"Equus","Equus asinus"
"1128","GPRGETGPAGRPGEAGPPGPPGPAGEK",8,0,2578.16964006424,746,772,1,"Equus","Equus asinus"
"1129","GPRGETGPAGRPGEAGPPGPPGPAGEK",9,0,2594.16455030441,746,772,1,"Equus","Equus asinus"
"1130","GETGPAGRPGEAGPPGPPGPAGEK",0,0,2140.03494763374,749,772,0,"Equus","Equus asinus"
"1131","GETGPAGRPGEAGPPGPPGPAGEK",1,0,2156.02985787392,749,772,0,"Equus","Equus asinus"
"1132","GETGPAGRPGEAGPPGPPGPAGEK",2,0,2172.02476811409,749,772,0,"Equus","Equus asinus"
"1133","GETGPAGRPGEAGPPGPPGPAGEK",3,0,2188.01967835426,749,772,0,"Equus","Equus asinus"
"1134","GETGPAGRPGEAGPPGPPGPAGEK",4,0,2204.01458859444,749,772,0,"Equus","Equus asinus"
"1135","GETGPAGRPGEAGPPGPPGPAGEK",5,0,2220.00949883461,749,772,0,"Equus","Equus asinus"
"1136","GETGPAGRPGEAGPPGPPGPAGEK",6,0,2236.00440907478,749,772,0,"Equus","Equus asinus"
"1137","GETGPAGRPGEAGPPGPPGPAGEK",7,0,2251.99931931496,749,772,0,"Equus","Equus asinus"
"1138","GETGPAGRPGEAGPPGPPGPAGEK",8,0,2267.99422955513,749,772,0,"Equus","Equus asinus"
"1139","GSPGADGPAGAPGTPGPQGIAGQR",0,0,2073.00395715237,773,796,0,"Equus","Equus asinus"
"1140","GSPGADGPAGAPGTPGPQGIAGQR",0,1,2073.98796749115,773,796,0,"Equus","Equus asinus"
"1141","GSPGADGPAGAPGTPGPQGIAGQR",0,2,2074.97197782993,773,796,0,"Equus","Equus asinus"
"1142","GSPGADGPAGAPGTPGPQGIAGQR",1,0,2088.99886739254,773,796,0,"Equus","Equus asinus"
"1143","GSPGADGPAGAPGTPGPQGIAGQR",1,1,2089.98287773132,773,796,0,"Equus","Equus asinus"
"1144","GSPGADGPAGAPGTPGPQGIAGQR",1,2,2090.96688807011,773,796,0,"Equus","Equus asinus"
"1145","GSPGADGPAGAPGTPGPQGIAGQR",2,0,2104.99377763271,773,796,0,"Equus","Equus asinus"
"1146","GSPGADGPAGAPGTPGPQGIAGQR",2,1,2105.9777879715,773,796,0,"Equus","Equus asinus"
"1147","GSPGADGPAGAPGTPGPQGIAGQR",2,2,2106.96179831028,773,796,0,"Equus","Equus asinus"
"1148","GSPGADGPAGAPGTPGPQGIAGQR",3,0,2120.98868787289,773,796,0,"Equus","Equus asinus"
"1149","GSPGADGPAGAPGTPGPQGIAGQR",3,1,2121.97269821167,773,796,0,"Equus","Equus asinus"
"1150","GSPGADGPAGAPGTPGPQGIAGQR",3,2,2122.95670855045,773,796,0,"Equus","Equus asinus"
"1151","GSPGADGPAGAPGTPGPQGIAGQR",4,0,2136.98359811306,773,796,0,"Equus","Equus asinus"
"1152","GSPGADGPAGAPGTPGPQGIAGQR",4,1,2137.96760845184,773,796,0,"Equus","Equus asinus"
"1153","GSPGADGPAGAPGTPGPQGIAGQR",4,2,2138.95161879063,773,796,0,"Equus","Equus asinus"
"1154","GSPGADGPAGAPGTPGPQGIAGQR",5,0,2152.97850835323,773,796,0,"Equus","Equus asinus"
"1155","GSPGADGPAGAPGTPGPQGIAGQR",5,1,2153.96251869202,773,796,0,"Equus","Equus asinus"
"1156","GSPGADGPAGAPGTPGPQGIAGQR",5,2,2154.9465290308,773,796,0,"Equus","Equus asinus"
"1157","GSPGADGPAGAPGTPGPQGIAGQRGVVGLPGQR",0,0,2936.50191950798,773,805,1,"Equus","Equus asinus"
"1158","GSPGADGPAGAPGTPGPQGIAGQRGVVGLPGQR",0,1,2937.48592984676,773,805,1,"Equus","Equus asinus"
"1159","GSPGADGPAGAPGTPGPQGIAGQRGVVGLPGQR",0,2,2938.46994018555,773,805,1,"Equus","Equus asinus"
"1160","GSPGADGPAGAPGTPGPQGIAGQRGVVGLPGQR",0,3,2939.45395052433,773,805,1,"Equus","Equus asinus"
"1161","GSPGADGPAGAPGTPGPQGIAGQRGVVGLPGQR",1,0,2952.49682974815,773,805,1,"Equus","Equus asinus"
"1162","GSPGADGPAGAPGTPGPQGIAGQRGVVGLPGQR",1,1,2953.48084008694,773,805,1,"Equus","Equus asinus"
"1163","GSPGADGPAGAPGTPGPQGIAGQRGVVGLPGQR",1,2,2954.46485042572,773,805,1,"Equus","Equus asinus"
"1164","GSPGADGPAGAPGTPGPQGIAGQRGVVGLPGQR",1,3,2955.4488607645,773,805,1,"Equus","Equus asinus"
"1165","GSPGADGPAGAPGTPGPQGIAGQRGVVGLPGQR",2,0,2968.49173998833,773,805,1,"Equus","Equus asinus"
"1166","GSPGADGPAGAPGTPGPQGIAGQRGVVGLPGQR",2,1,2969.47575032711,773,805,1,"Equus","Equus asinus"
"1167","GSPGADGPAGAPGTPGPQGIAGQRGVVGLPGQR",2,2,2970.45976066589,773,805,1,"Equus","Equus asinus"
"1168","GSPGADGPAGAPGTPGPQGIAGQRGVVGLPGQR",2,3,2971.44377100468,773,805,1,"Equus","Equus asinus"
"1169","GSPGADGPAGAPGTPGPQGIAGQRGVVGLPGQR",3,0,2984.4866502285,773,805,1,"Equus","Equus asinus"
"1170","GSPGADGPAGAPGTPGPQGIAGQRGVVGLPGQR",3,1,2985.47066056728,773,805,1,"Equus","Equus asinus"
"1171","GSPGADGPAGAPGTPGPQGIAGQRGVVGLPGQR",3,2,2986.45467090607,773,805,1,"Equus","Equus asinus"
"1172","GSPGADGPAGAPGTPGPQGIAGQRGVVGLPGQR",3,3,2987.43868124485,773,805,1,"Equus","Equus asinus"
"1173","GSPGADGPAGAPGTPGPQGIAGQRGVVGLPGQR",4,0,3000.48156046867,773,805,1,"Equus","Equus asinus"
"1174","GSPGADGPAGAPGTPGPQGIAGQRGVVGLPGQR",4,1,3001.46557080746,773,805,1,"Equus","Equus asinus"
"1175","GSPGADGPAGAPGTPGPQGIAGQRGVVGLPGQR",4,2,3002.44958114624,773,805,1,"Equus","Equus asinus"
"1176","GSPGADGPAGAPGTPGPQGIAGQRGVVGLPGQR",4,3,3003.43359148502,773,805,1,"Equus","Equus asinus"
"1177","GSPGADGPAGAPGTPGPQGIAGQRGVVGLPGQR",5,0,3016.47647070885,773,805,1,"Equus","Equus asinus"
"1178","GSPGADGPAGAPGTPGPQGIAGQRGVVGLPGQR",5,1,3017.46048104763,773,805,1,"Equus","Equus asinus"
"1179","GSPGADGPAGAPGTPGPQGIAGQRGVVGLPGQR",5,2,3018.44449138641,773,805,1,"Equus","Equus asinus"
"1180","GSPGADGPAGAPGTPGPQGIAGQRGVVGLPGQR",5,3,3019.4285017252,773,805,1,"Equus","Equus asinus"
"1181","GSPGADGPAGAPGTPGPQGIAGQRGVVGLPGQR",6,0,3032.47138094902,773,805,1,"Equus","Equus asinus"
"1182","GSPGADGPAGAPGTPGPQGIAGQRGVVGLPGQR",6,1,3033.4553912878,773,805,1,"Equus","Equus asinus"
"1183","GSPGADGPAGAPGTPGPQGIAGQRGVVGLPGQR",6,2,3034.43940162659,773,805,1,"Equus","Equus asinus"
"1184","GSPGADGPAGAPGTPGPQGIAGQRGVVGLPGQR",6,3,3035.42341196537,773,805,1,"Equus","Equus asinus"
"1185","GVVGLPGQR",0,0,882.508532643318,797,805,0,"Equus","Equus asinus"
"1186","GVVGLPGQR",0,1,883.492542982101,797,805,0,"Equus","Equus asinus"
"1187","GVVGLPGQR",1,0,898.503442883492,797,805,0,"Equus","Equus asinus"
"1188","GVVGLPGQR",1,1,899.487453222275,797,805,0,"Equus","Equus asinus"
"1189","GVVGLPGQRGER",0,0,1224.67376363277,797,808,1,"Equus","Equus asinus"
"1190","GVVGLPGQRGER",0,1,1225.65777397156,797,808,1,"Equus","Equus asinus"
"1191","GVVGLPGQRGER",1,0,1240.66867387295,797,808,1,"Equus","Equus asinus"
"1192","GVVGLPGQRGER",1,1,1241.65268421173,797,808,1,"Equus","Equus asinus"
"1193","GERGFPGLPGPSGEPGK",0,0,1638.81653559208,806,822,1,"Equus","Equus asinus"
"1194","GERGFPGLPGPSGEPGK",1,0,1654.81144583225,806,822,1,"Equus","Equus asinus"
"1195","GERGFPGLPGPSGEPGK",2,0,1670.80635607243,806,822,1,"Equus","Equus asinus"
"1196","GERGFPGLPGPSGEPGK",3,0,1686.8012663126,806,822,1,"Equus","Equus asinus"
"1197","GERGFPGLPGPSGEPGK",4,0,1702.79617655277,806,822,1,"Equus","Equus asinus"
"1198","GERGFPGLPGPSGEPGK",5,0,1718.79108679295,806,822,1,"Equus","Equus asinus"
"1199","GFPGLPGPSGEPGK",0,0,1296.65130460262,809,822,0,"Equus","Equus asinus"
"1200","GFPGLPGPSGEPGK",1,0,1312.6462148428,809,822,0,"Equus","Equus asinus"
"1201","GFPGLPGPSGEPGK",2,0,1328.64112508297,809,822,0,"Equus","Equus asinus"
"1202","GFPGLPGPSGEPGK",3,0,1344.63603532314,809,822,0,"Equus","Equus asinus"
"1203","GFPGLPGPSGEPGK",4,0,1360.63094556332,809,822,0,"Equus","Equus asinus"
"1204","GFPGLPGPSGEPGK",5,0,1376.62585580349,809,822,0,"Equus","Equus asinus"
"1205","GFPGLPGPSGEPGKQGPSGASGER",0,0,2223.07207787037,809,832,1,"Equus","Equus asinus"
"1206","GFPGLPGPSGEPGKQGPSGASGER",0,1,2224.05608820915,809,832,1,"Equus","Equus asinus"
"1207","GFPGLPGPSGEPGKQGPSGASGER",1,0,2239.06698811054,809,832,1,"Equus","Equus asinus"
"1208","GFPGLPGPSGEPGKQGPSGASGER",1,1,2240.05099844933,809,832,1,"Equus","Equus asinus"
"1209","GFPGLPGPSGEPGKQGPSGASGER",2,0,2255.06189835072,809,832,1,"Equus","Equus asinus"
"1210","GFPGLPGPSGEPGKQGPSGASGER",2,1,2256.0459086895,809,832,1,"Equus","Equus asinus"
"1211","GFPGLPGPSGEPGKQGPSGASGER",3,0,2271.05680859089,809,832,1,"Equus","Equus asinus"
"1212","GFPGLPGPSGEPGKQGPSGASGER",3,1,2272.04081892967,809,832,1,"Equus","Equus asinus"
"1213","GFPGLPGPSGEPGKQGPSGASGER",4,0,2287.05171883106,809,832,1,"Equus","Equus asinus"
"1214","GFPGLPGPSGEPGKQGPSGASGER",4,1,2288.03572916985,809,832,1,"Equus","Equus asinus"
"1215","GFPGLPGPSGEPGKQGPSGASGER",5,0,2303.04662907124,809,832,1,"Equus","Equus asinus"
"1216","GFPGLPGPSGEPGKQGPSGASGER",5,1,2304.03063941002,809,832,1,"Equus","Equus asinus"
"1217","GFPGLPGPSGEPGKQGPSGASGER",6,0,2319.04153931141,809,832,1,"Equus","Equus asinus"
"1218","GFPGLPGPSGEPGKQGPSGASGER",6,1,2320.02554965019,809,832,1,"Equus","Equus asinus"
"1219","QGPSGASGER",0,0,945.43134355545,823,832,0,"Equus","Equus asinus"
"1220","QGPSGASGER",0,1,946.415353894234,823,832,0,"Equus","Equus asinus"
"1221","QGPSGASGER",1,0,961.426253795624,823,832,0,"Equus","Equus asinus"
"1222","QGPSGASGER",1,1,962.410264134407,823,832,0,"Equus","Equus asinus"
"1223","QGPSGASGERGPPGPVGPPGLAGPPGESGR",0,0,2679.3166590929,823,852,1,"Equus","Equus asinus"
"1224","QGPSGASGERGPPGPVGPPGLAGPPGESGR",0,1,2680.30066943169,823,852,1,"Equus","Equus asinus"
"1225","QGPSGASGERGPPGPVGPPGLAGPPGESGR",1,0,2695.31156933308,823,852,1,"Equus","Equus asinus"
"1226","QGPSGASGERGPPGPVGPPGLAGPPGESGR",1,1,2696.29557967186,823,852,1,"Equus","Equus asinus"
"1227","QGPSGASGERGPPGPVGPPGLAGPPGESGR",2,0,2711.30647957325,823,852,1,"Equus","Equus asinus"
"1228","QGPSGASGERGPPGPVGPPGLAGPPGESGR",2,1,2712.29048991203,823,852,1,"Equus","Equus asinus"
"1229","QGPSGASGERGPPGPVGPPGLAGPPGESGR",3,0,2727.30138981342,823,852,1,"Equus","Equus asinus"
"1230","QGPSGASGERGPPGPVGPPGLAGPPGESGR",3,1,2728.28540015221,823,852,1,"Equus","Equus asinus"
"1231","QGPSGASGERGPPGPVGPPGLAGPPGESGR",4,0,2743.2963000536,823,852,1,"Equus","Equus asinus"
"1232","QGPSGASGERGPPGPVGPPGLAGPPGESGR",4,1,2744.28031039238,823,852,1,"Equus","Equus asinus"
"1233","QGPSGASGERGPPGPVGPPGLAGPPGESGR",5,0,2759.29121029377,823,852,1,"Equus","Equus asinus"
"1234","QGPSGASGERGPPGPVGPPGLAGPPGESGR",5,1,2760.27522063255,823,852,1,"Equus","Equus asinus"
"1235","QGPSGASGERGPPGPVGPPGLAGPPGESGR",6,0,2775.28612053394,823,852,1,"Equus","Equus asinus"
"1236","QGPSGASGERGPPGPVGPPGLAGPPGESGR",6,1,2776.27013087273,823,852,1,"Equus","Equus asinus"
"1237","QGPSGASGERGPPGPVGPPGLAGPPGESGR",7,0,2791.28103077412,823,852,1,"Equus","Equus asinus"
"1238","QGPSGASGERGPPGPVGPPGLAGPPGESGR",7,1,2792.2650411129,823,852,1,"Equus","Equus asinus"
"1239","QGPSGASGERGPPGPVGPPGLAGPPGESGR",8,0,2807.27594101429,823,852,1,"Equus","Equus asinus"
"1240","QGPSGASGERGPPGPVGPPGLAGPPGESGR",8,1,2808.25995135307,823,852,1,"Equus","Equus asinus"
"1241","GPPGPVGPPGLAGPPGESGR",0,0,1752.89588582516,833,852,0,"Equus","Equus asinus"
"1242","GPPGPVGPPGLAGPPGESGR",1,0,1768.89079606533,833,852,0,"Equus","Equus asinus"
"1243","GPPGPVGPPGLAGPPGESGR",2,0,1784.8857063055,833,852,0,"Equus","Equus asinus"
"1244","GPPGPVGPPGLAGPPGESGR",3,0,1800.88061654568,833,852,0,"Equus","Equus asinus"
"1245","GPPGPVGPPGLAGPPGESGR",4,0,1816.87552678585,833,852,0,"Equus","Equus asinus"
"1246","GPPGPVGPPGLAGPPGESGR",5,0,1832.87043702602,833,852,0,"Equus","Equus asinus"
"1247","GPPGPVGPPGLAGPPGESGR",6,0,1848.8653472662,833,852,0,"Equus","Equus asinus"
"1248","GPPGPVGPPGLAGPPGESGR",7,0,1864.86025750637,833,852,0,"Equus","Equus asinus"
"1249","GPPGPVGPPGLAGPPGESGREGSPGAEGSPGR",0,0,2834.37492990494,833,864,1,"Equus","Equus asinus"
"1250","GPPGPVGPPGLAGPPGESGREGSPGAEGSPGR",1,0,2850.36984014511,833,864,1,"Equus","Equus asinus"
"1251","GPPGPVGPPGLAGPPGESGREGSPGAEGSPGR",2,0,2866.36475038528,833,864,1,"Equus","Equus asinus"
"1252","GPPGPVGPPGLAGPPGESGREGSPGAEGSPGR",3,0,2882.35966062546,833,864,1,"Equus","Equus asinus"
"1253","GPPGPVGPPGLAGPPGESGREGSPGAEGSPGR",4,0,2898.35457086563,833,864,1,"Equus","Equus asinus"
"1254","GPPGPVGPPGLAGPPGESGREGSPGAEGSPGR",5,0,2914.3494811058,833,864,1,"Equus","Equus asinus"
"1255","GPPGPVGPPGLAGPPGESGREGSPGAEGSPGR",6,0,2930.34439134598,833,864,1,"Equus","Equus asinus"
"1256","GPPGPVGPPGLAGPPGESGREGSPGAEGSPGR",7,0,2946.33930158615,833,864,1,"Equus","Equus asinus"
"1257","GPPGPVGPPGLAGPPGESGREGSPGAEGSPGR",8,0,2962.33421182632,833,864,1,"Equus","Equus asinus"
"1258","GPPGPVGPPGLAGPPGESGREGSPGAEGSPGR",9,0,2978.3291220665,833,864,1,"Equus","Equus asinus"
"1259","EGSPGAEGSPGR",0,0,1100.48961436749,853,864,0,"Equus","Equus asinus"
"1260","EGSPGAEGSPGR",1,0,1116.48452460766,853,864,0,"Equus","Equus asinus"
"1261","EGSPGAEGSPGR",2,0,1132.47943484783,853,864,0,"Equus","Equus asinus"
"1262","EGSPGAEGSPGRDGSPGPK",0,0,1738.79213678837,853,871,1,"Equus","Equus asinus"
"1263","EGSPGAEGSPGRDGSPGPK",1,0,1754.78704702854,853,871,1,"Equus","Equus asinus"
"1264","EGSPGAEGSPGRDGSPGPK",2,0,1770.78195726871,853,871,1,"Equus","Equus asinus"
"1265","EGSPGAEGSPGRDGSPGPK",3,0,1786.77686750889,853,871,1,"Equus","Equus asinus"
"1266","EGSPGAEGSPGRDGSPGPK",4,0,1802.77177774906,853,871,1,"Equus","Equus asinus"
"1267","EGSPGAEGSPGRDGSPGPK",5,0,1818.76668798923,853,871,1,"Equus","Equus asinus"
"1268","DGSPGPKGDR",0,0,985.462663650513,865,874,1,"Equus","Equus asinus"
"1269","DGSPGPKGDR",1,0,1001.45757389069,865,874,1,"Equus","Equus asinus"
"1270","DGSPGPKGDR",2,0,1017.45248413086,865,874,1,"Equus","Equus asinus"
"1271","DGSPGPKGDR",3,0,1033.44739437103,865,874,1,"Equus","Equus asinus"
"1272","GDRGETGPAGPPGAPGAPGAPGPVGPAGK",0,0,2449.21511828899,872,900,1,"Equus","Equus asinus"
"1273","GDRGETGPAGPPGAPGAPGAPGPVGPAGK",1,0,2465.21002852917,872,900,1,"Equus","Equus asinus"
"1274","GDRGETGPAGPPGAPGAPGAPGPVGPAGK",2,0,2481.20493876934,872,900,1,"Equus","Equus asinus"
"1275","GDRGETGPAGPPGAPGAPGAPGPVGPAGK",3,0,2497.19984900951,872,900,1,"Equus","Equus asinus"
"1276","GDRGETGPAGPPGAPGAPGAPGPVGPAGK",4,0,2513.19475924969,872,900,1,"Equus","Equus asinus"
"1277","GDRGETGPAGPPGAPGAPGAPGPVGPAGK",5,0,2529.18966948986,872,900,1,"Equus","Equus asinus"
"1278","GDRGETGPAGPPGAPGAPGAPGPVGPAGK",6,0,2545.18457973003,872,900,1,"Equus","Equus asinus"
"1279","GDRGETGPAGPPGAPGAPGAPGPVGPAGK",7,0,2561.17948997021,872,900,1,"Equus","Equus asinus"
"1280","GDRGETGPAGPPGAPGAPGAPGPVGPAGK",8,0,2577.17440021038,872,900,1,"Equus","Equus asinus"
"1281","GDRGETGPAGPPGAPGAPGAPGPVGPAGK",9,0,2593.16931045055,872,900,1,"Equus","Equus asinus"
"1282","GETGPAGPPGAPGAPGAPGPVGPAGK",0,0,2121.06554734707,875,900,0,"Equus","Equus asinus"
"1283","GETGPAGPPGAPGAPGAPGPVGPAGK",1,0,2137.06045758724,875,900,0,"Equus","Equus asinus"
"1284","GETGPAGPPGAPGAPGAPGPVGPAGK",2,0,2153.05536782742,875,900,0,"Equus","Equus asinus"
"1285","GETGPAGPPGAPGAPGAPGPVGPAGK",3,0,2169.05027806759,875,900,0,"Equus","Equus asinus"
"1286","GETGPAGPPGAPGAPGAPGPVGPAGK",4,0,2185.04518830776,875,900,0,"Equus","Equus asinus"
"1287","GETGPAGPPGAPGAPGAPGPVGPAGK",5,0,2201.04009854794,875,900,0,"Equus","Equus asinus"
"1288","GETGPAGPPGAPGAPGAPGPVGPAGK",6,0,2217.03500878811,875,900,0,"Equus","Equus asinus"
"1289","GETGPAGPPGAPGAPGAPGPVGPAGK",7,0,2233.02991902828,875,900,0,"Equus","Equus asinus"
"1290","GETGPAGPPGAPGAPGAPGPVGPAGK",8,0,2249.02482926846,875,900,0,"Equus","Equus asinus"
"1291","GETGPAGPPGAPGAPGAPGPVGPAGK",9,0,2265.01973950863,875,900,0,"Equus","Equus asinus"
"1292","GETGPAGPPGAPGAPGAPGPVGPAGKSGDR",0,0,2536.24715876579,875,904,1,"Equus","Equus asinus"
"1293","GETGPAGPPGAPGAPGAPGPVGPAGKSGDR",1,0,2552.24206900597,875,904,1,"Equus","Equus asinus"
"1294","GETGPAGPPGAPGAPGAPGPVGPAGKSGDR",2,0,2568.23697924614,875,904,1,"Equus","Equus asinus"
"1295","GETGPAGPPGAPGAPGAPGPVGPAGKSGDR",3,0,2584.23188948631,875,904,1,"Equus","Equus asinus"
"1296","GETGPAGPPGAPGAPGAPGPVGPAGKSGDR",4,0,2600.22679972649,875,904,1,"Equus","Equus asinus"
"1297","GETGPAGPPGAPGAPGAPGPVGPAGKSGDR",5,0,2616.22170996666,875,904,1,"Equus","Equus asinus"
"1298","GETGPAGPPGAPGAPGAPGPVGPAGKSGDR",6,0,2632.21662020683,875,904,1,"Equus","Equus asinus"
"1299","GETGPAGPPGAPGAPGAPGPVGPAGKSGDR",7,0,2648.21153044701,875,904,1,"Equus","Equus asinus"
"1300","GETGPAGPPGAPGAPGAPGPVGPAGKSGDR",8,0,2664.20644068718,875,904,1,"Equus","Equus asinus"
"1301","GETGPAGPPGAPGAPGAPGPVGPAGKSGDR",9,0,2680.20135092735,875,904,1,"Equus","Equus asinus"
"1302","SGDRGEAGPAGPAGPIGPVGAR",0,0,1945.97700643539,901,922,1,"Equus","Equus asinus"
"1303","SGDRGEAGPAGPAGPIGPVGAR",1,0,1961.97191667557,901,922,1,"Equus","Equus asinus"
"1304","SGDRGEAGPAGPAGPIGPVGAR",2,0,1977.96682691574,901,922,1,"Equus","Equus asinus"
"1305","SGDRGEAGPAGPAGPIGPVGAR",3,0,1993.96173715591,901,922,1,"Equus","Equus asinus"
"1306","SGDRGEAGPAGPAGPIGPVGAR",4,0,2009.95664739609,901,922,1,"Equus","Equus asinus"
"1307","GEAGPAGPAGPIGPVGAR",0,0,1530.79539501667,905,922,0,"Equus","Equus asinus"
"1308","GEAGPAGPAGPIGPVGAR",1,0,1546.79030525684,905,922,0,"Equus","Equus asinus"
"1309","GEAGPAGPAGPIGPVGAR",2,0,1562.78521549702,905,922,0,"Equus","Equus asinus"
"1310","GEAGPAGPAGPIGPVGAR",3,0,1578.78012573719,905,922,0,"Equus","Equus asinus"
"1311","GEAGPAGPAGPIGPVGAR",4,0,1594.77503597736,905,922,0,"Equus","Equus asinus"
"1312","GEAGPAGPAGPIGPVGARGPAGPQGPR",0,0,2348.21505713463,905,931,1,"Equus","Equus asinus"
"1313","GEAGPAGPAGPIGPVGARGPAGPQGPR",0,1,2349.19906747341,905,931,1,"Equus","Equus asinus"
"1314","GEAGPAGPAGPIGPVGARGPAGPQGPR",1,0,2364.2099673748,905,931,1,"Equus","Equus asinus"
"1315","GEAGPAGPAGPIGPVGARGPAGPQGPR",1,1,2365.19397771358,905,931,1,"Equus","Equus asinus"
"1316","GEAGPAGPAGPIGPVGARGPAGPQGPR",2,0,2380.20487761497,905,931,1,"Equus","Equus asinus"
"1317","GEAGPAGPAGPIGPVGARGPAGPQGPR",2,1,2381.18888795376,905,931,1,"Equus","Equus asinus"
"1318","GEAGPAGPAGPIGPVGARGPAGPQGPR",3,0,2396.19978785515,905,931,1,"Equus","Equus asinus"
"1319","GEAGPAGPAGPIGPVGARGPAGPQGPR",3,1,2397.18379819393,905,931,1,"Equus","Equus asinus"
"1320","GEAGPAGPAGPIGPVGARGPAGPQGPR",4,0,2412.19469809532,905,931,1,"Equus","Equus asinus"
"1321","GEAGPAGPAGPIGPVGARGPAGPQGPR",4,1,2413.1787084341,905,931,1,"Equus","Equus asinus"
"1322","GEAGPAGPAGPIGPVGARGPAGPQGPR",5,0,2428.18960833549,905,931,1,"Equus","Equus asinus"
"1323","GEAGPAGPAGPIGPVGARGPAGPQGPR",5,1,2429.17361867428,905,931,1,"Equus","Equus asinus"
"1324","GEAGPAGPAGPIGPVGARGPAGPQGPR",6,0,2444.18451857567,905,931,1,"Equus","Equus asinus"
"1325","GEAGPAGPAGPIGPVGARGPAGPQGPR",6,1,2445.16852891445,905,931,1,"Equus","Equus asinus"
"1326","GEAGPAGPAGPIGPVGARGPAGPQGPR",7,0,2460.17942881584,905,931,1,"Equus","Equus asinus"
"1327","GEAGPAGPAGPIGPVGARGPAGPQGPR",7,1,2461.16343915462,905,931,1,"Equus","Equus asinus"
"1328","GPAGPQGPR",0,0,836.430232405663,923,931,0,"Equus","Equus asinus"
"1329","GPAGPQGPR",0,1,837.414242744446,923,931,0,"Equus","Equus asinus"
"1330","GPAGPQGPR",1,0,852.425142645836,923,931,0,"Equus","Equus asinus"
"1331","GPAGPQGPR",1,1,853.409152984619,923,931,0,"Equus","Equus asinus"
"1332","GPAGPQGPR",2,0,868.420052886009,923,931,0,"Equus","Equus asinus"
"1333","GPAGPQGPR",2,1,869.404063224792,923,931,0,"Equus","Equus asinus"
"1334","GPAGPQGPR",3,0,884.414963126183,923,931,0,"Equus","Equus asinus"
"1335","GPAGPQGPR",3,1,885.398973464966,923,931,0,"Equus","Equus asinus"
"1336","GPAGPQGPRGDK",0,0,1136.57366359234,923,934,1,"Equus","Equus asinus"
"1337","GPAGPQGPRGDK",0,1,1137.55767393112,923,934,1,"Equus","Equus asinus"
"1338","GPAGPQGPRGDK",1,0,1152.56857383251,923,934,1,"Equus","Equus asinus"
"1339","GPAGPQGPRGDK",1,1,1153.5525841713,923,934,1,"Equus","Equus asinus"
"1340","GPAGPQGPRGDK",2,0,1168.56348407269,923,934,1,"Equus","Equus asinus"
"1341","GPAGPQGPRGDK",2,1,1169.54749441147,923,934,1,"Equus","Equus asinus"
"1342","GPAGPQGPRGDK",3,0,1184.55839431286,923,934,1,"Equus","Equus asinus"
"1343","GPAGPQGPRGDK",3,1,1185.54240465164,923,934,1,"Equus","Equus asinus"
"1344","GPAGPQGPRGDK",4,0,1200.55330455303,923,934,1,"Equus","Equus asinus"
"1345","GPAGPQGPRGDK",4,1,1201.53731489182,923,934,1,"Equus","Equus asinus"
"1346","GDKGETGEQGDR",0,0,1248.53803527355,932,943,1,"Equus","Equus asinus"
"1347","GDKGETGEQGDR",0,1,1249.52204561234,932,943,1,"Equus","Equus asinus"
"1348","GDKGETGEQGDR",1,0,1264.53294551373,932,943,1,"Equus","Equus asinus"
"1349","GDKGETGEQGDR",1,1,1265.51695585251,932,943,1,"Equus","Equus asinus"
"1350","GETGEQGDR",0,0,948.394604086876,935,943,0,"Equus","Equus asinus"
"1351","GETGEQGDR",0,1,949.378614425659,935,943,0,"Equus","Equus asinus"
"1352","GETGEQGDRGIK",0,0,1246.5951949358,935,946,1,"Equus","Equus asinus"
"1353","GETGEQGDRGIK",0,1,1247.57920527458,935,946,1,"Equus","Equus asinus"
"1354","GETGEQGDRGIK",1,0,1262.59010517597,935,946,1,"Equus","Equus asinus"
"1355","GETGEQGDRGIK",1,1,1263.57411551476,935,946,1,"Equus","Equus asinus"
"1356","GHRGFSGLQGPPGPPGSPGEQGPSGASGPAGPR",0,0,3007.44508945942,947,979,1,"Equus","Equus asinus"
"1357","GHRGFSGLQGPPGPPGSPGEQGPSGASGPAGPR",0,1,3008.4290997982,947,979,1,"Equus","Equus asinus"
"1358","GHRGFSGLQGPPGPPGSPGEQGPSGASGPAGPR",0,2,3009.41311013699,947,979,1,"Equus","Equus asinus"
"1359","GHRGFSGLQGPPGPPGSPGEQGPSGASGPAGPR",1,0,3023.43999969959,947,979,1,"Equus","Equus asinus"
"1360","GHRGFSGLQGPPGPPGSPGEQGPSGASGPAGPR",1,1,3024.42401003838,947,979,1,"Equus","Equus asinus"
"1361","GHRGFSGLQGPPGPPGSPGEQGPSGASGPAGPR",1,2,3025.40802037716,947,979,1,"Equus","Equus asinus"
"1362","GHRGFSGLQGPPGPPGSPGEQGPSGASGPAGPR",2,0,3039.43490993977,947,979,1,"Equus","Equus asinus"
"1363","GHRGFSGLQGPPGPPGSPGEQGPSGASGPAGPR",2,1,3040.41892027855,947,979,1,"Equus","Equus asinus"
"1364","GHRGFSGLQGPPGPPGSPGEQGPSGASGPAGPR",2,2,3041.40293061733,947,979,1,"Equus","Equus asinus"
"1365","GHRGFSGLQGPPGPPGSPGEQGPSGASGPAGPR",3,0,3055.42982017994,947,979,1,"Equus","Equus asinus"
"1366","GHRGFSGLQGPPGPPGSPGEQGPSGASGPAGPR",3,1,3056.41383051872,947,979,1,"Equus","Equus asinus"
"1367","GHRGFSGLQGPPGPPGSPGEQGPSGASGPAGPR",3,2,3057.39784085751,947,979,1,"Equus","Equus asinus"
"1368","GHRGFSGLQGPPGPPGSPGEQGPSGASGPAGPR",4,0,3071.42473042011,947,979,1,"Equus","Equus asinus"
"1369","GHRGFSGLQGPPGPPGSPGEQGPSGASGPAGPR",4,1,3072.4087407589,947,979,1,"Equus","Equus asinus"
"1370","GHRGFSGLQGPPGPPGSPGEQGPSGASGPAGPR",4,2,3073.39275109768,947,979,1,"Equus","Equus asinus"
"1371","GHRGFSGLQGPPGPPGSPGEQGPSGASGPAGPR",5,0,3087.41964066029,947,979,1,"Equus","Equus asinus"
"1372","GHRGFSGLQGPPGPPGSPGEQGPSGASGPAGPR",5,1,3088.40365099907,947,979,1,"Equus","Equus asinus"
"1373","GHRGFSGLQGPPGPPGSPGEQGPSGASGPAGPR",5,2,3089.38766133785,947,979,1,"Equus","Equus asinus"
"1374","GHRGFSGLQGPPGPPGSPGEQGPSGASGPAGPR",6,0,3103.41455090046,947,979,1,"Equus","Equus asinus"
"1375","GHRGFSGLQGPPGPPGSPGEQGPSGASGPAGPR",6,1,3104.39856123924,947,979,1,"Equus","Equus asinus"
"1376","GHRGFSGLQGPPGPPGSPGEQGPSGASGPAGPR",6,2,3105.38257157803,947,979,1,"Equus","Equus asinus"
"1377","GHRGFSGLQGPPGPPGSPGEQGPSGASGPAGPR",7,0,3119.40946114063,947,979,1,"Equus","Equus asinus"
"1378","GHRGFSGLQGPPGPPGSPGEQGPSGASGPAGPR",7,1,3120.39347147942,947,979,1,"Equus","Equus asinus"
"1379","GHRGFSGLQGPPGPPGSPGEQGPSGASGPAGPR",7,2,3121.3774818182,947,979,1,"Equus","Equus asinus"
"1380","GHRGFSGLQGPPGPPGSPGEQGPSGASGPAGPR",8,0,3135.40437138081,947,979,1,"Equus","Equus asinus"
"1381","GHRGFSGLQGPPGPPGSPGEQGPSGASGPAGPR",8,1,3136.38838171959,947,979,1,"Equus","Equus asinus"
"1382","GHRGFSGLQGPPGPPGSPGEQGPSGASGPAGPR",8,2,3137.37239205837,947,979,1,"Equus","Equus asinus"
"1383","GFSGLQGPPGPPGSPGEQGPSGASGPAGPR",0,0,2657.26353919506,950,979,0,"Equus","Equus asinus"
"1384","GFSGLQGPPGPPGSPGEQGPSGASGPAGPR",0,1,2658.24754953384,950,979,0,"Equus","Equus asinus"
"1385","GFSGLQGPPGPPGSPGEQGPSGASGPAGPR",0,2,2659.23155987263,950,979,0,"Equus","Equus asinus"
"1386","GFSGLQGPPGPPGSPGEQGPSGASGPAGPR",1,0,2673.25844943523,950,979,0,"Equus","Equus asinus"
"1387","GFSGLQGPPGPPGSPGEQGPSGASGPAGPR",1,1,2674.24245977402,950,979,0,"Equus","Equus asinus"
"1388","GFSGLQGPPGPPGSPGEQGPSGASGPAGPR",1,2,2675.2264701128,950,979,0,"Equus","Equus asinus"
"1389","GFSGLQGPPGPPGSPGEQGPSGASGPAGPR",2,0,2689.25335967541,950,979,0,"Equus","Equus asinus"
"1390","GFSGLQGPPGPPGSPGEQGPSGASGPAGPR",2,1,2690.23737001419,950,979,0,"Equus","Equus asinus"
"1391","GFSGLQGPPGPPGSPGEQGPSGASGPAGPR",2,2,2691.22138035297,950,979,0,"Equus","Equus asinus"
"1392","GFSGLQGPPGPPGSPGEQGPSGASGPAGPR",3,0,2705.24826991558,950,979,0,"Equus","Equus asinus"
"1393","GFSGLQGPPGPPGSPGEQGPSGASGPAGPR",3,1,2706.23228025436,950,979,0,"Equus","Equus asinus"
"1394","GFSGLQGPPGPPGSPGEQGPSGASGPAGPR",3,2,2707.21629059315,950,979,0,"Equus","Equus asinus"
"1395","GFSGLQGPPGPPGSPGEQGPSGASGPAGPR",4,0,2721.24318015575,950,979,0,"Equus","Equus asinus"
"1396","GFSGLQGPPGPPGSPGEQGPSGASGPAGPR",4,1,2722.22719049454,950,979,0,"Equus","Equus asinus"
"1397","GFSGLQGPPGPPGSPGEQGPSGASGPAGPR",4,2,2723.21120083332,950,979,0,"Equus","Equus asinus"
"1398","GFSGLQGPPGPPGSPGEQGPSGASGPAGPR",5,0,2737.23809039593,950,979,0,"Equus","Equus asinus"
"1399","GFSGLQGPPGPPGSPGEQGPSGASGPAGPR",5,1,2738.22210073471,950,979,0,"Equus","Equus asinus"
"1400","GFSGLQGPPGPPGSPGEQGPSGASGPAGPR",5,2,2739.20611107349,950,979,0,"Equus","Equus asinus"
"1401","GFSGLQGPPGPPGSPGEQGPSGASGPAGPR",6,0,2753.2330006361,950,979,0,"Equus","Equus asinus"
"1402","GFSGLQGPPGPPGSPGEQGPSGASGPAGPR",6,1,2754.21701097488,950,979,0,"Equus","Equus asinus"
"1403","GFSGLQGPPGPPGSPGEQGPSGASGPAGPR",6,2,2755.20102131367,950,979,0,"Equus","Equus asinus"
"1404","GFSGLQGPPGPPGSPGEQGPSGASGPAGPR",7,0,2769.22791087627,950,979,0,"Equus","Equus asinus"
"1405","GFSGLQGPPGPPGSPGEQGPSGASGPAGPR",7,1,2770.21192121506,950,979,0,"Equus","Equus asinus"
"1406","GFSGLQGPPGPPGSPGEQGPSGASGPAGPR",7,2,2771.19593155384,950,979,0,"Equus","Equus asinus"
"1407","GFSGLQGPPGPPGSPGEQGPSGASGPAGPR",8,0,2785.22282111645,950,979,0,"Equus","Equus asinus"
"1408","GFSGLQGPPGPPGSPGEQGPSGASGPAGPR",8,1,2786.20683145523,950,979,0,"Equus","Equus asinus"
"1409","GFSGLQGPPGPPGSPGEQGPSGASGPAGPR",8,2,2787.19084179401,950,979,0,"Equus","Equus asinus"
"1410","GPPGSAGAPGK",0,0,895.456133127213,980,990,0,"Equus","Equus asinus"
"1411","GPPGSAGAPGK",1,0,911.451043367386,980,990,0,"Equus","Equus asinus"
"1412","GPPGSAGAPGK",2,0,927.445953607559,980,990,0,"Equus","Equus asinus"
"1413","GPPGSAGAPGK",3,0,943.440863847733,980,990,0,"Equus","Equus asinus"
"1414","GPPGSAGAPGK",4,0,959.435774087906,980,990,0,"Equus","Equus asinus"
"1415","GPPGSAGAPGKDGLNGLPGPIGPPGPR",0,0,2390.25080776215,980,1006,1,"Equus","Equus asinus"
"1416","GPPGSAGAPGKDGLNGLPGPIGPPGPR",0,1,2391.23481810093,980,1006,1,"Equus","Equus asinus"
"1417","GPPGSAGAPGKDGLNGLPGPIGPPGPR",1,0,2406.24571800232,980,1006,1,"Equus","Equus asinus"
"1418","GPPGSAGAPGKDGLNGLPGPIGPPGPR",1,1,2407.2297283411,980,1006,1,"Equus","Equus asinus"
"1419","GPPGSAGAPGKDGLNGLPGPIGPPGPR",2,0,2422.24062824249,980,1006,1,"Equus","Equus asinus"
"1420","GPPGSAGAPGKDGLNGLPGPIGPPGPR",2,1,2423.22463858128,980,1006,1,"Equus","Equus asinus"
"1421","GPPGSAGAPGKDGLNGLPGPIGPPGPR",3,0,2438.23553848267,980,1006,1,"Equus","Equus asinus"
"1422","GPPGSAGAPGKDGLNGLPGPIGPPGPR",3,1,2439.21954882145,980,1006,1,"Equus","Equus asinus"
"1423","GPPGSAGAPGKDGLNGLPGPIGPPGPR",4,0,2454.23044872284,980,1006,1,"Equus","Equus asinus"
"1424","GPPGSAGAPGKDGLNGLPGPIGPPGPR",4,1,2455.21445906162,980,1006,1,"Equus","Equus asinus"
"1425","GPPGSAGAPGKDGLNGLPGPIGPPGPR",5,0,2470.22535896301,980,1006,1,"Equus","Equus asinus"
"1426","GPPGSAGAPGKDGLNGLPGPIGPPGPR",5,1,2471.2093693018,980,1006,1,"Equus","Equus asinus"
"1427","GPPGSAGAPGKDGLNGLPGPIGPPGPR",6,0,2486.22026920319,980,1006,1,"Equus","Equus asinus"
"1428","GPPGSAGAPGKDGLNGLPGPIGPPGPR",6,1,2487.20427954197,980,1006,1,"Equus","Equus asinus"
"1429","GPPGSAGAPGKDGLNGLPGPIGPPGPR",7,0,2502.21517944336,980,1006,1,"Equus","Equus asinus"
"1430","GPPGSAGAPGKDGLNGLPGPIGPPGPR",7,1,2503.19918978214,980,1006,1,"Equus","Equus asinus"
"1431","GPPGSAGAPGKDGLNGLPGPIGPPGPR",8,0,2518.21008968353,980,1006,1,"Equus","Equus asinus"
"1432","GPPGSAGAPGKDGLNGLPGPIGPPGPR",8,1,2519.19410002232,980,1006,1,"Equus","Equus asinus"
"1433","GPPGSAGAPGKDGLNGLPGPIGPPGPR",9,0,2534.20499992371,980,1006,1,"Equus","Equus asinus"
"1434","GPPGSAGAPGKDGLNGLPGPIGPPGPR",9,1,2535.18901026249,980,1006,1,"Equus","Equus asinus"
"1435","DGLNGLPGPIGPPGPR",0,0,1513.80524492264,991,1006,0,"Equus","Equus asinus"
"1436","DGLNGLPGPIGPPGPR",0,1,1514.78925526142,991,1006,0,"Equus","Equus asinus"
"1437","DGLNGLPGPIGPPGPR",1,0,1529.80015516281,991,1006,0,"Equus","Equus asinus"
"1438","DGLNGLPGPIGPPGPR",1,1,1530.78416550159,991,1006,0,"Equus","Equus asinus"
"1439","DGLNGLPGPIGPPGPR",2,0,1545.79506540298,991,1006,0,"Equus","Equus asinus"
"1440","DGLNGLPGPIGPPGPR",2,1,1546.77907574177,991,1006,0,"Equus","Equus asinus"
"1441","DGLNGLPGPIGPPGPR",3,0,1561.78997564316,991,1006,0,"Equus","Equus asinus"
"1442","DGLNGLPGPIGPPGPR",3,1,1562.77398598194,991,1006,0,"Equus","Equus asinus"
"1443","DGLNGLPGPIGPPGPR",4,0,1577.78488588333,991,1006,0,"Equus","Equus asinus"
"1444","DGLNGLPGPIGPPGPR",4,1,1578.76889622211,991,1006,0,"Equus","Equus asinus"
"1445","DGLNGLPGPIGPPGPR",5,0,1593.7797961235,991,1006,0,"Equus","Equus asinus"
"1446","DGLNGLPGPIGPPGPR",5,1,1594.76380646229,991,1006,0,"Equus","Equus asinus"
"1447","DGLNGLPGPIGPPGPRGR",0,0,1726.92786514759,991,1008,1,"Equus","Equus asinus"
"1448","DGLNGLPGPIGPPGPRGR",0,1,1727.91187548637,991,1008,1,"Equus","Equus asinus"
"1449","DGLNGLPGPIGPPGPRGR",1,0,1742.92277538776,991,1008,1,"Equus","Equus asinus"
"1450","DGLNGLPGPIGPPGPRGR",1,1,1743.90678572655,991,1008,1,"Equus","Equus asinus"
"1451","DGLNGLPGPIGPPGPRGR",2,0,1758.91768562794,991,1008,1,"Equus","Equus asinus"
"1452","DGLNGLPGPIGPPGPRGR",2,1,1759.90169596672,991,1008,1,"Equus","Equus asinus"
"1453","DGLNGLPGPIGPPGPRGR",3,0,1774.91259586811,991,1008,1,"Equus","Equus asinus"
"1454","DGLNGLPGPIGPPGPRGR",3,1,1775.89660620689,991,1008,1,"Equus","Equus asinus"
"1455","DGLNGLPGPIGPPGPRGR",4,0,1790.90750610828,991,1008,1,"Equus","Equus asinus"
"1456","DGLNGLPGPIGPPGPRGR",4,1,1791.89151644707,991,1008,1,"Equus","Equus asinus"
"1457","DGLNGLPGPIGPPGPRGR",5,0,1806.90241634846,991,1008,1,"Equus","Equus asinus"
"1458","DGLNGLPGPIGPPGPRGR",5,1,1807.88642668724,991,1008,1,"Equus","Equus asinus"
"1459","SHDGGRYYR",0,0,1110.50045311451,1047,1055,1,"Equus","Equus asinus"
"1460","ARQFDAK",0,0,835.434992551804,1056,1062,1,"Equus","Equus asinus"
"1461","ARQFDAK",0,1,836.419002890587,1056,1062,1,"Equus","Equus asinus"
"1462","ARQFDAK",1,0,851.429902791977,1056,1062,1,"Equus","Equus asinus"
"1463","ARQFDAK",1,1,852.41391313076,1056,1062,1,"Equus","Equus asinus"
"1464","QFDAKGGGPGPMGLMGPR",0,0,1772.85020673275,1058,1075,1,"Equus","Equus asinus"
"1465","QFDAKGGGPGPMGLMGPR",0,1,1773.83421707153,1058,1075,1,"Equus","Equus asinus"
"1466","QFDAKGGGPGPMGLMGPR",1,0,1788.84511697292,1058,1075,1,"Equus","Equus asinus"
"1467","QFDAKGGGPGPMGLMGPR",1,1,1789.82912731171,1058,1075,1,"Equus","Equus asinus"
"1468","QFDAKGGGPGPMGLMGPR",2,0,1804.8400272131,1058,1075,1,"Equus","Equus asinus"
"1469","QFDAKGGGPGPMGLMGPR",2,1,1805.82403755188,1058,1075,1,"Equus","Equus asinus"
"1470","QFDAKGGGPGPMGLMGPR",3,0,1820.83493745327,1058,1075,1,"Equus","Equus asinus"
"1471","QFDAKGGGPGPMGLMGPR",3,1,1821.81894779205,1058,1075,1,"Equus","Equus asinus"
"1472","QFDAKGGGPGPMGLMGPR",4,0,1836.82984769344,1058,1075,1,"Equus","Equus asinus"
"1473","QFDAKGGGPGPMGLMGPR",4,1,1837.81385803223,1058,1075,1,"Equus","Equus asinus"
"1474","QFDAKGGGPGPMGLMGPR",5,0,1852.82475793362,1058,1075,1,"Equus","Equus asinus"
"1475","QFDAKGGGPGPMGLMGPR",5,1,1853.8087682724,1058,1075,1,"Equus","Equus asinus"
"1476","QFDAKGGGPGPMGLMGPR",6,0,1868.81966817379,1058,1075,1,"Equus","Equus asinus"
"1477","QFDAKGGGPGPMGLMGPR",6,1,1869.80367851257,1058,1075,1,"Equus","Equus asinus"
"1478","GGGPGPMGLMGPR",0,0,1183.56406474113,1063,1075,0,"Equus","Equus asinus"
"1479","GGGPGPMGLMGPR",1,0,1199.55897498131,1063,1075,0,"Equus","Equus asinus"
"1480","GGGPGPMGLMGPR",2,0,1215.55388522148,1063,1075,0,"Equus","Equus asinus"
"1481","GGGPGPMGLMGPR",3,0,1231.54879546165,1063,1075,0,"Equus","Equus asinus"
"1482","GGGPGPMGLMGPR",4,0,1247.54370570183,1063,1075,0,"Equus","Equus asinus"
"1483","GGGPGPMGLMGPR",5,0,1263.538615942,1063,1075,0,"Equus","Equus asinus"
"1484","GPPGASGAPGPQGFQGPAGEPGEPGQTGPAGAR",0,0,2911.36507999897,1076,1108,0,"Equus","Equus asinus"
"1485","GPPGASGAPGPQGFQGPAGEPGEPGQTGPAGAR",0,1,2912.34909033775,1076,1108,0,"Equus","Equus asinus"
"1486","GPPGASGAPGPQGFQGPAGEPGEPGQTGPAGAR",0,2,2913.33310067654,1076,1108,0,"Equus","Equus asinus"
"1487","GPPGASGAPGPQGFQGPAGEPGEPGQTGPAGAR",0,3,2914.31711101532,1076,1108,0,"Equus","Equus asinus"
"1488","GPPGASGAPGPQGFQGPAGEPGEPGQTGPAGAR",1,0,2927.35999023914,1076,1108,0,"Equus","Equus asinus"
"1489","GPPGASGAPGPQGFQGPAGEPGEPGQTGPAGAR",1,1,2928.34400057793,1076,1108,0,"Equus","Equus asinus"
"1490","GPPGASGAPGPQGFQGPAGEPGEPGQTGPAGAR",1,2,2929.32801091671,1076,1108,0,"Equus","Equus asinus"
"1491","GPPGASGAPGPQGFQGPAGEPGEPGQTGPAGAR",1,3,2930.31202125549,1076,1108,0,"Equus","Equus asinus"
"1492","GPPGASGAPGPQGFQGPAGEPGEPGQTGPAGAR",2,0,2943.35490047932,1076,1108,0,"Equus","Equus asinus"
"1493","GPPGASGAPGPQGFQGPAGEPGEPGQTGPAGAR",2,1,2944.3389108181,1076,1108,0,"Equus","Equus asinus"
"1494","GPPGASGAPGPQGFQGPAGEPGEPGQTGPAGAR",2,2,2945.32292115688,1076,1108,0,"Equus","Equus asinus"
"1495","GPPGASGAPGPQGFQGPAGEPGEPGQTGPAGAR",2,3,2946.30693149567,1076,1108,0,"Equus","Equus asinus"
"1496","GPPGASGAPGPQGFQGPAGEPGEPGQTGPAGAR",3,0,2959.34981071949,1076,1108,0,"Equus","Equus asinus"
"1497","GPPGASGAPGPQGFQGPAGEPGEPGQTGPAGAR",3,1,2960.33382105827,1076,1108,0,"Equus","Equus asinus"
"1498","GPPGASGAPGPQGFQGPAGEPGEPGQTGPAGAR",3,2,2961.31783139706,1076,1108,0,"Equus","Equus asinus"
"1499","GPPGASGAPGPQGFQGPAGEPGEPGQTGPAGAR",3,3,2962.30184173584,1076,1108,0,"Equus","Equus asinus"
"1500","GPPGASGAPGPQGFQGPAGEPGEPGQTGPAGAR",4,0,2975.34472095966,1076,1108,0,"Equus","Equus asinus"
"1501","GPPGASGAPGPQGFQGPAGEPGEPGQTGPAGAR",4,1,2976.32873129845,1076,1108,0,"Equus","Equus asinus"
"1502","GPPGASGAPGPQGFQGPAGEPGEPGQTGPAGAR",4,2,2977.31274163723,1076,1108,0,"Equus","Equus asinus"
"1503","GPPGASGAPGPQGFQGPAGEPGEPGQTGPAGAR",4,3,2978.29675197601,1076,1108,0,"Equus","Equus asinus"
"1504","GPPGASGAPGPQGFQGPAGEPGEPGQTGPAGAR",5,0,2991.33963119984,1076,1108,0,"Equus","Equus asinus"
"1505","GPPGASGAPGPQGFQGPAGEPGEPGQTGPAGAR",5,1,2992.32364153862,1076,1108,0,"Equus","Equus asinus"
"1506","GPPGASGAPGPQGFQGPAGEPGEPGQTGPAGAR",5,2,2993.3076518774,1076,1108,0,"Equus","Equus asinus"
"1507","GPPGASGAPGPQGFQGPAGEPGEPGQTGPAGAR",5,3,2994.29166221619,1076,1108,0,"Equus","Equus asinus"
"1508","GPPGASGAPGPQGFQGPAGEPGEPGQTGPAGAR",6,0,3007.33454144001,1076,1108,0,"Equus","Equus asinus"
"1509","GPPGASGAPGPQGFQGPAGEPGEPGQTGPAGAR",6,1,3008.31855177879,1076,1108,0,"Equus","Equus asinus"
"1510","GPPGASGAPGPQGFQGPAGEPGEPGQTGPAGAR",6,2,3009.30256211758,1076,1108,0,"Equus","Equus asinus"
"1511","GPPGASGAPGPQGFQGPAGEPGEPGQTGPAGAR",6,3,3010.28657245636,1076,1108,0,"Equus","Equus asinus"
"1512","GPPGASGAPGPQGFQGPAGEPGEPGQTGPAGAR",7,0,3023.32945168018,1076,1108,0,"Equus","Equus asinus"
"1513","GPPGASGAPGPQGFQGPAGEPGEPGQTGPAGAR",7,1,3024.31346201897,1076,1108,0,"Equus","Equus asinus"
"1514","GPPGASGAPGPQGFQGPAGEPGEPGQTGPAGAR",7,2,3025.29747235775,1076,1108,0,"Equus","Equus asinus"
"1515","GPPGASGAPGPQGFQGPAGEPGEPGQTGPAGAR",7,3,3026.28148269653,1076,1108,0,"Equus","Equus asinus"
"1516","GPPGASGAPGPQGFQGPAGEPGEPGQTGPAGAR",8,0,3039.32436192036,1076,1108,0,"Equus","Equus asinus"
"1517","GPPGASGAPGPQGFQGPAGEPGEPGQTGPAGAR",8,1,3040.30837225914,1076,1108,0,"Equus","Equus asinus"
"1518","GPPGASGAPGPQGFQGPAGEPGEPGQTGPAGAR",8,2,3041.29238259792,1076,1108,0,"Equus","Equus asinus"
"1519","GPPGASGAPGPQGFQGPAGEPGEPGQTGPAGAR",8,3,3042.27639293671,1076,1108,0,"Equus","Equus asinus"
"1520","GPPGPPGKAGEDGHPGKPGRPGER",0,0,2304.1524169445,1109,1132,1,"Equus","Equus asinus"
"1521","GPPGPPGKAGEDGHPGKPGRPGER",1,0,2320.14732718468,1109,1132,1,"Equus","Equus asinus"
"1522","GPPGPPGKAGEDGHPGKPGRPGER",2,0,2336.14223742485,1109,1132,1,"Equus","Equus asinus"
"1523","GPPGPPGKAGEDGHPGKPGRPGER",3,0,2352.13714766502,1109,1132,1,"Equus","Equus asinus"
"1524","GPPGPPGKAGEDGHPGKPGRPGER",4,0,2368.1320579052,1109,1132,1,"Equus","Equus asinus"
"1525","GPPGPPGKAGEDGHPGKPGRPGER",5,0,2384.12696814537,1109,1132,1,"Equus","Equus asinus"
"1526","GPPGPPGKAGEDGHPGKPGRPGER",6,0,2400.12187838554,1109,1132,1,"Equus","Equus asinus"
"1527","GPPGPPGKAGEDGHPGKPGRPGER",7,0,2416.11678862572,1109,1132,1,"Equus","Equus asinus"
"1528","GPPGPPGKAGEDGHPGKPGRPGER",8,0,2432.11169886589,1109,1132,1,"Equus","Equus asinus"
"1529","GPPGPPGKAGEDGHPGKPGRPGER",9,0,2448.10660910606,1109,1132,1,"Equus","Equus asinus"
"1530","AGEDGHPGKPGRPGER",0,0,1616.78183495998,1117,1132,0,"Equus","Equus asinus"
"1531","AGEDGHPGKPGRPGER",1,0,1632.77674520016,1117,1132,0,"Equus","Equus asinus"
"1532","AGEDGHPGKPGRPGER",2,0,1648.77165544033,1117,1132,0,"Equus","Equus asinus"
"1533","AGEDGHPGKPGRPGER",3,0,1664.7665656805,1117,1132,0,"Equus","Equus asinus"
"1534","AGEDGHPGKPGRPGER",4,0,1680.76147592068,1117,1132,0,"Equus","Equus asinus"
"1535","AGEDGHPGKPGRPGERGVVGPQGAR",0,0,2438.232817173,1117,1141,1,"Equus","Equus asinus"
"1536","AGEDGHPGKPGRPGERGVVGPQGAR",0,1,2439.21682751179,1117,1141,1,"Equus","Equus asinus"
"1537","AGEDGHPGKPGRPGERGVVGPQGAR",1,0,2454.22772741318,1117,1141,1,"Equus","Equus asinus"
"1538","AGEDGHPGKPGRPGERGVVGPQGAR",1,1,2455.21173775196,1117,1141,1,"Equus","Equus asinus"
"1539","AGEDGHPGKPGRPGERGVVGPQGAR",2,0,2470.22263765335,1117,1141,1,"Equus","Equus asinus"
"1540","AGEDGHPGKPGRPGERGVVGPQGAR",2,1,2471.20664799213,1117,1141,1,"Equus","Equus asinus"
"1541","AGEDGHPGKPGRPGERGVVGPQGAR",3,0,2486.21754789352,1117,1141,1,"Equus","Equus asinus"
"1542","AGEDGHPGKPGRPGERGVVGPQGAR",3,1,2487.20155823231,1117,1141,1,"Equus","Equus asinus"
"1543","AGEDGHPGKPGRPGERGVVGPQGAR",4,0,2502.2124581337,1117,1141,1,"Equus","Equus asinus"
"1544","AGEDGHPGKPGRPGERGVVGPQGAR",4,1,2503.19646847248,1117,1141,1,"Equus","Equus asinus"
"1545","AGEDGHPGKPGRPGERGVVGPQGAR",5,0,2518.20736837387,1117,1141,1,"Equus","Equus asinus"
"1546","AGEDGHPGKPGRPGERGVVGPQGAR",5,1,2519.19137871265,1117,1141,1,"Equus","Equus asinus"
"1547","GVVGPQGAR",0,0,840.461552500725,1133,1141,0,"Equus","Equus asinus"
"1548","GVVGPQGAR",0,1,841.445562839508,1133,1141,0,"Equus","Equus asinus"
"1549","GVVGPQGAR",1,0,856.456462740898,1133,1141,0,"Equus","Equus asinus"
"1550","GVVGPQGAR",1,1,857.440473079681,1133,1141,0,"Equus","Equus asinus"
"1551","GVVGPQGARGFPGTPGLPGFK",0,0,1996.06952595711,1133,1153,1,"Equus","Equus asinus"
"1552","GVVGPQGARGFPGTPGLPGFK",0,1,1997.05353629589,1133,1153,1,"Equus","Equus asinus"
"1553","GVVGPQGARGFPGTPGLPGFK",1,0,2012.06443619728,1133,1153,1,"Equus","Equus asinus"
"1554","GVVGPQGARGFPGTPGLPGFK",1,1,2013.04844653606,1133,1153,1,"Equus","Equus asinus"
"1555","GVVGPQGARGFPGTPGLPGFK",2,0,2028.05934643745,1133,1153,1,"Equus","Equus asinus"
"1556","GVVGPQGARGFPGTPGLPGFK",2,1,2029.04335677624,1133,1153,1,"Equus","Equus asinus"
"1557","GVVGPQGARGFPGTPGLPGFK",3,0,2044.05425667763,1133,1153,1,"Equus","Equus asinus"
"1558","GVVGPQGARGFPGTPGLPGFK",3,1,2045.03826701641,1133,1153,1,"Equus","Equus asinus"
"1559","GVVGPQGARGFPGTPGLPGFK",4,0,2060.0491669178,1133,1153,1,"Equus","Equus asinus"
"1560","GVVGPQGARGFPGTPGLPGFK",4,1,2061.03317725658,1133,1153,1,"Equus","Equus asinus"
"1561","GVVGPQGARGFPGTPGLPGFK",5,0,2076.04407715797,1133,1153,1,"Equus","Equus asinus"
"1562","GVVGPQGARGFPGTPGLPGFK",5,1,2077.02808749676,1133,1153,1,"Equus","Equus asinus"
"1563","GFPGTPGLPGFK",0,0,1174.61854374409,1142,1153,0,"Equus","Equus asinus"
"1564","GFPGTPGLPGFK",1,0,1190.61345398426,1142,1153,0,"Equus","Equus asinus"
"1565","GFPGTPGLPGFK",2,0,1206.60836422443,1142,1153,0,"Equus","Equus asinus"
"1566","GFPGTPGLPGFK",3,0,1222.60327446461,1142,1153,0,"Equus","Equus asinus"
"1567","GFPGTPGLPGFK",4,0,1238.59818470478,1142,1153,0,"Equus","Equus asinus"
"1568","GFPGTPGLPGFKGIR",0,0,1500.82527434826,1142,1156,1,"Equus","Equus asinus"
"1569","GFPGTPGLPGFKGIR",1,0,1516.82018458843,1142,1156,1,"Equus","Equus asinus"
"1570","GFPGTPGLPGFKGIR",2,0,1532.81509482861,1142,1156,1,"Equus","Equus asinus"
"1571","GFPGTPGLPGFKGIR",3,0,1548.81000506878,1142,1156,1,"Equus","Equus asinus"
"1572","GFPGTPGLPGFKGIR",4,0,1564.80491530895,1142,1156,1,"Equus","Equus asinus"
"1573","GHKGLDGLK",0,0,924.519102931023,1157,1165,1,"Equus","Equus asinus"
"1574","GHKGLDGLK",1,0,940.514013171196,1157,1165,1,"Equus","Equus asinus"
"1575","GHKGLDGLK",2,0,956.508923411369,1157,1165,1,"Equus","Equus asinus"
"1576","GLDGLKGQPGAPGVK",0,0,1393.77287483215,1160,1174,1,"Equus","Equus asinus"
"1577","GLDGLKGQPGAPGVK",0,1,1394.75688517094,1160,1174,1,"Equus","Equus asinus"
"1578","GLDGLKGQPGAPGVK",1,0,1409.76778507233,1160,1174,1,"Equus","Equus asinus"
"1579","GLDGLKGQPGAPGVK",1,1,1410.75179541111,1160,1174,1,"Equus","Equus asinus"
"1580","GLDGLKGQPGAPGVK",2,0,1425.7626953125,1160,1174,1,"Equus","Equus asinus"
"1581","GLDGLKGQPGAPGVK",2,1,1426.74670565128,1160,1174,1,"Equus","Equus asinus"
"1582","GLDGLKGQPGAPGVK",3,0,1441.75760555267,1160,1174,1,"Equus","Equus asinus"
"1583","GLDGLKGQPGAPGVK",3,1,1442.74161589146,1160,1174,1,"Equus","Equus asinus"
"1584","GLDGLKGQPGAPGVK",4,0,1457.75251579285,1160,1174,1,"Equus","Equus asinus"
"1585","GLDGLKGQPGAPGVK",4,1,1458.73652613163,1160,1174,1,"Equus","Equus asinus"
"1586","GQPGAPGVK",0,0,810.439752697945,1166,1174,0,"Equus","Equus asinus"
"1587","GQPGAPGVK",0,1,811.423763036728,1166,1174,0,"Equus","Equus asinus"
"1588","GQPGAPGVK",1,0,826.434662938118,1166,1174,0,"Equus","Equus asinus"
"1589","GQPGAPGVK",1,1,827.418673276901,1166,1174,0,"Equus","Equus asinus"
"1590","GQPGAPGVK",2,0,842.429573178291,1166,1174,0,"Equus","Equus asinus"
"1591","GQPGAPGVK",2,1,843.413583517075,1166,1174,0,"Equus","Equus asinus"
"1592","GQPGAPGVK",3,0,858.424483418465,1166,1174,0,"Equus","Equus asinus"
"1593","GQPGAPGVK",3,1,859.408493757248,1166,1174,0,"Equus","Equus asinus"
"1594","GQPGAPGVKGEPGAPGENGTPGQAGAR",0,0,2414.17394828796,1166,1192,1,"Equus","Equus asinus"
"1595","GQPGAPGVKGEPGAPGENGTPGQAGAR",0,1,2415.15795862675,1166,1192,1,"Equus","Equus asinus"
"1596","GQPGAPGVKGEPGAPGENGTPGQAGAR",0,2,2416.14196896553,1166,1192,1,"Equus","Equus asinus"
"1597","GQPGAPGVKGEPGAPGENGTPGQAGAR",0,3,2417.12597930431,1166,1192,1,"Equus","Equus asinus"
"1598","GQPGAPGVKGEPGAPGENGTPGQAGAR",1,0,2430.16885852814,1166,1192,1,"Equus","Equus asinus"
"1599","GQPGAPGVKGEPGAPGENGTPGQAGAR",1,1,2431.15286886692,1166,1192,1,"Equus","Equus asinus"
"1600","GQPGAPGVKGEPGAPGENGTPGQAGAR",1,2,2432.1368792057,1166,1192,1,"Equus","Equus asinus"
"1601","GQPGAPGVKGEPGAPGENGTPGQAGAR",1,3,2433.12088954449,1166,1192,1,"Equus","Equus asinus"
"1602","GQPGAPGVKGEPGAPGENGTPGQAGAR",2,0,2446.16376876831,1166,1192,1,"Equus","Equus asinus"
"1603","GQPGAPGVKGEPGAPGENGTPGQAGAR",2,1,2447.14777910709,1166,1192,1,"Equus","Equus asinus"
"1604","GQPGAPGVKGEPGAPGENGTPGQAGAR",2,2,2448.13178944588,1166,1192,1,"Equus","Equus asinus"
"1605","GQPGAPGVKGEPGAPGENGTPGQAGAR",2,3,2449.11579978466,1166,1192,1,"Equus","Equus asinus"
"1606","GQPGAPGVKGEPGAPGENGTPGQAGAR",3,0,2462.15867900848,1166,1192,1,"Equus","Equus asinus"
"1607","GQPGAPGVKGEPGAPGENGTPGQAGAR",3,1,2463.14268934727,1166,1192,1,"Equus","Equus asinus"
"1608","GQPGAPGVKGEPGAPGENGTPGQAGAR",3,2,2464.12669968605,1166,1192,1,"Equus","Equus asinus"
"1609","GQPGAPGVKGEPGAPGENGTPGQAGAR",3,3,2465.11071002483,1166,1192,1,"Equus","Equus asinus"
"1610","GQPGAPGVKGEPGAPGENGTPGQAGAR",4,0,2478.15358924866,1166,1192,1,"Equus","Equus asinus"
"1611","GQPGAPGVKGEPGAPGENGTPGQAGAR",4,1,2479.13759958744,1166,1192,1,"Equus","Equus asinus"
"1612","GQPGAPGVKGEPGAPGENGTPGQAGAR",4,2,2480.12160992622,1166,1192,1,"Equus","Equus asinus"
"1613","GQPGAPGVKGEPGAPGENGTPGQAGAR",4,3,2481.10562026501,1166,1192,1,"Equus","Equus asinus"
"1614","GQPGAPGVKGEPGAPGENGTPGQAGAR",5,0,2494.14849948883,1166,1192,1,"Equus","Equus asinus"
"1615","GQPGAPGVKGEPGAPGENGTPGQAGAR",5,1,2495.13250982761,1166,1192,1,"Equus","Equus asinus"
"1616","GQPGAPGVKGEPGAPGENGTPGQAGAR",5,2,2496.1165201664,1166,1192,1,"Equus","Equus asinus"
"1617","GQPGAPGVKGEPGAPGENGTPGQAGAR",5,3,2497.10053050518,1166,1192,1,"Equus","Equus asinus"
"1618","GQPGAPGVKGEPGAPGENGTPGQAGAR",6,0,2510.143409729,1166,1192,1,"Equus","Equus asinus"
"1619","GQPGAPGVKGEPGAPGENGTPGQAGAR",6,1,2511.12742006779,1166,1192,1,"Equus","Equus asinus"
"1620","GQPGAPGVKGEPGAPGENGTPGQAGAR",6,2,2512.11143040657,1166,1192,1,"Equus","Equus asinus"
"1621","GQPGAPGVKGEPGAPGENGTPGQAGAR",6,3,2513.09544074535,1166,1192,1,"Equus","Equus asinus"
"1622","GEPGAPGENGTPGQAGAR",0,0,1622.74476587772,1175,1192,0,"Equus","Equus asinus"
"1623","GEPGAPGENGTPGQAGAR",0,1,1623.72877621651,1175,1192,0,"Equus","Equus asinus"
"1624","GEPGAPGENGTPGQAGAR",0,2,1624.71278655529,1175,1192,0,"Equus","Equus asinus"
"1625","GEPGAPGENGTPGQAGAR",1,0,1638.7396761179,1175,1192,0,"Equus","Equus asinus"
"1626","GEPGAPGENGTPGQAGAR",1,1,1639.72368645668,1175,1192,0,"Equus","Equus asinus"
"1627","GEPGAPGENGTPGQAGAR",1,2,1640.70769679546,1175,1192,0,"Equus","Equus asinus"
"1628","GEPGAPGENGTPGQAGAR",2,0,1654.73458635807,1175,1192,0,"Equus","Equus asinus"
"1629","GEPGAPGENGTPGQAGAR",2,1,1655.71859669685,1175,1192,0,"Equus","Equus asinus"
"1630","GEPGAPGENGTPGQAGAR",2,2,1656.70260703564,1175,1192,0,"Equus","Equus asinus"
"1631","GEPGAPGENGTPGQAGAR",3,0,1670.72949659824,1175,1192,0,"Equus","Equus asinus"
"1632","GEPGAPGENGTPGQAGAR",3,1,1671.71350693703,1175,1192,0,"Equus","Equus asinus"
"1633","GEPGAPGENGTPGQAGAR",3,2,1672.69751727581,1175,1192,0,"Equus","Equus asinus"
"1634","GEPGAPGENGTPGQAGARGLPGER",0,0,2232.06836771965,1175,1198,1,"Equus","Equus asinus"
"1635","GEPGAPGENGTPGQAGARGLPGER",0,1,2233.05237805843,1175,1198,1,"Equus","Equus asinus"
"1636","GEPGAPGENGTPGQAGARGLPGER",0,2,2234.03638839722,1175,1198,1,"Equus","Equus asinus"
"1637","GEPGAPGENGTPGQAGARGLPGER",1,0,2248.06327795982,1175,1198,1,"Equus","Equus asinus"
"1638","GEPGAPGENGTPGQAGARGLPGER",1,1,2249.04728829861,1175,1198,1,"Equus","Equus asinus"
"1639","GEPGAPGENGTPGQAGARGLPGER",1,2,2250.03129863739,1175,1198,1,"Equus","Equus asinus"
"1640","GEPGAPGENGTPGQAGARGLPGER",2,0,2264.0581882,1175,1198,1,"Equus","Equus asinus"
"1641","GEPGAPGENGTPGQAGARGLPGER",2,1,2265.04219853878,1175,1198,1,"Equus","Equus asinus"
"1642","GEPGAPGENGTPGQAGARGLPGER",2,2,2266.02620887756,1175,1198,1,"Equus","Equus asinus"
"1643","GEPGAPGENGTPGQAGARGLPGER",3,0,2280.05309844017,1175,1198,1,"Equus","Equus asinus"
"1644","GEPGAPGENGTPGQAGARGLPGER",3,1,2281.03710877895,1175,1198,1,"Equus","Equus asinus"
"1645","GEPGAPGENGTPGQAGARGLPGER",3,2,2282.02111911774,1175,1198,1,"Equus","Equus asinus"
"1646","GEPGAPGENGTPGQAGARGLPGER",4,0,2296.04800868034,1175,1198,1,"Equus","Equus asinus"
"1647","GEPGAPGENGTPGQAGARGLPGER",4,1,2297.03201901913,1175,1198,1,"Equus","Equus asinus"
"1648","GEPGAPGENGTPGQAGARGLPGER",4,2,2298.01602935791,1175,1198,1,"Equus","Equus asinus"
"1649","GLPGERGR",0,0,841.456792354584,1193,1200,1,"Equus","Equus asinus"
"1650","GLPGERGR",1,0,857.451702594757,1193,1200,1,"Equus","Equus asinus"
"1651","GRVGAPGPAGAR",0,0,1065.58417272568,1199,1210,1,"Equus","Equus asinus"
"1652","GRVGAPGPAGAR",1,0,1081.57908296585,1199,1210,1,"Equus","Equus asinus"
"1653","GRVGAPGPAGAR",2,0,1097.57399320602,1199,1210,1,"Equus","Equus asinus"
"1654","VGAPGPAGAR",0,0,852.461552500725,1201,1210,0,"Equus","Equus asinus"
"1655","VGAPGPAGAR",1,0,868.456462740898,1201,1210,0,"Equus","Equus asinus"
"1656","VGAPGPAGAR",2,0,884.451372981071,1201,1210,0,"Equus","Equus asinus"
"1657","VGAPGPAGARGSDGSVGPVGPAGPIGSAGPPGFPGAPGPK",0,0,3374.71751117706,1201,1240,1,"Equus","Equus asinus"
"1658","VGAPGPAGARGSDGSVGPVGPAGPIGSAGPPGFPGAPGPK",1,0,3390.71242141724,1201,1240,1,"Equus","Equus asinus"
"1659","VGAPGPAGARGSDGSVGPVGPAGPIGSAGPPGFPGAPGPK",2,0,3406.70733165741,1201,1240,1,"Equus","Equus asinus"
"1660","VGAPGPAGARGSDGSVGPVGPAGPIGSAGPPGFPGAPGPK",3,0,3422.70224189758,1201,1240,1,"Equus","Equus asinus"
"1661","VGAPGPAGARGSDGSVGPVGPAGPIGSAGPPGFPGAPGPK",4,0,3438.69715213776,1201,1240,1,"Equus","Equus asinus"
"1662","VGAPGPAGARGSDGSVGPVGPAGPIGSAGPPGFPGAPGPK",5,0,3454.69206237793,1201,1240,1,"Equus","Equus asinus"
"1663","VGAPGPAGARGSDGSVGPVGPAGPIGSAGPPGFPGAPGPK",6,0,3470.6869726181,1201,1240,1,"Equus","Equus asinus"
"1664","VGAPGPAGARGSDGSVGPVGPAGPIGSAGPPGFPGAPGPK",7,0,3486.68188285828,1201,1240,1,"Equus","Equus asinus"
"1665","VGAPGPAGARGSDGSVGPVGPAGPIGSAGPPGFPGAPGPK",8,0,3502.67679309845,1201,1240,1,"Equus","Equus asinus"
"1666","VGAPGPAGARGSDGSVGPVGPAGPIGSAGPPGFPGAPGPK",9,0,3518.67170333862,1201,1240,1,"Equus","Equus asinus"
"1667","VGAPGPAGARGSDGSVGPVGPAGPIGSAGPPGFPGAPGPK",10,0,3534.6666135788,1201,1240,1,"Equus","Equus asinus"
"1668","VGAPGPAGARGSDGSVGPVGPAGPIGSAGPPGFPGAPGPK",11,0,3550.66152381897,1201,1240,1,"Equus","Equus asinus"
"1669","GSDGSVGPVGPAGPIGSAGPPGFPGAPGPK",0,0,2541.26652896404,1211,1240,0,"Equus","Equus asinus"
"1670","GSDGSVGPVGPAGPIGSAGPPGFPGAPGPK",1,0,2557.26143920422,1211,1240,0,"Equus","Equus asinus"
"1671","GSDGSVGPVGPAGPIGSAGPPGFPGAPGPK",2,0,2573.25634944439,1211,1240,0,"Equus","Equus asinus"
"1672","GSDGSVGPVGPAGPIGSAGPPGFPGAPGPK",3,0,2589.25125968456,1211,1240,0,"Equus","Equus asinus"
"1673","GSDGSVGPVGPAGPIGSAGPPGFPGAPGPK",4,0,2605.24616992474,1211,1240,0,"Equus","Equus asinus"
"1674","GSDGSVGPVGPAGPIGSAGPPGFPGAPGPK",5,0,2621.24108016491,1211,1240,0,"Equus","Equus asinus"
"1675","GSDGSVGPVGPAGPIGSAGPPGFPGAPGPK",6,0,2637.23599040508,1211,1240,0,"Equus","Equus asinus"
"1676","GSDGSVGPVGPAGPIGSAGPPGFPGAPGPK",7,0,2653.23090064526,1211,1240,0,"Equus","Equus asinus"
"1677","GSDGSVGPVGPAGPIGSAGPPGFPGAPGPK",8,0,2669.22581088543,1211,1240,0,"Equus","Equus asinus"
"1678","GSDGSVGPVGPAGPIGSAGPPGFPGAPGPK",9,0,2685.2207211256,1211,1240,0,"Equus","Equus asinus"
"1679","GELGPVGNPGPAGPAGPR",0,0,1599.81686520576,1241,1258,0,"Equus","Equus asinus"
"1680","GELGPVGNPGPAGPAGPR",0,1,1600.80087554455,1241,1258,0,"Equus","Equus asinus"
"1681","GELGPVGNPGPAGPAGPR",1,0,1615.81177544594,1241,1258,0,"Equus","Equus asinus"
"1682","GELGPVGNPGPAGPAGPR",1,1,1616.79578578472,1241,1258,0,"Equus","Equus asinus"
"1683","GELGPVGNPGPAGPAGPR",2,0,1631.80668568611,1241,1258,0,"Equus","Equus asinus"
"1684","GELGPVGNPGPAGPAGPR",2,1,1632.79069602489,1241,1258,0,"Equus","Equus asinus"
"1685","GELGPVGNPGPAGPAGPR",3,0,1647.80159592628,1241,1258,0,"Equus","Equus asinus"
"1686","GELGPVGNPGPAGPAGPR",3,1,1648.78560626507,1241,1258,0,"Equus","Equus asinus"
"1687","GELGPVGNPGPAGPAGPR",4,0,1663.79650616646,1241,1258,0,"Equus","Equus asinus"
"1688","GELGPVGNPGPAGPAGPR",4,1,1664.78051650524,1241,1258,0,"Equus","Equus asinus"
"1689","GELGPVGNPGPAGPAGPR",5,0,1679.79141640663,1241,1258,0,"Equus","Equus asinus"
"1690","GELGPVGNPGPAGPAGPR",5,1,1680.77542674541,1241,1258,0,"Equus","Equus asinus"
"1691","GEVGLPGLSGPVGPPGNPGANGLTGAK",0,0,2370.23448848724,1259,1285,0,"Equus","Equus asinus"
"1692","GEVGLPGLSGPVGPPGNPGANGLTGAK",0,1,2371.21849882603,1259,1285,0,"Equus","Equus asinus"
"1693","GEVGLPGLSGPVGPPGNPGANGLTGAK",0,2,2372.20250916481,1259,1285,0,"Equus","Equus asinus"
"1694","GEVGLPGLSGPVGPPGNPGANGLTGAK",1,0,2386.22939872742,1259,1285,0,"Equus","Equus asinus"
"1695","GEVGLPGLSGPVGPPGNPGANGLTGAK",1,1,2387.2134090662,1259,1285,0,"Equus","Equus asinus"
"1696","GEVGLPGLSGPVGPPGNPGANGLTGAK",1,2,2388.19741940498,1259,1285,0,"Equus","Equus asinus"
"1697","GEVGLPGLSGPVGPPGNPGANGLTGAK",2,0,2402.22430896759,1259,1285,0,"Equus","Equus asinus"
"1698","GEVGLPGLSGPVGPPGNPGANGLTGAK",2,1,2403.20831930637,1259,1285,0,"Equus","Equus asinus"
"1699","GEVGLPGLSGPVGPPGNPGANGLTGAK",2,2,2404.19232964516,1259,1285,0,"Equus","Equus asinus"
"1700","GEVGLPGLSGPVGPPGNPGANGLTGAK",3,0,2418.21921920776,1259,1285,0,"Equus","Equus asinus"
"1701","GEVGLPGLSGPVGPPGNPGANGLTGAK",3,1,2419.20322954655,1259,1285,0,"Equus","Equus asinus"
"1702","GEVGLPGLSGPVGPPGNPGANGLTGAK",3,2,2420.18723988533,1259,1285,0,"Equus","Equus asinus"
"1703","GEVGLPGLSGPVGPPGNPGANGLTGAK",4,0,2434.21412944794,1259,1285,0,"Equus","Equus asinus"
"1704","GEVGLPGLSGPVGPPGNPGANGLTGAK",4,1,2435.19813978672,1259,1285,0,"Equus","Equus asinus"
"1705","GEVGLPGLSGPVGPPGNPGANGLTGAK",4,2,2436.1821501255,1259,1285,0,"Equus","Equus asinus"
"1706","GEVGLPGLSGPVGPPGNPGANGLTGAK",5,0,2450.20903968811,1259,1285,0,"Equus","Equus asinus"
"1707","GEVGLPGLSGPVGPPGNPGANGLTGAK",5,1,2451.19305002689,1259,1285,0,"Equus","Equus asinus"
"1708","GEVGLPGLSGPVGPPGNPGANGLTGAK",5,2,2452.17706036568,1259,1285,0,"Equus","Equus asinus"
"1709","GEVGLPGLSGPVGPPGNPGANGLTGAK",6,0,2466.20394992828,1259,1285,0,"Equus","Equus asinus"
"1710","GEVGLPGLSGPVGPPGNPGANGLTGAK",6,1,2467.18796026707,1259,1285,0,"Equus","Equus asinus"
"1711","GEVGLPGLSGPVGPPGNPGANGLTGAK",6,2,2468.17197060585,1259,1285,0,"Equus","Equus asinus"
"1712","GAAGLPGVAGAPGLPGPR",0,0,1514.83689463139,1286,1303,0,"Equus","Equus asinus"
"1713","GAAGLPGVAGAPGLPGPR",1,0,1530.83180487156,1286,1303,0,"Equus","Equus asinus"
"1714","GAAGLPGVAGAPGLPGPR",2,0,1546.82671511173,1286,1303,0,"Equus","Equus asinus"
"1715","GAAGLPGVAGAPGLPGPR",3,0,1562.82162535191,1286,1303,0,"Equus","Equus asinus"
"1716","GAAGLPGVAGAPGLPGPR",4,0,1578.81653559208,1286,1303,0,"Equus","Equus asinus"
"1717","GAAGLPGVAGAPGLPGPRGIPGPAGAAGATGAR",0,0,2719.46843826771,1286,1318,1,"Equus","Equus asinus"
"1718","GAAGLPGVAGAPGLPGPRGIPGPAGAAGATGAR",1,0,2735.46334850788,1286,1318,1,"Equus","Equus asinus"
"1719","GAAGLPGVAGAPGLPGPRGIPGPAGAAGATGAR",2,0,2751.45825874805,1286,1318,1,"Equus","Equus asinus"
"1720","GAAGLPGVAGAPGLPGPRGIPGPAGAAGATGAR",3,0,2767.45316898823,1286,1318,1,"Equus","Equus asinus"
"1721","GAAGLPGVAGAPGLPGPRGIPGPAGAAGATGAR",4,0,2783.4480792284,1286,1318,1,"Equus","Equus asinus"
"1722","GAAGLPGVAGAPGLPGPRGIPGPAGAAGATGAR",5,0,2799.44298946857,1286,1318,1,"Equus","Equus asinus"
"1723","GAAGLPGVAGAPGLPGPRGIPGPAGAAGATGAR",6,0,2815.43789970875,1286,1318,1,"Equus","Equus asinus"
"1724","GIPGPAGAAGATGAR",0,0,1223.64211392403,1304,1318,0,"Equus","Equus asinus"
"1725","GIPGPAGAAGATGAR",1,0,1239.6370241642,1304,1318,0,"Equus","Equus asinus"
"1726","GIPGPAGAAGATGAR",2,0,1255.63193440437,1304,1318,0,"Equus","Equus asinus"
"1727","GIPGPAGAAGATGARGLVGEPGPAGSK",0,0,2273.19292771816,1304,1330,1,"Equus","Equus asinus"
"1728","GIPGPAGAAGATGARGLVGEPGPAGSK",1,0,2289.18783795834,1304,1330,1,"Equus","Equus asinus"
"1729","GIPGPAGAAGATGARGLVGEPGPAGSK",2,0,2305.18274819851,1304,1330,1,"Equus","Equus asinus"
"1730","GIPGPAGAAGATGARGLVGEPGPAGSK",3,0,2321.17765843868,1304,1330,1,"Equus","Equus asinus"
"1731","GIPGPAGAAGATGARGLVGEPGPAGSK",4,0,2337.17256867886,1304,1330,1,"Equus","Equus asinus"
"1732","GIPGPAGAAGATGARGLVGEPGPAGSK",5,0,2353.16747891903,1304,1330,1,"Equus","Equus asinus"
"1733","GLVGEPGPAGSK",0,0,1068.56138408184,1319,1330,0,"Equus","Equus asinus"
"1734","GLVGEPGPAGSK",1,0,1084.55629432201,1319,1330,0,"Equus","Equus asinus"
"1735","GLVGEPGPAGSK",2,0,1100.55120456219,1319,1330,0,"Equus","Equus asinus"
"1736","GLVGEPGPAGSK",3,0,1116.54611480236,1319,1330,0,"Equus","Equus asinus"
"1737","GLVGEPGPAGSKGESGNK",0,0,1640.81692636013,1319,1336,1,"Equus","Equus asinus"
"1738","GLVGEPGPAGSKGESGNK",0,1,1641.80093669891,1319,1336,1,"Equus","Equus asinus"
"1739","GLVGEPGPAGSKGESGNK",1,0,1656.8118366003,1319,1336,1,"Equus","Equus asinus"
"1740","GLVGEPGPAGSKGESGNK",1,1,1657.79584693909,1319,1336,1,"Equus","Equus asinus"
"1741","GLVGEPGPAGSKGESGNK",2,0,1672.80674684048,1319,1336,1,"Equus","Equus asinus"
"1742","GLVGEPGPAGSKGESGNK",2,1,1673.79075717926,1319,1336,1,"Equus","Equus asinus"
"1743","GLVGEPGPAGSKGESGNK",3,0,1688.80165708065,1319,1336,1,"Equus","Equus asinus"
"1744","GLVGEPGPAGSKGESGNK",3,1,1689.78566741943,1319,1336,1,"Equus","Equus asinus"
"1745","GLVGEPGPAGSKGESGNK",4,0,1704.79656732082,1319,1336,1,"Equus","Equus asinus"
"1746","GLVGEPGPAGSKGESGNK",4,1,1705.78057765961,1319,1336,1,"Equus","Equus asinus"
"1747","GESGNKGEPGAAGPQGPPGPSGEEGK",0,0,2348.06809926033,1331,1356,1,"Equus","Equus asinus"
"1748","GESGNKGEPGAAGPQGPPGPSGEEGK",0,1,2349.05210959911,1331,1356,1,"Equus","Equus asinus"
"1749","GESGNKGEPGAAGPQGPPGPSGEEGK",0,2,2350.0361199379,1331,1356,1,"Equus","Equus asinus"
"1750","GESGNKGEPGAAGPQGPPGPSGEEGK",1,0,2364.0630095005,1331,1356,1,"Equus","Equus asinus"
"1751","GESGNKGEPGAAGPQGPPGPSGEEGK",1,1,2365.04701983929,1331,1356,1,"Equus","Equus asinus"
"1752","GESGNKGEPGAAGPQGPPGPSGEEGK",1,2,2366.03103017807,1331,1356,1,"Equus","Equus asinus"
"1753","GESGNKGEPGAAGPQGPPGPSGEEGK",2,0,2380.05791974068,1331,1356,1,"Equus","Equus asinus"
"1754","GESGNKGEPGAAGPQGPPGPSGEEGK",2,1,2381.04193007946,1331,1356,1,"Equus","Equus asinus"
"1755","GESGNKGEPGAAGPQGPPGPSGEEGK",2,2,2382.02594041824,1331,1356,1,"Equus","Equus asinus"
"1756","GESGNKGEPGAAGPQGPPGPSGEEGK",3,0,2396.05282998085,1331,1356,1,"Equus","Equus asinus"
"1757","GESGNKGEPGAAGPQGPPGPSGEEGK",3,1,2397.03684031963,1331,1356,1,"Equus","Equus asinus"
"1758","GESGNKGEPGAAGPQGPPGPSGEEGK",3,2,2398.02085065842,1331,1356,1,"Equus","Equus asinus"
"1759","GESGNKGEPGAAGPQGPPGPSGEEGK",4,0,2412.04774022102,1331,1356,1,"Equus","Equus asinus"
"1760","GESGNKGEPGAAGPQGPPGPSGEEGK",4,1,2413.03175055981,1331,1356,1,"Equus","Equus asinus"
"1761","GESGNKGEPGAAGPQGPPGPSGEEGK",4,2,2414.01576089859,1331,1356,1,"Equus","Equus asinus"
"1762","GESGNKGEPGAAGPQGPPGPSGEEGK",5,0,2428.0426504612,1331,1356,1,"Equus","Equus asinus"
"1763","GESGNKGEPGAAGPQGPPGPSGEEGK",5,1,2429.02666079998,1331,1356,1,"Equus","Equus asinus"
"1764","GESGNKGEPGAAGPQGPPGPSGEEGK",5,2,2430.01067113876,1331,1356,1,"Equus","Equus asinus"
"1765","GESGNKGEPGAAGPQGPPGPSGEEGK",6,0,2444.03756070137,1331,1356,1,"Equus","Equus asinus"
"1766","GESGNKGEPGAAGPQGPPGPSGEEGK",6,1,2445.02157104015,1331,1356,1,"Equus","Equus asinus"
"1767","GESGNKGEPGAAGPQGPPGPSGEEGK",6,2,2446.00558137894,1331,1356,1,"Equus","Equus asinus"
"1768","GESGNKGEPGAAGPQGPPGPSGEEGK",7,0,2460.03247094154,1331,1356,1,"Equus","Equus asinus"
"1769","GESGNKGEPGAAGPQGPPGPSGEEGK",7,1,2461.01648128033,1331,1356,1,"Equus","Equus asinus"
"1770","GESGNKGEPGAAGPQGPPGPSGEEGK",7,2,2462.00049161911,1331,1356,1,"Equus","Equus asinus"
"1771","GEPGAAGPQGPPGPSGEEGK",0,0,1775.81255698204,1337,1356,0,"Equus","Equus asinus"
"1772","GEPGAAGPQGPPGPSGEEGK",0,1,1776.79656732082,1337,1356,0,"Equus","Equus asinus"
"1773","GEPGAAGPQGPPGPSGEEGK",1,0,1791.80746722221,1337,1356,0,"Equus","Equus asinus"
"1774","GEPGAAGPQGPPGPSGEEGK",1,1,1792.791477561,1337,1356,0,"Equus","Equus asinus"
"1775","GEPGAAGPQGPPGPSGEEGK",2,0,1807.80237746239,1337,1356,0,"Equus","Equus asinus"
"1776","GEPGAAGPQGPPGPSGEEGK",2,1,1808.78638780117,1337,1356,0,"Equus","Equus asinus"
"1777","GEPGAAGPQGPPGPSGEEGK",3,0,1823.79728770256,1337,1356,0,"Equus","Equus asinus"
"1778","GEPGAAGPQGPPGPSGEEGK",3,1,1824.78129804134,1337,1356,0,"Equus","Equus asinus"
"1779","GEPGAAGPQGPPGPSGEEGK",4,0,1839.79219794273,1337,1356,0,"Equus","Equus asinus"
"1780","GEPGAAGPQGPPGPSGEEGK",4,1,1840.77620828152,1337,1356,0,"Equus","Equus asinus"
"1781","GEPGAAGPQGPPGPSGEEGK",5,0,1855.78710818291,1337,1356,0,"Equus","Equus asinus"
"1782","GEPGAAGPQGPPGPSGEEGK",5,1,1856.77111852169,1337,1356,0,"Equus","Equus asinus"
"1783","GEPGAAGPQGPPGPSGEEGK",6,0,1871.78201842308,1337,1356,0,"Equus","Equus asinus"
"1784","GEPGAAGPQGPPGPSGEEGK",6,1,1872.76602876186,1337,1356,0,"Equus","Equus asinus"
"1785","GEPGAAGPQGPPGPSGEEGKR",0,0,1931.9137070179,1337,1357,1,"Equus","Equus asinus"
"1786","GEPGAAGPQGPPGPSGEEGKR",0,1,1932.89771735668,1337,1357,1,"Equus","Equus asinus"
"1787","GEPGAAGPQGPPGPSGEEGKR",1,0,1947.90861725807,1337,1357,1,"Equus","Equus asinus"
"1788","GEPGAAGPQGPPGPSGEEGKR",1,1,1948.89262759686,1337,1357,1,"Equus","Equus asinus"
"1789","GEPGAAGPQGPPGPSGEEGKR",2,0,1963.90352749825,1337,1357,1,"Equus","Equus asinus"
"1790","GEPGAAGPQGPPGPSGEEGKR",2,1,1964.88753783703,1337,1357,1,"Equus","Equus asinus"
"1791","GEPGAAGPQGPPGPSGEEGKR",3,0,1979.89843773842,1337,1357,1,"Equus","Equus asinus"
"1792","GEPGAAGPQGPPGPSGEEGKR",3,1,1980.8824480772,1337,1357,1,"Equus","Equus asinus"
"1793","GEPGAAGPQGPPGPSGEEGKR",4,0,1995.89334797859,1337,1357,1,"Equus","Equus asinus"
"1794","GEPGAAGPQGPPGPSGEEGKR",4,1,1996.87735831738,1337,1357,1,"Equus","Equus asinus"
"1795","GEPGAAGPQGPPGPSGEEGKR",5,0,2011.88825821877,1337,1357,1,"Equus","Equus asinus"
"1796","GEPGAAGPQGPPGPSGEEGKR",5,1,2012.87226855755,1337,1357,1,"Equus","Equus asinus"
"1797","GEPGAAGPQGPPGPSGEEGKR",6,0,2027.88316845894,1337,1357,1,"Equus","Equus asinus"
"1798","GEPGAAGPQGPPGPSGEEGKR",6,1,2028.86717879772,1337,1357,1,"Equus","Equus asinus"
"1799","RGPNGEPGSTGPAGPPGLR",0,0,1773.89217567444,1357,1375,1,"Equus","Equus asinus"
"1800","RGPNGEPGSTGPAGPPGLR",0,1,1774.87618601322,1357,1375,1,"Equus","Equus asinus"
"1801","RGPNGEPGSTGPAGPPGLR",1,0,1789.88708591461,1357,1375,1,"Equus","Equus asinus"
"1802","RGPNGEPGSTGPAGPPGLR",1,1,1790.8710962534,1357,1375,1,"Equus","Equus asinus"
"1803","RGPNGEPGSTGPAGPPGLR",2,0,1805.88199615479,1357,1375,1,"Equus","Equus asinus"
"1804","RGPNGEPGSTGPAGPPGLR",2,1,1806.86600649357,1357,1375,1,"Equus","Equus asinus"
"1805","RGPNGEPGSTGPAGPPGLR",3,0,1821.87690639496,1357,1375,1,"Equus","Equus asinus"
"1806","RGPNGEPGSTGPAGPPGLR",3,1,1822.86091673374,1357,1375,1,"Equus","Equus asinus"
"1807","RGPNGEPGSTGPAGPPGLR",4,0,1837.87181663513,1357,1375,1,"Equus","Equus asinus"
"1808","RGPNGEPGSTGPAGPPGLR",4,1,1838.85582697392,1357,1375,1,"Equus","Equus asinus"
"1809","RGPNGEPGSTGPAGPPGLR",5,0,1853.86672687531,1357,1375,1,"Equus","Equus asinus"
"1810","RGPNGEPGSTGPAGPPGLR",5,1,1854.85073721409,1357,1375,1,"Equus","Equus asinus"
"1811","GPNGEPGSTGPAGPPGLR",0,0,1617.79102563858,1358,1375,0,"Equus","Equus asinus"
"1812","GPNGEPGSTGPAGPPGLR",0,1,1618.77503597736,1358,1375,0,"Equus","Equus asinus"
"1813","GPNGEPGSTGPAGPPGLR",1,0,1633.78593587875,1358,1375,0,"Equus","Equus asinus"
"1814","GPNGEPGSTGPAGPPGLR",1,1,1634.76994621754,1358,1375,0,"Equus","Equus asinus"
"1815","GPNGEPGSTGPAGPPGLR",2,0,1649.78084611893,1358,1375,0,"Equus","Equus asinus"
"1816","GPNGEPGSTGPAGPPGLR",2,1,1650.76485645771,1358,1375,0,"Equus","Equus asinus"
"1817","GPNGEPGSTGPAGPPGLR",3,0,1665.7757563591,1358,1375,0,"Equus","Equus asinus"
"1818","GPNGEPGSTGPAGPPGLR",3,1,1666.75976669788,1358,1375,0,"Equus","Equus asinus"
"1819","GPNGEPGSTGPAGPPGLR",4,0,1681.77066659927,1358,1375,0,"Equus","Equus asinus"
"1820","GPNGEPGSTGPAGPPGLR",4,1,1682.75467693806,1358,1375,0,"Equus","Equus asinus"
"1821","GPNGEPGSTGPAGPPGLR",5,0,1697.76557683945,1358,1375,0,"Equus","Equus asinus"
"1822","GPNGEPGSTGPAGPPGLR",5,1,1698.74958717823,1358,1375,0,"Equus","Equus asinus"
"1823","GPNGEPGSTGPAGPPGLRGSPGSR",0,0,2159.05198729038,1358,1381,1,"Equus","Equus asinus"
"1824","GPNGEPGSTGPAGPPGLRGSPGSR",0,1,2160.03599762917,1358,1381,1,"Equus","Equus asinus"
"1825","GPNGEPGSTGPAGPPGLRGSPGSR",1,0,2175.04689753056,1358,1381,1,"Equus","Equus asinus"
"1826","GPNGEPGSTGPAGPPGLRGSPGSR",1,1,2176.03090786934,1358,1381,1,"Equus","Equus asinus"
"1827","GPNGEPGSTGPAGPPGLRGSPGSR",2,0,2191.04180777073,1358,1381,1,"Equus","Equus asinus"
"1828","GPNGEPGSTGPAGPPGLRGSPGSR",2,1,2192.02581810951,1358,1381,1,"Equus","Equus asinus"
"1829","GPNGEPGSTGPAGPPGLRGSPGSR",3,0,2207.0367180109,1358,1381,1,"Equus","Equus asinus"
"1830","GPNGEPGSTGPAGPPGLRGSPGSR",3,1,2208.02072834969,1358,1381,1,"Equus","Equus asinus"
"1831","GPNGEPGSTGPAGPPGLRGSPGSR",4,0,2223.03162825108,1358,1381,1,"Equus","Equus asinus"
"1832","GPNGEPGSTGPAGPPGLRGSPGSR",4,1,2224.01563858986,1358,1381,1,"Equus","Equus asinus"
"1833","GPNGEPGSTGPAGPPGLRGSPGSR",5,0,2239.02653849125,1358,1381,1,"Equus","Equus asinus"
"1834","GPNGEPGSTGPAGPPGLRGSPGSR",5,1,2240.01054883003,1358,1381,1,"Equus","Equus asinus"
"1835","GPNGEPGSTGPAGPPGLRGSPGSR",6,0,2255.02144873142,1358,1381,1,"Equus","Equus asinus"
"1836","GPNGEPGSTGPAGPPGLRGSPGSR",6,1,2256.00545907021,1358,1381,1,"Equus","Equus asinus"
"1837","GSPGSRGLPGADGR",0,0,1283.63807415962,1376,1389,1,"Equus","Equus asinus"
"1838","GSPGSRGLPGADGR",1,0,1299.6329843998,1376,1389,1,"Equus","Equus asinus"
"1839","GSPGSRGLPGADGR",2,0,1315.62789463997,1376,1389,1,"Equus","Equus asinus"
"1840","GLPGADGRAGVMGPAGSR",0,0,1625.81073570251,1382,1399,1,"Equus","Equus asinus"
"1841","GLPGADGRAGVMGPAGSR",1,0,1641.80564594269,1382,1399,1,"Equus","Equus asinus"
"1842","GLPGADGRAGVMGPAGSR",2,0,1657.80055618286,1382,1399,1,"Equus","Equus asinus"
"1843","GLPGADGRAGVMGPAGSR",3,0,1673.79546642303,1382,1399,1,"Equus","Equus asinus"
"1844","AGVMGPAGSR",0,0,902.444193482399,1390,1399,0,"Equus","Equus asinus"
"1845","AGVMGPAGSR",1,0,918.439103722572,1390,1399,0,"Equus","Equus asinus"
"1846","AGVMGPAGSR",2,0,934.434013962746,1390,1399,0,"Equus","Equus asinus"
"1847","AGVMGPAGSRGATGPAGVR",0,0,1668.85295569897,1390,1408,1,"Equus","Equus asinus"
"1848","AGVMGPAGSRGATGPAGVR",1,0,1684.84786593914,1390,1408,1,"Equus","Equus asinus"
"1849","AGVMGPAGSRGATGPAGVR",2,0,1700.84277617931,1390,1408,1,"Equus","Equus asinus"
"1850","AGVMGPAGSRGATGPAGVR",3,0,1716.83768641949,1390,1408,1,"Equus","Equus asinus"
"1851","GATGPAGVRGPNGDSGRPGEPGLMGPR",0,0,2517.23078858852,1400,1426,1,"Equus","Equus asinus"
"1852","GATGPAGVRGPNGDSGRPGEPGLMGPR",0,1,2518.21479892731,1400,1426,1,"Equus","Equus asinus"
"1853","GATGPAGVRGPNGDSGRPGEPGLMGPR",1,0,2533.2256988287,1400,1426,1,"Equus","Equus asinus"
"1854","GATGPAGVRGPNGDSGRPGEPGLMGPR",1,1,2534.20970916748,1400,1426,1,"Equus","Equus asinus"
"1855","GATGPAGVRGPNGDSGRPGEPGLMGPR",2,0,2549.22060906887,1400,1426,1,"Equus","Equus asinus"
"1856","GATGPAGVRGPNGDSGRPGEPGLMGPR",2,1,2550.20461940765,1400,1426,1,"Equus","Equus asinus"
"1857","GATGPAGVRGPNGDSGRPGEPGLMGPR",3,0,2565.21551930904,1400,1426,1,"Equus","Equus asinus"
"1858","GATGPAGVRGPNGDSGRPGEPGLMGPR",3,1,2566.19952964783,1400,1426,1,"Equus","Equus asinus"
"1859","GATGPAGVRGPNGDSGRPGEPGLMGPR",4,0,2581.21042954922,1400,1426,1,"Equus","Equus asinus"
"1860","GATGPAGVRGPNGDSGRPGEPGLMGPR",4,1,2582.194439888,1400,1426,1,"Equus","Equus asinus"
"1861","GATGPAGVRGPNGDSGRPGEPGLMGPR",5,0,2597.20533978939,1400,1426,1,"Equus","Equus asinus"
"1862","GATGPAGVRGPNGDSGRPGEPGLMGPR",5,1,2598.18935012817,1400,1426,1,"Equus","Equus asinus"
"1863","GATGPAGVRGPNGDSGRPGEPGLMGPR",6,0,2613.20025002956,1400,1426,1,"Equus","Equus asinus"
"1864","GATGPAGVRGPNGDSGRPGEPGLMGPR",6,1,2614.18426036835,1400,1426,1,"Equus","Equus asinus"
"1865","GPNGDSGRPGEPGLMGPR",0,0,1750.82202637196,1409,1426,0,"Equus","Equus asinus"
"1866","GPNGDSGRPGEPGLMGPR",0,1,1751.80603671074,1409,1426,0,"Equus","Equus asinus"
"1867","GPNGDSGRPGEPGLMGPR",1,0,1766.81693661213,1409,1426,0,"Equus","Equus asinus"
"1868","GPNGDSGRPGEPGLMGPR",1,1,1767.80094695091,1409,1426,0,"Equus","Equus asinus"
"1869","GPNGDSGRPGEPGLMGPR",2,0,1782.8118468523,1409,1426,0,"Equus","Equus asinus"
"1870","GPNGDSGRPGEPGLMGPR",2,1,1783.79585719109,1409,1426,0,"Equus","Equus asinus"
"1871","GPNGDSGRPGEPGLMGPR",3,0,1798.80675709248,1409,1426,0,"Equus","Equus asinus"
"1872","GPNGDSGRPGEPGLMGPR",3,1,1799.79076743126,1409,1426,0,"Equus","Equus asinus"
"1873","GPNGDSGRPGEPGLMGPR",4,0,1814.80166733265,1409,1426,0,"Equus","Equus asinus"
"1874","GPNGDSGRPGEPGLMGPR",4,1,1815.78567767143,1409,1426,0,"Equus","Equus asinus"
"1875","GPNGDSGRPGEPGLMGPR",5,0,1830.79657757282,1409,1426,0,"Equus","Equus asinus"
"1876","GPNGDSGRPGEPGLMGPR",5,1,1831.78058791161,1409,1426,0,"Equus","Equus asinus"
"1877","GPNGDSGRPGEPGLMGPRGFPGSPGNIGPAGK",0,0,2987.44743025303,1409,1440,1,"Equus","Equus asinus"
"1878","GPNGDSGRPGEPGLMGPRGFPGSPGNIGPAGK",0,1,2988.43144059181,1409,1440,1,"Equus","Equus asinus"
"1879","GPNGDSGRPGEPGLMGPRGFPGSPGNIGPAGK",0,2,2989.4154509306,1409,1440,1,"Equus","Equus asinus"
"1880","GPNGDSGRPGEPGLMGPRGFPGSPGNIGPAGK",1,0,3003.4423404932,1409,1440,1,"Equus","Equus asinus"
"1881","GPNGDSGRPGEPGLMGPRGFPGSPGNIGPAGK",1,1,3004.42635083199,1409,1440,1,"Equus","Equus asinus"
"1882","GPNGDSGRPGEPGLMGPRGFPGSPGNIGPAGK",1,2,3005.41036117077,1409,1440,1,"Equus","Equus asinus"
"1883","GPNGDSGRPGEPGLMGPRGFPGSPGNIGPAGK",2,0,3019.43725073338,1409,1440,1,"Equus","Equus asinus"
"1884","GPNGDSGRPGEPGLMGPRGFPGSPGNIGPAGK",2,1,3020.42126107216,1409,1440,1,"Equus","Equus asinus"
"1885","GPNGDSGRPGEPGLMGPRGFPGSPGNIGPAGK",2,2,3021.40527141094,1409,1440,1,"Equus","Equus asinus"
"1886","GPNGDSGRPGEPGLMGPRGFPGSPGNIGPAGK",3,0,3035.43216097355,1409,1440,1,"Equus","Equus asinus"
"1887","GPNGDSGRPGEPGLMGPRGFPGSPGNIGPAGK",3,1,3036.41617131233,1409,1440,1,"Equus","Equus asinus"
"1888","GPNGDSGRPGEPGLMGPRGFPGSPGNIGPAGK",3,2,3037.40018165112,1409,1440,1,"Equus","Equus asinus"
"1889","GPNGDSGRPGEPGLMGPRGFPGSPGNIGPAGK",4,0,3051.42707121372,1409,1440,1,"Equus","Equus asinus"
"1890","GPNGDSGRPGEPGLMGPRGFPGSPGNIGPAGK",4,1,3052.41108155251,1409,1440,1,"Equus","Equus asinus"
"1891","GPNGDSGRPGEPGLMGPRGFPGSPGNIGPAGK",4,2,3053.39509189129,1409,1440,1,"Equus","Equus asinus"
"1892","GPNGDSGRPGEPGLMGPRGFPGSPGNIGPAGK",5,0,3067.4219814539,1409,1440,1,"Equus","Equus asinus"
"1893","GPNGDSGRPGEPGLMGPRGFPGSPGNIGPAGK",5,1,3068.40599179268,1409,1440,1,"Equus","Equus asinus"
"1894","GPNGDSGRPGEPGLMGPRGFPGSPGNIGPAGK",5,2,3069.39000213146,1409,1440,1,"Equus","Equus asinus"
"1895","GPNGDSGRPGEPGLMGPRGFPGSPGNIGPAGK",6,0,3083.41689169407,1409,1440,1,"Equus","Equus asinus"
"1896","GPNGDSGRPGEPGLMGPRGFPGSPGNIGPAGK",6,1,3084.40090203285,1409,1440,1,"Equus","Equus asinus"
"1897","GPNGDSGRPGEPGLMGPRGFPGSPGNIGPAGK",6,2,3085.38491237164,1409,1440,1,"Equus","Equus asinus"
"1898","GPNGDSGRPGEPGLMGPRGFPGSPGNIGPAGK",7,0,3099.41180193424,1409,1440,1,"Equus","Equus asinus"
"1899","GPNGDSGRPGEPGLMGPRGFPGSPGNIGPAGK",7,1,3100.39581227303,1409,1440,1,"Equus","Equus asinus"
"1900","GPNGDSGRPGEPGLMGPRGFPGSPGNIGPAGK",7,2,3101.37982261181,1409,1440,1,"Equus","Equus asinus"
"1901","GPNGDSGRPGEPGLMGPRGFPGSPGNIGPAGK",8,0,3115.40671217442,1409,1440,1,"Equus","Equus asinus"
"1902","GPNGDSGRPGEPGLMGPRGFPGSPGNIGPAGK",8,1,3116.3907225132,1409,1440,1,"Equus","Equus asinus"
"1903","GPNGDSGRPGEPGLMGPRGFPGSPGNIGPAGK",8,2,3117.37473285198,1409,1440,1,"Equus","Equus asinus"
"1904","GPNGDSGRPGEPGLMGPRGFPGSPGNIGPAGK",9,0,3131.40162241459,1409,1440,1,"Equus","Equus asinus"
"1905","GPNGDSGRPGEPGLMGPRGFPGSPGNIGPAGK",9,1,3132.38563275337,1409,1440,1,"Equus","Equus asinus"
"1906","GPNGDSGRPGEPGLMGPRGFPGSPGNIGPAGK",9,2,3133.36964309216,1409,1440,1,"Equus","Equus asinus"
"1907","GFPGSPGNIGPAGK",0,0,1255.63597416878,1427,1440,0,"Equus","Equus asinus"
"1908","GFPGSPGNIGPAGK",0,1,1256.61998450756,1427,1440,0,"Equus","Equus asinus"
"1909","GFPGSPGNIGPAGK",1,0,1271.63088440895,1427,1440,0,"Equus","Equus asinus"
"1910","GFPGSPGNIGPAGK",1,1,1272.61489474773,1427,1440,0,"Equus","Equus asinus"
"1911","GFPGSPGNIGPAGK",2,0,1287.62579464912,1427,1440,0,"Equus","Equus asinus"
"1912","GFPGSPGNIGPAGK",2,1,1288.60980498791,1427,1440,0,"Equus","Equus asinus"
"1913","GFPGSPGNIGPAGK",3,0,1303.6207048893,1427,1440,0,"Equus","Equus asinus"
"1914","GFPGSPGNIGPAGK",3,1,1304.60471522808,1427,1440,0,"Equus","Equus asinus"
"1915","GFPGSPGNIGPAGK",4,0,1319.61561512947,1427,1440,0,"Equus","Equus asinus"
"1916","GFPGSPGNIGPAGK",4,1,1320.59962546825,1427,1440,0,"Equus","Equus asinus"
"1917","GFPGSPGNIGPAGKEGPVGLPGIDGRPGPIGPAGAR",0,0,3276.71712040901,1427,1462,1,"Equus","Equus asinus"
"1918","GFPGSPGNIGPAGKEGPVGLPGIDGRPGPIGPAGAR",0,1,3277.7011307478,1427,1462,1,"Equus","Equus asinus"
"1919","GFPGSPGNIGPAGKEGPVGLPGIDGRPGPIGPAGAR",1,0,3292.71203064919,1427,1462,1,"Equus","Equus asinus"
"1920","GFPGSPGNIGPAGKEGPVGLPGIDGRPGPIGPAGAR",1,1,3293.69604098797,1427,1462,1,"Equus","Equus asinus"
"1921","GFPGSPGNIGPAGKEGPVGLPGIDGRPGPIGPAGAR",2,0,3308.70694088936,1427,1462,1,"Equus","Equus asinus"
"1922","GFPGSPGNIGPAGKEGPVGLPGIDGRPGPIGPAGAR",2,1,3309.69095122814,1427,1462,1,"Equus","Equus asinus"
"1923","GFPGSPGNIGPAGKEGPVGLPGIDGRPGPIGPAGAR",3,0,3324.70185112953,1427,1462,1,"Equus","Equus asinus"
"1924","GFPGSPGNIGPAGKEGPVGLPGIDGRPGPIGPAGAR",3,1,3325.68586146832,1427,1462,1,"Equus","Equus asinus"
"1925","GFPGSPGNIGPAGKEGPVGLPGIDGRPGPIGPAGAR",4,0,3340.69676136971,1427,1462,1,"Equus","Equus asinus"
"1926","GFPGSPGNIGPAGKEGPVGLPGIDGRPGPIGPAGAR",4,1,3341.68077170849,1427,1462,1,"Equus","Equus asinus"
"1927","GFPGSPGNIGPAGKEGPVGLPGIDGRPGPIGPAGAR",5,0,3356.69167160988,1427,1462,1,"Equus","Equus asinus"
"1928","GFPGSPGNIGPAGKEGPVGLPGIDGRPGPIGPAGAR",5,1,3357.67568194866,1427,1462,1,"Equus","Equus asinus"
"1929","GFPGSPGNIGPAGKEGPVGLPGIDGRPGPIGPAGAR",6,0,3372.68658185005,1427,1462,1,"Equus","Equus asinus"
"1930","GFPGSPGNIGPAGKEGPVGLPGIDGRPGPIGPAGAR",6,1,3373.67059218884,1427,1462,1,"Equus","Equus asinus"
"1931","GFPGSPGNIGPAGKEGPVGLPGIDGRPGPIGPAGAR",7,0,3388.68149209023,1427,1462,1,"Equus","Equus asinus"
"1932","GFPGSPGNIGPAGKEGPVGLPGIDGRPGPIGPAGAR",7,1,3389.66550242901,1427,1462,1,"Equus","Equus asinus"
"1933","GFPGSPGNIGPAGKEGPVGLPGIDGRPGPIGPAGAR",8,0,3404.6764023304,1427,1462,1,"Equus","Equus asinus"
"1934","GFPGSPGNIGPAGKEGPVGLPGIDGRPGPIGPAGAR",8,1,3405.66041266918,1427,1462,1,"Equus","Equus asinus"
"1935","GFPGSPGNIGPAGKEGPVGLPGIDGRPGPIGPAGAR",9,0,3420.67131257057,1427,1462,1,"Equus","Equus asinus"
"1936","GFPGSPGNIGPAGKEGPVGLPGIDGRPGPIGPAGAR",9,1,3421.65532290936,1427,1462,1,"Equus","Equus asinus"
"1937","EGPVGLPGIDGRPGPIGPAGAR",0,0,2040.09171652794,1441,1462,0,"Equus","Equus asinus"
"1938","EGPVGLPGIDGRPGPIGPAGAR",1,0,2056.08662676811,1441,1462,0,"Equus","Equus asinus"
"1939","EGPVGLPGIDGRPGPIGPAGAR",2,0,2072.08153700829,1441,1462,0,"Equus","Equus asinus"
"1940","EGPVGLPGIDGRPGPIGPAGAR",3,0,2088.07644724846,1441,1462,0,"Equus","Equus asinus"
"1941","EGPVGLPGIDGRPGPIGPAGAR",4,0,2104.07135748863,1441,1462,0,"Equus","Equus asinus"
"1942","EGPVGLPGIDGRPGPIGPAGAR",5,0,2120.06626772881,1441,1462,0,"Equus","Equus asinus"
"1943","EGPVGLPGIDGRPGPIGPAGARGEPGNIGFPGPK",0,0,3190.669090271,1441,1474,1,"Equus","Equus asinus"
"1944","EGPVGLPGIDGRPGPIGPAGARGEPGNIGFPGPK",0,1,3191.65310060978,1441,1474,1,"Equus","Equus asinus"
"1945","EGPVGLPGIDGRPGPIGPAGARGEPGNIGFPGPK",1,0,3206.66400051117,1441,1474,1,"Equus","Equus asinus"
"1946","EGPVGLPGIDGRPGPIGPAGARGEPGNIGFPGPK",1,1,3207.64801084995,1441,1474,1,"Equus","Equus asinus"
"1947","EGPVGLPGIDGRPGPIGPAGARGEPGNIGFPGPK",2,0,3222.65891075134,1441,1474,1,"Equus","Equus asinus"
"1948","EGPVGLPGIDGRPGPIGPAGARGEPGNIGFPGPK",2,1,3223.64292109013,1441,1474,1,"Equus","Equus asinus"
"1949","EGPVGLPGIDGRPGPIGPAGARGEPGNIGFPGPK",3,0,3238.65382099152,1441,1474,1,"Equus","Equus asinus"
"1950","EGPVGLPGIDGRPGPIGPAGARGEPGNIGFPGPK",3,1,3239.6378313303,1441,1474,1,"Equus","Equus asinus"
"1951","EGPVGLPGIDGRPGPIGPAGARGEPGNIGFPGPK",4,0,3254.64873123169,1441,1474,1,"Equus","Equus asinus"
"1952","EGPVGLPGIDGRPGPIGPAGARGEPGNIGFPGPK",4,1,3255.63274157047,1441,1474,1,"Equus","Equus asinus"
"1953","EGPVGLPGIDGRPGPIGPAGARGEPGNIGFPGPK",5,0,3270.64364147186,1441,1474,1,"Equus","Equus asinus"
"1954","EGPVGLPGIDGRPGPIGPAGARGEPGNIGFPGPK",5,1,3271.62765181065,1441,1474,1,"Equus","Equus asinus"
"1955","EGPVGLPGIDGRPGPIGPAGARGEPGNIGFPGPK",6,0,3286.63855171204,1441,1474,1,"Equus","Equus asinus"
"1956","EGPVGLPGIDGRPGPIGPAGARGEPGNIGFPGPK",6,1,3287.62256205082,1441,1474,1,"Equus","Equus asinus"
"1957","EGPVGLPGIDGRPGPIGPAGARGEPGNIGFPGPK",7,0,3302.63346195221,1441,1474,1,"Equus","Equus asinus"
"1958","EGPVGLPGIDGRPGPIGPAGARGEPGNIGFPGPK",7,1,3303.61747229099,1441,1474,1,"Equus","Equus asinus"
"1959","EGPVGLPGIDGRPGPIGPAGARGEPGNIGFPGPK",8,0,3318.62837219238,1441,1474,1,"Equus","Equus asinus"
"1960","EGPVGLPGIDGRPGPIGPAGARGEPGNIGFPGPK",8,1,3319.61238253117,1441,1474,1,"Equus","Equus asinus"
"1961","EGPVGLPGIDGRPGPIGPAGARGEPGNIGFPGPK",9,0,3334.62328243256,1441,1474,1,"Equus","Equus asinus"
"1962","EGPVGLPGIDGRPGPIGPAGARGEPGNIGFPGPK",9,1,3335.60729277134,1441,1474,1,"Equus","Equus asinus"
"1963","GEPGNIGFPGPK",0,0,1169.58794403076,1463,1474,0,"Equus","Equus asinus"
"1964","GEPGNIGFPGPK",0,1,1170.57195436954,1463,1474,0,"Equus","Equus asinus"
"1965","GEPGNIGFPGPK",1,0,1185.58285427094,1463,1474,0,"Equus","Equus asinus"
"1966","GEPGNIGFPGPK",1,1,1186.56686460972,1463,1474,0,"Equus","Equus asinus"
"1967","GEPGNIGFPGPK",2,0,1201.57776451111,1463,1474,0,"Equus","Equus asinus"
"1968","GEPGNIGFPGPK",2,1,1202.56177484989,1463,1474,0,"Equus","Equus asinus"
"1969","GEPGNIGFPGPK",3,0,1217.57267475128,1463,1474,0,"Equus","Equus asinus"
"1970","GEPGNIGFPGPK",3,1,1218.55668509007,1463,1474,0,"Equus","Equus asinus"
"1971","GEPGNIGFPGPK",4,0,1233.56758499146,1463,1474,0,"Equus","Equus asinus"
"1972","GEPGNIGFPGPK",4,1,1234.55159533024,1463,1474,0,"Equus","Equus asinus"
"1973","GEPGNIGFPGPKGPTGEPGKPGDK",0,0,2290.13947820663,1463,1486,1,"Equus","Equus asinus"
"1974","GEPGNIGFPGPKGPTGEPGKPGDK",0,1,2291.12348854542,1463,1486,1,"Equus","Equus asinus"
"1975","GEPGNIGFPGPKGPTGEPGKPGDK",1,0,2306.13438844681,1463,1486,1,"Equus","Equus asinus"
"1976","GEPGNIGFPGPKGPTGEPGKPGDK",1,1,2307.11839878559,1463,1486,1,"Equus","Equus asinus"
"1977","GEPGNIGFPGPKGPTGEPGKPGDK",2,0,2322.12929868698,1463,1486,1,"Equus","Equus asinus"
"1978","GEPGNIGFPGPKGPTGEPGKPGDK",2,1,2323.11330902576,1463,1486,1,"Equus","Equus asinus"
"1979","GEPGNIGFPGPKGPTGEPGKPGDK",3,0,2338.12420892715,1463,1486,1,"Equus","Equus asinus"
"1980","GEPGNIGFPGPKGPTGEPGKPGDK",3,1,2339.10821926594,1463,1486,1,"Equus","Equus asinus"
"1981","GEPGNIGFPGPKGPTGEPGKPGDK",4,0,2354.11911916733,1463,1486,1,"Equus","Equus asinus"
"1982","GEPGNIGFPGPKGPTGEPGKPGDK",4,1,2355.10312950611,1463,1486,1,"Equus","Equus asinus"
"1983","GEPGNIGFPGPKGPTGEPGKPGDK",5,0,2370.1140294075,1463,1486,1,"Equus","Equus asinus"
"1984","GEPGNIGFPGPKGPTGEPGKPGDK",5,1,2371.09803974628,1463,1486,1,"Equus","Equus asinus"
"1985","GEPGNIGFPGPKGPTGEPGKPGDK",6,0,2386.10893964767,1463,1486,1,"Equus","Equus asinus"
"1986","GEPGNIGFPGPKGPTGEPGKPGDK",6,1,2387.09294998646,1463,1486,1,"Equus","Equus asinus"
"1987","GEPGNIGFPGPKGPTGEPGKPGDK",7,0,2402.10384988785,1463,1486,1,"Equus","Equus asinus"
"1988","GEPGNIGFPGPKGPTGEPGKPGDK",7,1,2403.08786022663,1463,1486,1,"Equus","Equus asinus"
"1989","GEPGNIGFPGPKGPTGEPGKPGDK",8,0,2418.09876012802,1463,1486,1,"Equus","Equus asinus"
"1990","GEPGNIGFPGPKGPTGEPGKPGDK",8,1,2419.0827704668,1463,1486,1,"Equus","Equus asinus"
"1991","GEPGNIGFPGPKGPTGEPGKPGDK",9,0,2434.09367036819,1463,1486,1,"Equus","Equus asinus"
"1992","GEPGNIGFPGPKGPTGEPGKPGDK",9,1,2435.07768070698,1463,1486,1,"Equus","Equus asinus"
"1993","GPTGEPGKPGDK",0,0,1139.56210446358,1475,1486,0,"Equus","Equus asinus"
"1994","GPTGEPGKPGDK",1,0,1155.55701470375,1475,1486,0,"Equus","Equus asinus"
"1995","GPTGEPGKPGDK",2,0,1171.55192494392,1475,1486,0,"Equus","Equus asinus"
"1996","GPTGEPGKPGDK",3,0,1187.5468351841,1475,1486,0,"Equus","Equus asinus"
"1997","GPTGEPGKPGDK",4,0,1203.54174542427,1475,1486,0,"Equus","Equus asinus"
"1998","GPTGEPGKPGDK",5,0,1219.53665566444,1475,1486,0,"Equus","Equus asinus"
"1999","GPTGEPGKPGDKGHAGLAGAR",0,0,1929.98209619522,1475,1495,1,"Equus","Equus asinus"
"2000","GPTGEPGKPGDKGHAGLAGAR",1,0,1945.97700643539,1475,1495,1,"Equus","Equus asinus"
"2001","GPTGEPGKPGDKGHAGLAGAR",2,0,1961.97191667557,1475,1495,1,"Equus","Equus asinus"
"2002","GPTGEPGKPGDKGHAGLAGAR",3,0,1977.96682691574,1475,1495,1,"Equus","Equus asinus"
"2003","GPTGEPGKPGDKGHAGLAGAR",4,0,1993.96173715591,1475,1495,1,"Equus","Equus asinus"
"2004","GPTGEPGKPGDKGHAGLAGAR",5,0,2009.95664739609,1475,1495,1,"Equus","Equus asinus"
"2005","GHAGLAGAR",0,0,809.430562019348,1487,1495,0,"Equus","Equus asinus"
"2006","GHAGLAGARGAPGPDGNNGAQGPPGPQGVQGGK",0,0,2904.41409897804,1487,1519,1,"Equus","Equus asinus"
"2007","GHAGLAGARGAPGPDGNNGAQGPPGPQGVQGGK",0,1,2905.39810931683,1487,1519,1,"Equus","Equus asinus"
"2008","GHAGLAGARGAPGPDGNNGAQGPPGPQGVQGGK",0,2,2906.38211965561,1487,1519,1,"Equus","Equus asinus"
"2009","GHAGLAGARGAPGPDGNNGAQGPPGPQGVQGGK",0,3,2907.36612999439,1487,1519,1,"Equus","Equus asinus"
"2010","GHAGLAGARGAPGPDGNNGAQGPPGPQGVQGGK",0,4,2908.35014033318,1487,1519,1,"Equus","Equus asinus"
"2011","GHAGLAGARGAPGPDGNNGAQGPPGPQGVQGGK",0,5,2909.33415067196,1487,1519,1,"Equus","Equus asinus"
"2012","GHAGLAGARGAPGPDGNNGAQGPPGPQGVQGGK",1,0,2920.40900921822,1487,1519,1,"Equus","Equus asinus"
"2013","GHAGLAGARGAPGPDGNNGAQGPPGPQGVQGGK",1,1,2921.393019557,1487,1519,1,"Equus","Equus asinus"
"2014","GHAGLAGARGAPGPDGNNGAQGPPGPQGVQGGK",1,2,2922.37702989578,1487,1519,1,"Equus","Equus asinus"
"2015","GHAGLAGARGAPGPDGNNGAQGPPGPQGVQGGK",1,3,2923.36104023457,1487,1519,1,"Equus","Equus asinus"
"2016","GHAGLAGARGAPGPDGNNGAQGPPGPQGVQGGK",1,4,2924.34505057335,1487,1519,1,"Equus","Equus asinus"
"2017","GHAGLAGARGAPGPDGNNGAQGPPGPQGVQGGK",1,5,2925.32906091213,1487,1519,1,"Equus","Equus asinus"
"2018","GHAGLAGARGAPGPDGNNGAQGPPGPQGVQGGK",2,0,2936.40391945839,1487,1519,1,"Equus","Equus asinus"
"2019","GHAGLAGARGAPGPDGNNGAQGPPGPQGVQGGK",2,1,2937.38792979717,1487,1519,1,"Equus","Equus asinus"
"2020","GHAGLAGARGAPGPDGNNGAQGPPGPQGVQGGK",2,2,2938.37194013596,1487,1519,1,"Equus","Equus asinus"
"2021","GHAGLAGARGAPGPDGNNGAQGPPGPQGVQGGK",2,3,2939.35595047474,1487,1519,1,"Equus","Equus asinus"
"2022","GHAGLAGARGAPGPDGNNGAQGPPGPQGVQGGK",2,4,2940.33996081352,1487,1519,1,"Equus","Equus asinus"
"2023","GHAGLAGARGAPGPDGNNGAQGPPGPQGVQGGK",2,5,2941.32397115231,1487,1519,1,"Equus","Equus asinus"
"2024","GHAGLAGARGAPGPDGNNGAQGPPGPQGVQGGK",3,0,2952.39882969856,1487,1519,1,"Equus","Equus asinus"
"2025","GHAGLAGARGAPGPDGNNGAQGPPGPQGVQGGK",3,1,2953.38284003735,1487,1519,1,"Equus","Equus asinus"
"2026","GHAGLAGARGAPGPDGNNGAQGPPGPQGVQGGK",3,2,2954.36685037613,1487,1519,1,"Equus","Equus asinus"
"2027","GHAGLAGARGAPGPDGNNGAQGPPGPQGVQGGK",3,3,2955.35086071491,1487,1519,1,"Equus","Equus asinus"
"2028","GHAGLAGARGAPGPDGNNGAQGPPGPQGVQGGK",3,4,2956.3348710537,1487,1519,1,"Equus","Equus asinus"
"2029","GHAGLAGARGAPGPDGNNGAQGPPGPQGVQGGK",3,5,2957.31888139248,1487,1519,1,"Equus","Equus asinus"
"2030","GHAGLAGARGAPGPDGNNGAQGPPGPQGVQGGK",4,0,2968.39373993874,1487,1519,1,"Equus","Equus asinus"
"2031","GHAGLAGARGAPGPDGNNGAQGPPGPQGVQGGK",4,1,2969.37775027752,1487,1519,1,"Equus","Equus asinus"
"2032","GHAGLAGARGAPGPDGNNGAQGPPGPQGVQGGK",4,2,2970.3617606163,1487,1519,1,"Equus","Equus asinus"
"2033","GHAGLAGARGAPGPDGNNGAQGPPGPQGVQGGK",4,3,2971.34577095509,1487,1519,1,"Equus","Equus asinus"
"2034","GHAGLAGARGAPGPDGNNGAQGPPGPQGVQGGK",4,4,2972.32978129387,1487,1519,1,"Equus","Equus asinus"
"2035","GHAGLAGARGAPGPDGNNGAQGPPGPQGVQGGK",4,5,2973.31379163265,1487,1519,1,"Equus","Equus asinus"
"2036","GHAGLAGARGAPGPDGNNGAQGPPGPQGVQGGK",5,0,2984.38865017891,1487,1519,1,"Equus","Equus asinus"
"2037","GHAGLAGARGAPGPDGNNGAQGPPGPQGVQGGK",5,1,2985.37266051769,1487,1519,1,"Equus","Equus asinus"
"2038","GHAGLAGARGAPGPDGNNGAQGPPGPQGVQGGK",5,2,2986.35667085648,1487,1519,1,"Equus","Equus asinus"
"2039","GHAGLAGARGAPGPDGNNGAQGPPGPQGVQGGK",5,3,2987.34068119526,1487,1519,1,"Equus","Equus asinus"
"2040","GHAGLAGARGAPGPDGNNGAQGPPGPQGVQGGK",5,4,2988.32469153404,1487,1519,1,"Equus","Equus asinus"
"2041","GHAGLAGARGAPGPDGNNGAQGPPGPQGVQGGK",5,5,2989.30870187283,1487,1519,1,"Equus","Equus asinus"
"2042","GHAGLAGARGAPGPDGNNGAQGPPGPQGVQGGK",6,0,3000.38356041908,1487,1519,1,"Equus","Equus asinus"
"2043","GHAGLAGARGAPGPDGNNGAQGPPGPQGVQGGK",6,1,3001.36757075787,1487,1519,1,"Equus","Equus asinus"
"2044","GHAGLAGARGAPGPDGNNGAQGPPGPQGVQGGK",6,2,3002.35158109665,1487,1519,1,"Equus","Equus asinus"
"2045","GHAGLAGARGAPGPDGNNGAQGPPGPQGVQGGK",6,3,3003.33559143543,1487,1519,1,"Equus","Equus asinus"
"2046","GHAGLAGARGAPGPDGNNGAQGPPGPQGVQGGK",6,4,3004.31960177422,1487,1519,1,"Equus","Equus asinus"
"2047","GHAGLAGARGAPGPDGNNGAQGPPGPQGVQGGK",6,5,3005.303612113,1487,1519,1,"Equus","Equus asinus"
"2048","GAPGPDGNNGAQGPPGPQGVQGGK",0,0,2113.9941072464,1496,1519,0,"Equus","Equus asinus"
"2049","GAPGPDGNNGAQGPPGPQGVQGGK",0,1,2114.97811758518,1496,1519,0,"Equus","Equus asinus"
"2050","GAPGPDGNNGAQGPPGPQGVQGGK",0,2,2115.96212792397,1496,1519,0,"Equus","Equus asinus"
"2051","GAPGPDGNNGAQGPPGPQGVQGGK",0,3,2116.94613826275,1496,1519,0,"Equus","Equus asinus"
"2052","GAPGPDGNNGAQGPPGPQGVQGGK",0,4,2117.93014860153,1496,1519,0,"Equus","Equus asinus"
"2053","GAPGPDGNNGAQGPPGPQGVQGGK",0,5,2118.91415894032,1496,1519,0,"Equus","Equus asinus"
"2054","GAPGPDGNNGAQGPPGPQGVQGGK",1,0,2129.98901748657,1496,1519,0,"Equus","Equus asinus"
"2055","GAPGPDGNNGAQGPPGPQGVQGGK",1,1,2130.97302782536,1496,1519,0,"Equus","Equus asinus"
"2056","GAPGPDGNNGAQGPPGPQGVQGGK",1,2,2131.95703816414,1496,1519,0,"Equus","Equus asinus"
"2057","GAPGPDGNNGAQGPPGPQGVQGGK",1,3,2132.94104850292,1496,1519,0,"Equus","Equus asinus"
"2058","GAPGPDGNNGAQGPPGPQGVQGGK",1,4,2133.92505884171,1496,1519,0,"Equus","Equus asinus"
"2059","GAPGPDGNNGAQGPPGPQGVQGGK",1,5,2134.90906918049,1496,1519,0,"Equus","Equus asinus"
"2060","GAPGPDGNNGAQGPPGPQGVQGGK",2,0,2145.98392772675,1496,1519,0,"Equus","Equus asinus"
"2061","GAPGPDGNNGAQGPPGPQGVQGGK",2,1,2146.96793806553,1496,1519,0,"Equus","Equus asinus"
"2062","GAPGPDGNNGAQGPPGPQGVQGGK",2,2,2147.95194840431,1496,1519,0,"Equus","Equus asinus"
"2063","GAPGPDGNNGAQGPPGPQGVQGGK",2,3,2148.9359587431,1496,1519,0,"Equus","Equus asinus"
"2064","GAPGPDGNNGAQGPPGPQGVQGGK",2,4,2149.91996908188,1496,1519,0,"Equus","Equus asinus"
"2065","GAPGPDGNNGAQGPPGPQGVQGGK",2,5,2150.90397942066,1496,1519,0,"Equus","Equus asinus"
"2066","GAPGPDGNNGAQGPPGPQGVQGGK",3,0,2161.97883796692,1496,1519,0,"Equus","Equus asinus"
"2067","GAPGPDGNNGAQGPPGPQGVQGGK",3,1,2162.9628483057,1496,1519,0,"Equus","Equus asinus"
"2068","GAPGPDGNNGAQGPPGPQGVQGGK",3,2,2163.94685864449,1496,1519,0,"Equus","Equus asinus"
"2069","GAPGPDGNNGAQGPPGPQGVQGGK",3,3,2164.93086898327,1496,1519,0,"Equus","Equus asinus"
"2070","GAPGPDGNNGAQGPPGPQGVQGGK",3,4,2165.91487932205,1496,1519,0,"Equus","Equus asinus"
"2071","GAPGPDGNNGAQGPPGPQGVQGGK",3,5,2166.89888966084,1496,1519,0,"Equus","Equus asinus"
"2072","GAPGPDGNNGAQGPPGPQGVQGGK",4,0,2177.97374820709,1496,1519,0,"Equus","Equus asinus"
"2073","GAPGPDGNNGAQGPPGPQGVQGGK",4,1,2178.95775854588,1496,1519,0,"Equus","Equus asinus"
"2074","GAPGPDGNNGAQGPPGPQGVQGGK",4,2,2179.94176888466,1496,1519,0,"Equus","Equus asinus"
"2075","GAPGPDGNNGAQGPPGPQGVQGGK",4,3,2180.92577922344,1496,1519,0,"Equus","Equus asinus"
"2076","GAPGPDGNNGAQGPPGPQGVQGGK",4,4,2181.90978956223,1496,1519,0,"Equus","Equus asinus"
"2077","GAPGPDGNNGAQGPPGPQGVQGGK",4,5,2182.89379990101,1496,1519,0,"Equus","Equus asinus"
"2078","GAPGPDGNNGAQGPPGPQGVQGGK",5,0,2193.96865844727,1496,1519,0,"Equus","Equus asinus"
"2079","GAPGPDGNNGAQGPPGPQGVQGGK",5,1,2194.95266878605,1496,1519,0,"Equus","Equus asinus"
"2080","GAPGPDGNNGAQGPPGPQGVQGGK",5,2,2195.93667912483,1496,1519,0,"Equus","Equus asinus"
"2081","GAPGPDGNNGAQGPPGPQGVQGGK",5,3,2196.92068946362,1496,1519,0,"Equus","Equus asinus"
"2082","GAPGPDGNNGAQGPPGPQGVQGGK",5,4,2197.9046998024,1496,1519,0,"Equus","Equus asinus"
"2083","GAPGPDGNNGAQGPPGPQGVQGGK",5,5,2198.88871014118,1496,1519,0,"Equus","Equus asinus"
"2084","GAPGPDGNNGAQGPPGPQGVQGGK",6,0,2209.96356868744,1496,1519,0,"Equus","Equus asinus"
"2085","GAPGPDGNNGAQGPPGPQGVQGGK",6,1,2210.94757902622,1496,1519,0,"Equus","Equus asinus"
"2086","GAPGPDGNNGAQGPPGPQGVQGGK",6,2,2211.93158936501,1496,1519,0,"Equus","Equus asinus"
"2087","GAPGPDGNNGAQGPPGPQGVQGGK",6,3,2212.91559970379,1496,1519,0,"Equus","Equus asinus"
"2088","GAPGPDGNNGAQGPPGPQGVQGGK",6,4,2213.89961004257,1496,1519,0,"Equus","Equus asinus"
"2089","GAPGPDGNNGAQGPPGPQGVQGGK",6,5,2214.88362038136,1496,1519,0,"Equus","Equus asinus"
"2090","GEQGPAGPPGFQGLPGPAGTAGEVGKPGER",0,0,2772.36330962181,1520,1549,0,"Equus","Equus asinus"
"2091","GEQGPAGPPGFQGLPGPAGTAGEVGKPGER",0,1,2773.34731996059,1520,1549,0,"Equus","Equus asinus"
"2092","GEQGPAGPPGFQGLPGPAGTAGEVGKPGER",0,2,2774.33133029938,1520,1549,0,"Equus","Equus asinus"
"2093","GEQGPAGPPGFQGLPGPAGTAGEVGKPGER",1,0,2788.35821986198,1520,1549,0,"Equus","Equus asinus"
"2094","GEQGPAGPPGFQGLPGPAGTAGEVGKPGER",1,1,2789.34223020077,1520,1549,0,"Equus","Equus asinus"
"2095","GEQGPAGPPGFQGLPGPAGTAGEVGKPGER",1,2,2790.32624053955,1520,1549,0,"Equus","Equus asinus"
"2096","GEQGPAGPPGFQGLPGPAGTAGEVGKPGER",2,0,2804.35313010216,1520,1549,0,"Equus","Equus asinus"
"2097","GEQGPAGPPGFQGLPGPAGTAGEVGKPGER",2,1,2805.33714044094,1520,1549,0,"Equus","Equus asinus"
"2098","GEQGPAGPPGFQGLPGPAGTAGEVGKPGER",2,2,2806.32115077972,1520,1549,0,"Equus","Equus asinus"
"2099","GEQGPAGPPGFQGLPGPAGTAGEVGKPGER",3,0,2820.34804034233,1520,1549,0,"Equus","Equus asinus"
"2100","GEQGPAGPPGFQGLPGPAGTAGEVGKPGER",3,1,2821.33205068111,1520,1549,0,"Equus","Equus asinus"
"2101","GEQGPAGPPGFQGLPGPAGTAGEVGKPGER",3,2,2822.3160610199,1520,1549,0,"Equus","Equus asinus"
"2102","GEQGPAGPPGFQGLPGPAGTAGEVGKPGER",4,0,2836.3429505825,1520,1549,0,"Equus","Equus asinus"
"2103","GEQGPAGPPGFQGLPGPAGTAGEVGKPGER",4,1,2837.32696092129,1520,1549,0,"Equus","Equus asinus"
"2104","GEQGPAGPPGFQGLPGPAGTAGEVGKPGER",4,2,2838.31097126007,1520,1549,0,"Equus","Equus asinus"
"2105","GEQGPAGPPGFQGLPGPAGTAGEVGKPGER",5,0,2852.33786082268,1520,1549,0,"Equus","Equus asinus"
"2106","GEQGPAGPPGFQGLPGPAGTAGEVGKPGER",5,1,2853.32187116146,1520,1549,0,"Equus","Equus asinus"
"2107","GEQGPAGPPGFQGLPGPAGTAGEVGKPGER",5,2,2854.30588150024,1520,1549,0,"Equus","Equus asinus"
"2108","GEQGPAGPPGFQGLPGPAGTAGEVGKPGER",6,0,2868.33277106285,1520,1549,0,"Equus","Equus asinus"
"2109","GEQGPAGPPGFQGLPGPAGTAGEVGKPGER",6,1,2869.31678140163,1520,1549,0,"Equus","Equus asinus"
"2110","GEQGPAGPPGFQGLPGPAGTAGEVGKPGER",6,2,2870.30079174042,1520,1549,0,"Equus","Equus asinus"
"2111","GEQGPAGPPGFQGLPGPAGTAGEVGKPGER",7,0,2884.32768130302,1520,1549,0,"Equus","Equus asinus"
"2112","GEQGPAGPPGFQGLPGPAGTAGEVGKPGER",7,1,2885.31169164181,1520,1549,0,"Equus","Equus asinus"
"2113","GEQGPAGPPGFQGLPGPAGTAGEVGKPGER",7,2,2886.29570198059,1520,1549,0,"Equus","Equus asinus"
"2114","GLPGEFGLPGPAGAR",0,0,1395.73098444939,1550,1564,0,"Equus","Equus asinus"
"2115","GLPGEFGLPGPAGAR",1,0,1411.72589468956,1550,1564,0,"Equus","Equus asinus"
"2116","GLPGEFGLPGPAGAR",2,0,1427.72080492973,1550,1564,0,"Equus","Equus asinus"
"2117","GLPGEFGLPGPAGAR",3,0,1443.71571516991,1550,1564,0,"Equus","Equus asinus"
"2118","GLPGEFGLPGPAGARGER",0,0,1737.89621543884,1550,1567,1,"Equus","Equus asinus"
"2119","GLPGEFGLPGPAGARGER",1,0,1753.89112567902,1550,1567,1,"Equus","Equus asinus"
"2120","GLPGEFGLPGPAGARGER",2,0,1769.88603591919,1550,1567,1,"Equus","Equus asinus"
"2121","GLPGEFGLPGPAGARGER",3,0,1785.88094615936,1550,1567,1,"Equus","Equus asinus"
"2122","GERGPPGESGAAGPAGPIGSR",0,0,1876.91912639141,1565,1585,1,"Equus","Equus asinus"
"2123","GERGPPGESGAAGPAGPIGSR",1,0,1892.91403663158,1565,1585,1,"Equus","Equus asinus"
"2124","GERGPPGESGAAGPAGPIGSR",2,0,1908.90894687176,1565,1585,1,"Equus","Equus asinus"
"2125","GERGPPGESGAAGPAGPIGSR",3,0,1924.90385711193,1565,1585,1,"Equus","Equus asinus"
"2126","GERGPPGESGAAGPAGPIGSR",4,0,1940.8987673521,1565,1585,1,"Equus","Equus asinus"
"2127","GPPGESGAAGPAGPIGSR",0,0,1534.75389540195,1568,1585,0,"Equus","Equus asinus"
"2128","GPPGESGAAGPAGPIGSR",1,0,1550.74880564213,1568,1585,0,"Equus","Equus asinus"
"2129","GPPGESGAAGPAGPIGSR",2,0,1566.7437158823,1568,1585,0,"Equus","Equus asinus"
"2130","GPPGESGAAGPAGPIGSR",3,0,1582.73862612247,1568,1585,0,"Equus","Equus asinus"
"2131","GPPGESGAAGPAGPIGSR",4,0,1598.73353636265,1568,1585,0,"Equus","Equus asinus"
"2132","GPPGESGAAGPAGPIGSRGPSGPPGPDGNK",0,0,2595.24787914753,1568,1597,1,"Equus","Equus asinus"
"2133","GPPGESGAAGPAGPIGSRGPSGPPGPDGNK",0,1,2596.23188948631,1568,1597,1,"Equus","Equus asinus"
"2134","GPPGESGAAGPAGPIGSRGPSGPPGPDGNK",1,0,2611.2427893877,1568,1597,1,"Equus","Equus asinus"
"2135","GPPGESGAAGPAGPIGSRGPSGPPGPDGNK",1,1,2612.22679972649,1568,1597,1,"Equus","Equus asinus"
"2136","GPPGESGAAGPAGPIGSRGPSGPPGPDGNK",2,0,2627.23769962788,1568,1597,1,"Equus","Equus asinus"
"2137","GPPGESGAAGPAGPIGSRGPSGPPGPDGNK",2,1,2628.22170996666,1568,1597,1,"Equus","Equus asinus"
"2138","GPPGESGAAGPAGPIGSRGPSGPPGPDGNK",3,0,2643.23260986805,1568,1597,1,"Equus","Equus asinus"
"2139","GPPGESGAAGPAGPIGSRGPSGPPGPDGNK",3,1,2644.21662020683,1568,1597,1,"Equus","Equus asinus"
"2140","GPPGESGAAGPAGPIGSRGPSGPPGPDGNK",4,0,2659.22752010822,1568,1597,1,"Equus","Equus asinus"
"2141","GPPGESGAAGPAGPIGSRGPSGPPGPDGNK",4,1,2660.21153044701,1568,1597,1,"Equus","Equus asinus"
"2142","GPPGESGAAGPAGPIGSRGPSGPPGPDGNK",5,0,2675.2224303484,1568,1597,1,"Equus","Equus asinus"
"2143","GPPGESGAAGPAGPIGSRGPSGPPGPDGNK",5,1,2676.20644068718,1568,1597,1,"Equus","Equus asinus"
"2144","GPPGESGAAGPAGPIGSRGPSGPPGPDGNK",6,0,2691.21734058857,1568,1597,1,"Equus","Equus asinus"
"2145","GPPGESGAAGPAGPIGSRGPSGPPGPDGNK",6,1,2692.20135092735,1568,1597,1,"Equus","Equus asinus"
"2146","GPPGESGAAGPAGPIGSRGPSGPPGPDGNK",7,0,2707.21225082874,1568,1597,1,"Equus","Equus asinus"
"2147","GPPGESGAAGPAGPIGSRGPSGPPGPDGNK",7,1,2708.19626116753,1568,1597,1,"Equus","Equus asinus"
"2148","GPPGESGAAGPAGPIGSRGPSGPPGPDGNK",8,0,2723.20716106892,1568,1597,1,"Equus","Equus asinus"
"2149","GPPGESGAAGPAGPIGSRGPSGPPGPDGNK",8,1,2724.1911714077,1568,1597,1,"Equus","Equus asinus"
"2150","GPPGESGAAGPAGPIGSRGPSGPPGPDGNK",9,0,2739.20207130909,1568,1597,1,"Equus","Equus asinus"
"2151","GPPGESGAAGPAGPIGSRGPSGPPGPDGNK",9,1,2740.18608164787,1568,1597,1,"Equus","Equus asinus"
"2152","GPSGPPGPDGNK",0,0,1079.50455403328,1586,1597,0,"Equus","Equus asinus"
"2153","GPSGPPGPDGNK",0,1,1080.48856437206,1586,1597,0,"Equus","Equus asinus"
"2154","GPSGPPGPDGNK",1,0,1095.49946427345,1586,1597,0,"Equus","Equus asinus"
"2155","GPSGPPGPDGNK",1,1,1096.48347461224,1586,1597,0,"Equus","Equus asinus"
"2156","GPSGPPGPDGNK",2,0,1111.49437451363,1586,1597,0,"Equus","Equus asinus"
"2157","GPSGPPGPDGNK",2,1,1112.47838485241,1586,1597,0,"Equus","Equus asinus"
"2158","GPSGPPGPDGNK",3,0,1127.4892847538,1586,1597,0,"Equus","Equus asinus"
"2159","GPSGPPGPDGNK",3,1,1128.47329509258,1586,1597,0,"Equus","Equus asinus"
"2160","GPSGPPGPDGNK",4,0,1143.48419499397,1586,1597,0,"Equus","Equus asinus"
"2161","GPSGPPGPDGNK",4,1,1144.46820533276,1586,1597,0,"Equus","Equus asinus"
"2162","GPSGPPGPDGNK",5,0,1159.47910523415,1586,1597,0,"Equus","Equus asinus"
"2163","GPSGPPGPDGNK",5,1,1160.46311557293,1586,1597,0,"Equus","Equus asinus"
"2164","GPSGPPGPDGNKGEPGVLGAPGTAGPSGPSGLPGER",0,0,3177.54935157299,1586,1621,1,"Equus","Equus asinus"
"2165","GPSGPPGPDGNKGEPGVLGAPGTAGPSGPSGLPGER",0,1,3178.53336191177,1586,1621,1,"Equus","Equus asinus"
"2166","GPSGPPGPDGNKGEPGVLGAPGTAGPSGPSGLPGER",1,0,3193.54426181316,1586,1621,1,"Equus","Equus asinus"
"2167","GPSGPPGPDGNKGEPGVLGAPGTAGPSGPSGLPGER",1,1,3194.52827215195,1586,1621,1,"Equus","Equus asinus"
"2168","GPSGPPGPDGNKGEPGVLGAPGTAGPSGPSGLPGER",2,0,3209.53917205334,1586,1621,1,"Equus","Equus asinus"
"2169","GPSGPPGPDGNKGEPGVLGAPGTAGPSGPSGLPGER",2,1,3210.52318239212,1586,1621,1,"Equus","Equus asinus"
"2170","GPSGPPGPDGNKGEPGVLGAPGTAGPSGPSGLPGER",3,0,3225.53408229351,1586,1621,1,"Equus","Equus asinus"
"2171","GPSGPPGPDGNKGEPGVLGAPGTAGPSGPSGLPGER",3,1,3226.51809263229,1586,1621,1,"Equus","Equus asinus"
"2172","GPSGPPGPDGNKGEPGVLGAPGTAGPSGPSGLPGER",4,0,3241.52899253368,1586,1621,1,"Equus","Equus asinus"
"2173","GPSGPPGPDGNKGEPGVLGAPGTAGPSGPSGLPGER",4,1,3242.51300287247,1586,1621,1,"Equus","Equus asinus"
"2174","GPSGPPGPDGNKGEPGVLGAPGTAGPSGPSGLPGER",5,0,3257.52390277386,1586,1621,1,"Equus","Equus asinus"
"2175","GPSGPPGPDGNKGEPGVLGAPGTAGPSGPSGLPGER",5,1,3258.50791311264,1586,1621,1,"Equus","Equus asinus"
"2176","GPSGPPGPDGNKGEPGVLGAPGTAGPSGPSGLPGER",6,0,3273.51881301403,1586,1621,1,"Equus","Equus asinus"
"2177","GPSGPPGPDGNKGEPGVLGAPGTAGPSGPSGLPGER",6,1,3274.50282335281,1586,1621,1,"Equus","Equus asinus"
"2178","GPSGPPGPDGNKGEPGVLGAPGTAGPSGPSGLPGER",7,0,3289.5137232542,1586,1621,1,"Equus","Equus asinus"
"2179","GPSGPPGPDGNKGEPGVLGAPGTAGPSGPSGLPGER",7,1,3290.49773359299,1586,1621,1,"Equus","Equus asinus"
"2180","GPSGPPGPDGNKGEPGVLGAPGTAGPSGPSGLPGER",8,0,3305.50863349438,1586,1621,1,"Equus","Equus asinus"
"2181","GPSGPPGPDGNKGEPGVLGAPGTAGPSGPSGLPGER",8,1,3306.49264383316,1586,1621,1,"Equus","Equus asinus"
"2182","GPSGPPGPDGNKGEPGVLGAPGTAGPSGPSGLPGER",9,0,3321.50354373455,1586,1621,1,"Equus","Equus asinus"
"2183","GPSGPPGPDGNKGEPGVLGAPGTAGPSGPSGLPGER",9,1,3322.48755407333,1586,1621,1,"Equus","Equus asinus"
"2184","GPSGPPGPDGNKGEPGVLGAPGTAGPSGPSGLPGER",10,0,3337.49845397472,1586,1621,1,"Equus","Equus asinus"
"2185","GPSGPPGPDGNKGEPGVLGAPGTAGPSGPSGLPGER",10,1,3338.48246431351,1586,1621,1,"Equus","Equus asinus"
"2186","GEPGVLGAPGTAGPSGPSGLPGER",0,0,2117.05536782742,1598,1621,0,"Equus","Equus asinus"
"2187","GEPGVLGAPGTAGPSGPSGLPGER",1,0,2133.05027806759,1598,1621,0,"Equus","Equus asinus"
"2188","GEPGVLGAPGTAGPSGPSGLPGER",2,0,2149.04518830776,1598,1621,0,"Equus","Equus asinus"
"2189","GEPGVLGAPGTAGPSGPSGLPGER",3,0,2165.04009854794,1598,1621,0,"Equus","Equus asinus"
"2190","GEPGVLGAPGTAGPSGPSGLPGER",4,0,2181.03500878811,1598,1621,0,"Equus","Equus asinus"
"2191","GEPGVLGAPGTAGPSGPSGLPGER",5,0,2197.02991902828,1598,1621,0,"Equus","Equus asinus"
"2192","GEPGVLGAPGTAGPSGPSGLPGERGAAGIPGGK",0,0,2825.44742000103,1598,1630,1,"Equus","Equus asinus"
"2193","GEPGVLGAPGTAGPSGPSGLPGERGAAGIPGGK",1,0,2841.4423302412,1598,1630,1,"Equus","Equus asinus"
"2194","GEPGVLGAPGTAGPSGPSGLPGERGAAGIPGGK",2,0,2857.43724048138,1598,1630,1,"Equus","Equus asinus"
"2195","GEPGVLGAPGTAGPSGPSGLPGERGAAGIPGGK",3,0,2873.43215072155,1598,1630,1,"Equus","Equus asinus"
"2196","GEPGVLGAPGTAGPSGPSGLPGERGAAGIPGGK",4,0,2889.42706096172,1598,1630,1,"Equus","Equus asinus"
"2197","GEPGVLGAPGTAGPSGPSGLPGERGAAGIPGGK",5,0,2905.4219712019,1598,1630,1,"Equus","Equus asinus"
"2198","GEPGVLGAPGTAGPSGPSGLPGERGAAGIPGGK",6,0,2921.41688144207,1598,1630,1,"Equus","Equus asinus"
"2199","GEPGVLGAPGTAGPSGPSGLPGERGAAGIPGGK",7,0,2937.41179168224,1598,1630,1,"Equus","Equus asinus"
"2200","GAAGIPGGKGEK",0,0,1041.56171369553,1622,1633,1,"Equus","Equus asinus"
"2201","GAAGIPGGKGEK",1,0,1057.5566239357,1622,1633,1,"Equus","Equus asinus"
"2202","GAAGIPGGKGEK",2,0,1073.55153417587,1622,1633,1,"Equus","Equus asinus"
"2203","GAAGIPGGKGEK",3,0,1089.54644441605,1622,1633,1,"Equus","Equus asinus"
"2204","GEKGETGLR",0,0,946.488173604012,1631,1639,1,"Equus","Equus asinus"
"2205","GEKGETGLR",1,0,962.483083844185,1631,1639,1,"Equus","Equus asinus"
"2206","GETGLRGEIGNPGR",0,0,1412.71709477901,1634,1647,1,"Equus","Equus asinus"
"2207","GETGLRGEIGNPGR",0,1,1413.7011051178,1634,1647,1,"Equus","Equus asinus"
"2208","GETGLRGEIGNPGR",1,0,1428.71200501919,1634,1647,1,"Equus","Equus asinus"
"2209","GETGLRGEIGNPGR",1,1,1429.69601535797,1634,1647,1,"Equus","Equus asinus"
"2210","GEIGNPGRDGAR",0,0,1198.58528387547,1640,1651,1,"Equus","Equus asinus"
"2211","GEIGNPGRDGAR",0,1,1199.56929421425,1640,1651,1,"Equus","Equus asinus"
"2212","GEIGNPGRDGAR",1,0,1214.58019411564,1640,1651,1,"Equus","Equus asinus"
"2213","GEIGNPGRDGAR",1,1,1215.56420445442,1640,1651,1,"Equus","Equus asinus"
"2214","DGARGAPGAVGAPGPAGANGDR",0,0,1890.90960609913,1648,1669,1,"Equus","Equus asinus"
"2215","DGARGAPGAVGAPGPAGANGDR",0,1,1891.89361643791,1648,1669,1,"Equus","Equus asinus"
"2216","DGARGAPGAVGAPGPAGANGDR",1,0,1906.9045163393,1648,1669,1,"Equus","Equus asinus"
"2217","DGARGAPGAVGAPGPAGANGDR",1,1,1907.88852667809,1648,1669,1,"Equus","Equus asinus"
"2218","DGARGAPGAVGAPGPAGANGDR",2,0,1922.89942657948,1648,1669,1,"Equus","Equus asinus"
"2219","DGARGAPGAVGAPGPAGANGDR",2,1,1923.88343691826,1648,1669,1,"Equus","Equus asinus"
"2220","DGARGAPGAVGAPGPAGANGDR",3,0,1938.89433681965,1648,1669,1,"Equus","Equus asinus"
"2221","DGARGAPGAVGAPGPAGANGDR",3,1,1939.87834715843,1648,1669,1,"Equus","Equus asinus"
"2222","GAPGAVGAPGPAGANGDR",0,0,1491.72290492058,1652,1669,0,"Equus","Equus asinus"
"2223","GAPGAVGAPGPAGANGDR",0,1,1492.70691525936,1652,1669,0,"Equus","Equus asinus"
"2224","GAPGAVGAPGPAGANGDR",1,0,1507.71781516075,1652,1669,0,"Equus","Equus asinus"
"2225","GAPGAVGAPGPAGANGDR",1,1,1508.70182549953,1652,1669,0,"Equus","Equus asinus"
"2226","GAPGAVGAPGPAGANGDR",2,0,1523.71272540092,1652,1669,0,"Equus","Equus asinus"
"2227","GAPGAVGAPGPAGANGDR",2,1,1524.69673573971,1652,1669,0,"Equus","Equus asinus"
"2228","GAPGAVGAPGPAGANGDR",3,0,1539.7076356411,1652,1669,0,"Equus","Equus asinus"
"2229","GAPGAVGAPGPAGANGDR",3,1,1540.69164597988,1652,1669,0,"Equus","Equus asinus"
"2230","GAPGAVGAPGPAGANGDRGEAGAAGPAGPAGPR",0,0,2708.31803870201,1652,1684,1,"Equus","Equus asinus"
"2231","GAPGAVGAPGPAGANGDRGEAGAAGPAGPAGPR",0,1,2709.30204904079,1652,1684,1,"Equus","Equus asinus"
"2232","GAPGAVGAPGPAGANGDRGEAGAAGPAGPAGPR",1,0,2724.31294894218,1652,1684,1,"Equus","Equus asinus"
"2233","GAPGAVGAPGPAGANGDRGEAGAAGPAGPAGPR",1,1,2725.29695928097,1652,1684,1,"Equus","Equus asinus"
"2234","GAPGAVGAPGPAGANGDRGEAGAAGPAGPAGPR",2,0,2740.30785918236,1652,1684,1,"Equus","Equus asinus"
"2235","GAPGAVGAPGPAGANGDRGEAGAAGPAGPAGPR",2,1,2741.29186952114,1652,1684,1,"Equus","Equus asinus"
"2236","GAPGAVGAPGPAGANGDRGEAGAAGPAGPAGPR",3,0,2756.30276942253,1652,1684,1,"Equus","Equus asinus"
"2237","GAPGAVGAPGPAGANGDRGEAGAAGPAGPAGPR",3,1,2757.28677976131,1652,1684,1,"Equus","Equus asinus"
"2238","GAPGAVGAPGPAGANGDRGEAGAAGPAGPAGPR",4,0,2772.2976796627,1652,1684,1,"Equus","Equus asinus"
"2239","GAPGAVGAPGPAGANGDRGEAGAAGPAGPAGPR",4,1,2773.28169000149,1652,1684,1,"Equus","Equus asinus"
"2240","GAPGAVGAPGPAGANGDRGEAGAAGPAGPAGPR",5,0,2788.29258990288,1652,1684,1,"Equus","Equus asinus"
"2241","GAPGAVGAPGPAGANGDRGEAGAAGPAGPAGPR",5,1,2789.27660024166,1652,1684,1,"Equus","Equus asinus"
"2242","GAPGAVGAPGPAGANGDRGEAGAAGPAGPAGPR",6,0,2804.28750014305,1652,1684,1,"Equus","Equus asinus"
"2243","GAPGAVGAPGPAGANGDRGEAGAAGPAGPAGPR",6,1,2805.27151048183,1652,1684,1,"Equus","Equus asinus"
"2244","GEAGAAGPAGPAGPR",0,0,1235.60570406914,1670,1684,0,"Equus","Equus asinus"
"2245","GEAGAAGPAGPAGPR",1,0,1251.60061430931,1670,1684,0,"Equus","Equus asinus"
"2246","GEAGAAGPAGPAGPR",2,0,1267.59552454948,1670,1684,0,"Equus","Equus asinus"
"2247","GEAGAAGPAGPAGPR",3,0,1283.59043478966,1670,1684,0,"Equus","Equus asinus"
"2248","GEAGAAGPAGPAGPRGSPGER",0,0,1818.87723600864,1670,1690,1,"Equus","Equus asinus"
"2249","GEAGAAGPAGPAGPRGSPGER",1,0,1834.87214624882,1670,1690,1,"Equus","Equus asinus"
"2250","GEAGAAGPAGPAGPRGSPGER",2,0,1850.86705648899,1670,1690,1,"Equus","Equus asinus"
"2251","GEAGAAGPAGPAGPRGSPGER",3,0,1866.86196672916,1670,1690,1,"Equus","Equus asinus"
"2252","GEAGAAGPAGPAGPRGSPGER",4,0,1882.85687696934,1670,1690,1,"Equus","Equus asinus"
"2253","GSPGERGEVGPAGPNGFAGPAGAAGQPGAK",0,0,2618.26386880875,1685,1714,1,"Equus","Equus asinus"
"2254","GSPGERGEVGPAGPNGFAGPAGAAGQPGAK",0,1,2619.24787914753,1685,1714,1,"Equus","Equus asinus"
"2255","GSPGERGEVGPAGPNGFAGPAGAAGQPGAK",0,2,2620.23188948631,1685,1714,1,"Equus","Equus asinus"
"2256","GSPGERGEVGPAGPNGFAGPAGAAGQPGAK",1,0,2634.25877904892,1685,1714,1,"Equus","Equus asinus"
"2257","GSPGERGEVGPAGPNGFAGPAGAAGQPGAK",1,1,2635.2427893877,1685,1714,1,"Equus","Equus asinus"
"2258","GSPGERGEVGPAGPNGFAGPAGAAGQPGAK",1,2,2636.22679972649,1685,1714,1,"Equus","Equus asinus"
"2259","GSPGERGEVGPAGPNGFAGPAGAAGQPGAK",2,0,2650.25368928909,1685,1714,1,"Equus","Equus asinus"
"2260","GSPGERGEVGPAGPNGFAGPAGAAGQPGAK",2,1,2651.23769962788,1685,1714,1,"Equus","Equus asinus"
"2261","GSPGERGEVGPAGPNGFAGPAGAAGQPGAK",2,2,2652.22170996666,1685,1714,1,"Equus","Equus asinus"
"2262","GSPGERGEVGPAGPNGFAGPAGAAGQPGAK",3,0,2666.24859952927,1685,1714,1,"Equus","Equus asinus"
"2263","GSPGERGEVGPAGPNGFAGPAGAAGQPGAK",3,1,2667.23260986805,1685,1714,1,"Equus","Equus asinus"
"2264","GSPGERGEVGPAGPNGFAGPAGAAGQPGAK",3,2,2668.21662020683,1685,1714,1,"Equus","Equus asinus"
"2265","GSPGERGEVGPAGPNGFAGPAGAAGQPGAK",4,0,2682.24350976944,1685,1714,1,"Equus","Equus asinus"
"2266","GSPGERGEVGPAGPNGFAGPAGAAGQPGAK",4,1,2683.22752010822,1685,1714,1,"Equus","Equus asinus"
"2267","GSPGERGEVGPAGPNGFAGPAGAAGQPGAK",4,2,2684.21153044701,1685,1714,1,"Equus","Equus asinus"
"2268","GSPGERGEVGPAGPNGFAGPAGAAGQPGAK",5,0,2698.23842000961,1685,1714,1,"Equus","Equus asinus"
"2269","GSPGERGEVGPAGPNGFAGPAGAAGQPGAK",5,1,2699.2224303484,1685,1714,1,"Equus","Equus asinus"
"2270","GSPGERGEVGPAGPNGFAGPAGAAGQPGAK",5,2,2700.20644068718,1685,1714,1,"Equus","Equus asinus"
"2271","GSPGERGEVGPAGPNGFAGPAGAAGQPGAK",6,0,2714.23333024979,1685,1714,1,"Equus","Equus asinus"
"2272","GSPGERGEVGPAGPNGFAGPAGAAGQPGAK",6,1,2715.21734058857,1685,1714,1,"Equus","Equus asinus"
"2273","GSPGERGEVGPAGPNGFAGPAGAAGQPGAK",6,2,2716.20135092735,1685,1714,1,"Equus","Equus asinus"
"2274","GEVGPAGPNGFAGPAGAAGQPGAK",0,0,2034.99233686924,1691,1714,0,"Equus","Equus asinus"
"2275","GEVGPAGPNGFAGPAGAAGQPGAK",0,1,2035.97634720802,1691,1714,0,"Equus","Equus asinus"
"2276","GEVGPAGPNGFAGPAGAAGQPGAK",0,2,2036.96035754681,1691,1714,0,"Equus","Equus asinus"
"2277","GEVGPAGPNGFAGPAGAAGQPGAK",1,0,2050.98724710941,1691,1714,0,"Equus","Equus asinus"
"2278","GEVGPAGPNGFAGPAGAAGQPGAK",1,1,2051.9712574482,1691,1714,0,"Equus","Equus asinus"
"2279","GEVGPAGPNGFAGPAGAAGQPGAK",1,2,2052.95526778698,1691,1714,0,"Equus","Equus asinus"
"2280","GEVGPAGPNGFAGPAGAAGQPGAK",2,0,2066.98215734959,1691,1714,0,"Equus","Equus asinus"
"2281","GEVGPAGPNGFAGPAGAAGQPGAK",2,1,2067.96616768837,1691,1714,0,"Equus","Equus asinus"
"2282","GEVGPAGPNGFAGPAGAAGQPGAK",2,2,2068.95017802715,1691,1714,0,"Equus","Equus asinus"
"2283","GEVGPAGPNGFAGPAGAAGQPGAK",3,0,2082.97706758976,1691,1714,0,"Equus","Equus asinus"
"2284","GEVGPAGPNGFAGPAGAAGQPGAK",3,1,2083.96107792854,1691,1714,0,"Equus","Equus asinus"
"2285","GEVGPAGPNGFAGPAGAAGQPGAK",3,2,2084.94508826733,1691,1714,0,"Equus","Equus asinus"
"2286","GEVGPAGPNGFAGPAGAAGQPGAK",4,0,2098.97197782993,1691,1714,0,"Equus","Equus asinus"
"2287","GEVGPAGPNGFAGPAGAAGQPGAK",4,1,2099.95598816872,1691,1714,0,"Equus","Equus asinus"
"2288","GEVGPAGPNGFAGPAGAAGQPGAK",4,2,2100.9399985075,1691,1714,0,"Equus","Equus asinus"
"2289","GEVGPAGPNGFAGPAGAAGQPGAK",5,0,2114.96688807011,1691,1714,0,"Equus","Equus asinus"
"2290","GEVGPAGPNGFAGPAGAAGQPGAK",5,1,2115.95089840889,1691,1714,0,"Equus","Equus asinus"
"2291","GEVGPAGPNGFAGPAGAAGQPGAK",5,2,2116.93490874767,1691,1714,0,"Equus","Equus asinus"
"2292","GEVGPAGPNGFAGPAGAAGQPGAKGER",0,0,2377.1575678587,1691,1717,1,"Equus","Equus asinus"
"2293","GEVGPAGPNGFAGPAGAAGQPGAKGER",0,1,2378.14157819748,1691,1717,1,"Equus","Equus asinus"
"2294","GEVGPAGPNGFAGPAGAAGQPGAKGER",0,2,2379.12558853626,1691,1717,1,"Equus","Equus asinus"
"2295","GEVGPAGPNGFAGPAGAAGQPGAKGER",1,0,2393.15247809887,1691,1717,1,"Equus","Equus asinus"
"2296","GEVGPAGPNGFAGPAGAAGQPGAKGER",1,1,2394.13648843765,1691,1717,1,"Equus","Equus asinus"
"2297","GEVGPAGPNGFAGPAGAAGQPGAKGER",1,2,2395.12049877644,1691,1717,1,"Equus","Equus asinus"
"2298","GEVGPAGPNGFAGPAGAAGQPGAKGER",2,0,2409.14738833904,1691,1717,1,"Equus","Equus asinus"
"2299","GEVGPAGPNGFAGPAGAAGQPGAKGER",2,1,2410.13139867783,1691,1717,1,"Equus","Equus asinus"
"2300","GEVGPAGPNGFAGPAGAAGQPGAKGER",2,2,2411.11540901661,1691,1717,1,"Equus","Equus asinus"
"2301","GEVGPAGPNGFAGPAGAAGQPGAKGER",3,0,2425.14229857922,1691,1717,1,"Equus","Equus asinus"
"2302","GEVGPAGPNGFAGPAGAAGQPGAKGER",3,1,2426.126308918,1691,1717,1,"Equus","Equus asinus"
"2303","GEVGPAGPNGFAGPAGAAGQPGAKGER",3,2,2427.11031925678,1691,1717,1,"Equus","Equus asinus"
"2304","GEVGPAGPNGFAGPAGAAGQPGAKGER",4,0,2441.13720881939,1691,1717,1,"Equus","Equus asinus"
"2305","GEVGPAGPNGFAGPAGAAGQPGAKGER",4,1,2442.12121915817,1691,1717,1,"Equus","Equus asinus"
"2306","GEVGPAGPNGFAGPAGAAGQPGAKGER",4,2,2443.10522949696,1691,1717,1,"Equus","Equus asinus"
"2307","GEVGPAGPNGFAGPAGAAGQPGAKGER",5,0,2457.13211905956,1691,1717,1,"Equus","Equus asinus"
"2308","GEVGPAGPNGFAGPAGAAGQPGAKGER",5,1,2458.11612939835,1691,1717,1,"Equus","Equus asinus"
"2309","GEVGPAGPNGFAGPAGAAGQPGAKGER",5,2,2459.10013973713,1691,1717,1,"Equus","Equus asinus"
"2310","GPKGENGPVGPTGPVGAAGPSGPNGPPGPAGSR",0,0,2847.40657961369,1721,1753,1,"Equus","Equus asinus"
"2311","GPKGENGPVGPTGPVGAAGPSGPNGPPGPAGSR",0,1,2848.39058995247,1721,1753,1,"Equus","Equus asinus"
"2312","GPKGENGPVGPTGPVGAAGPSGPNGPPGPAGSR",0,2,2849.37460029125,1721,1753,1,"Equus","Equus asinus"
"2313","GPKGENGPVGPTGPVGAAGPSGPNGPPGPAGSR",1,0,2863.40148985386,1721,1753,1,"Equus","Equus asinus"
"2314","GPKGENGPVGPTGPVGAAGPSGPNGPPGPAGSR",1,1,2864.38550019264,1721,1753,1,"Equus","Equus asinus"
"2315","GPKGENGPVGPTGPVGAAGPSGPNGPPGPAGSR",1,2,2865.36951053143,1721,1753,1,"Equus","Equus asinus"
"2316","GPKGENGPVGPTGPVGAAGPSGPNGPPGPAGSR",2,0,2879.39640009403,1721,1753,1,"Equus","Equus asinus"
"2317","GPKGENGPVGPTGPVGAAGPSGPNGPPGPAGSR",2,1,2880.38041043282,1721,1753,1,"Equus","Equus asinus"
"2318","GPKGENGPVGPTGPVGAAGPSGPNGPPGPAGSR",2,2,2881.3644207716,1721,1753,1,"Equus","Equus asinus"
"2319","GPKGENGPVGPTGPVGAAGPSGPNGPPGPAGSR",3,0,2895.39131033421,1721,1753,1,"Equus","Equus asinus"
"2320","GPKGENGPVGPTGPVGAAGPSGPNGPPGPAGSR",3,1,2896.37532067299,1721,1753,1,"Equus","Equus asinus"
"2321","GPKGENGPVGPTGPVGAAGPSGPNGPPGPAGSR",3,2,2897.35933101177,1721,1753,1,"Equus","Equus asinus"
"2322","GPKGENGPVGPTGPVGAAGPSGPNGPPGPAGSR",4,0,2911.38622057438,1721,1753,1,"Equus","Equus asinus"
"2323","GPKGENGPVGPTGPVGAAGPSGPNGPPGPAGSR",4,1,2912.37023091316,1721,1753,1,"Equus","Equus asinus"
"2324","GPKGENGPVGPTGPVGAAGPSGPNGPPGPAGSR",4,2,2913.35424125195,1721,1753,1,"Equus","Equus asinus"
"2325","GPKGENGPVGPTGPVGAAGPSGPNGPPGPAGSR",5,0,2927.38113081455,1721,1753,1,"Equus","Equus asinus"
"2326","GPKGENGPVGPTGPVGAAGPSGPNGPPGPAGSR",5,1,2928.36514115334,1721,1753,1,"Equus","Equus asinus"
"2327","GPKGENGPVGPTGPVGAAGPSGPNGPPGPAGSR",5,2,2929.34915149212,1721,1753,1,"Equus","Equus asinus"
"2328","GPKGENGPVGPTGPVGAAGPSGPNGPPGPAGSR",6,0,2943.37604105473,1721,1753,1,"Equus","Equus asinus"
"2329","GPKGENGPVGPTGPVGAAGPSGPNGPPGPAGSR",6,1,2944.36005139351,1721,1753,1,"Equus","Equus asinus"
"2330","GPKGENGPVGPTGPVGAAGPSGPNGPPGPAGSR",6,2,2945.34406173229,1721,1753,1,"Equus","Equus asinus"
"2331","GPKGENGPVGPTGPVGAAGPSGPNGPPGPAGSR",7,0,2959.3709512949,1721,1753,1,"Equus","Equus asinus"
"2332","GPKGENGPVGPTGPVGAAGPSGPNGPPGPAGSR",7,1,2960.35496163368,1721,1753,1,"Equus","Equus asinus"
"2333","GPKGENGPVGPTGPVGAAGPSGPNGPPGPAGSR",7,2,2961.33897197247,1721,1753,1,"Equus","Equus asinus"
"2334","GPKGENGPVGPTGPVGAAGPSGPNGPPGPAGSR",8,0,2975.36586153507,1721,1753,1,"Equus","Equus asinus"
"2335","GPKGENGPVGPTGPVGAAGPSGPNGPPGPAGSR",8,1,2976.34987187386,1721,1753,1,"Equus","Equus asinus"
"2336","GPKGENGPVGPTGPVGAAGPSGPNGPPGPAGSR",8,2,2977.33388221264,1721,1753,1,"Equus","Equus asinus"
"2337","GPKGENGPVGPTGPVGAAGPSGPNGPPGPAGSR",9,0,2991.36077177525,1721,1753,1,"Equus","Equus asinus"
"2338","GPKGENGPVGPTGPVGAAGPSGPNGPPGPAGSR",9,1,2992.34478211403,1721,1753,1,"Equus","Equus asinus"
"2339","GPKGENGPVGPTGPVGAAGPSGPNGPPGPAGSR",9,2,2993.32879245281,1721,1753,1,"Equus","Equus asinus"
"2340","GPKGENGPVGPTGPVGAAGPSGPNGPPGPAGSR",10,0,3007.35568201542,1721,1753,1,"Equus","Equus asinus"
"2341","GPKGENGPVGPTGPVGAAGPSGPNGPPGPAGSR",10,1,3008.3396923542,1721,1753,1,"Equus","Equus asinus"
"2342","GPKGENGPVGPTGPVGAAGPSGPNGPPGPAGSR",10,2,3009.32370269299,1721,1753,1,"Equus","Equus asinus"
"2343","GENGPVGPTGPVGAAGPSGPNGPPGPAGSR",0,0,2565.23730885983,1724,1753,0,"Equus","Equus asinus"
"2344","GENGPVGPTGPVGAAGPSGPNGPPGPAGSR",0,1,2566.22131919861,1724,1753,0,"Equus","Equus asinus"
"2345","GENGPVGPTGPVGAAGPSGPNGPPGPAGSR",0,2,2567.20532953739,1724,1753,0,"Equus","Equus asinus"
"2346","GENGPVGPTGPVGAAGPSGPNGPPGPAGSR",1,0,2581.2322191,1724,1753,0,"Equus","Equus asinus"
"2347","GENGPVGPTGPVGAAGPSGPNGPPGPAGSR",1,1,2582.21622943878,1724,1753,0,"Equus","Equus asinus"
"2348","GENGPVGPTGPVGAAGPSGPNGPPGPAGSR",1,2,2583.20023977757,1724,1753,0,"Equus","Equus asinus"
"2349","GENGPVGPTGPVGAAGPSGPNGPPGPAGSR",2,0,2597.22712934017,1724,1753,0,"Equus","Equus asinus"
"2350","GENGPVGPTGPVGAAGPSGPNGPPGPAGSR",2,1,2598.21113967896,1724,1753,0,"Equus","Equus asinus"
"2351","GENGPVGPTGPVGAAGPSGPNGPPGPAGSR",2,2,2599.19515001774,1724,1753,0,"Equus","Equus asinus"
"2352","GENGPVGPTGPVGAAGPSGPNGPPGPAGSR",3,0,2613.22203958035,1724,1753,0,"Equus","Equus asinus"
"2353","GENGPVGPTGPVGAAGPSGPNGPPGPAGSR",3,1,2614.20604991913,1724,1753,0,"Equus","Equus asinus"
"2354","GENGPVGPTGPVGAAGPSGPNGPPGPAGSR",3,2,2615.19006025791,1724,1753,0,"Equus","Equus asinus"
"2355","GENGPVGPTGPVGAAGPSGPNGPPGPAGSR",4,0,2629.21694982052,1724,1753,0,"Equus","Equus asinus"
"2356","GENGPVGPTGPVGAAGPSGPNGPPGPAGSR",4,1,2630.2009601593,1724,1753,0,"Equus","Equus asinus"
"2357","GENGPVGPTGPVGAAGPSGPNGPPGPAGSR",4,2,2631.18497049809,1724,1753,0,"Equus","Equus asinus"
"2358","GENGPVGPTGPVGAAGPSGPNGPPGPAGSR",5,0,2645.21186006069,1724,1753,0,"Equus","Equus asinus"
"2359","GENGPVGPTGPVGAAGPSGPNGPPGPAGSR",5,1,2646.19587039948,1724,1753,0,"Equus","Equus asinus"
"2360","GENGPVGPTGPVGAAGPSGPNGPPGPAGSR",5,2,2647.17988073826,1724,1753,0,"Equus","Equus asinus"
"2361","GENGPVGPTGPVGAAGPSGPNGPPGPAGSR",6,0,2661.20677030087,1724,1753,0,"Equus","Equus asinus"
"2362","GENGPVGPTGPVGAAGPSGPNGPPGPAGSR",6,1,2662.19078063965,1724,1753,0,"Equus","Equus asinus"
"2363","GENGPVGPTGPVGAAGPSGPNGPPGPAGSR",6,2,2663.17479097843,1724,1753,0,"Equus","Equus asinus"
"2364","GENGPVGPTGPVGAAGPSGPNGPPGPAGSR",7,0,2677.20168054104,1724,1753,0,"Equus","Equus asinus"
"2365","GENGPVGPTGPVGAAGPSGPNGPPGPAGSR",7,1,2678.18569087982,1724,1753,0,"Equus","Equus asinus"
"2366","GENGPVGPTGPVGAAGPSGPNGPPGPAGSR",7,2,2679.16970121861,1724,1753,0,"Equus","Equus asinus"
"2367","GENGPVGPTGPVGAAGPSGPNGPPGPAGSR",8,0,2693.19659078121,1724,1753,0,"Equus","Equus asinus"
"2368","GENGPVGPTGPVGAAGPSGPNGPPGPAGSR",8,1,2694.18060112,1724,1753,0,"Equus","Equus asinus"
"2369","GENGPVGPTGPVGAAGPSGPNGPPGPAGSR",8,2,2695.16461145878,1724,1753,0,"Equus","Equus asinus"
"2370","GDGGPPGVTGFPGAAGR",0,0,1469.70619487762,1754,1770,0,"Equus","Equus asinus"
"2371","GDGGPPGVTGFPGAAGR",1,0,1485.7011051178,1754,1770,0,"Equus","Equus asinus"
"2372","GDGGPPGVTGFPGAAGR",2,0,1501.69601535797,1754,1770,0,"Equus","Equus asinus"
"2373","GDGGPPGVTGFPGAAGR",3,0,1517.69092559814,1754,1770,0,"Equus","Equus asinus"
"2374","GDGGPPGVTGFPGAAGRTGPPGPSGISGPPGPPGAAGK",0,0,3206.59118080139,1754,1791,1,"Equus","Equus asinus"
"2375","GDGGPPGVTGFPGAAGRTGPPGPSGISGPPGPPGAAGK",1,0,3222.58609104156,1754,1791,1,"Equus","Equus asinus"
"2376","GDGGPPGVTGFPGAAGRTGPPGPSGISGPPGPPGAAGK",2,0,3238.58100128174,1754,1791,1,"Equus","Equus asinus"
"2377","GDGGPPGVTGFPGAAGRTGPPGPSGISGPPGPPGAAGK",3,0,3254.57591152191,1754,1791,1,"Equus","Equus asinus"
"2378","GDGGPPGVTGFPGAAGRTGPPGPSGISGPPGPPGAAGK",4,0,3270.57082176208,1754,1791,1,"Equus","Equus asinus"
"2379","GDGGPPGVTGFPGAAGRTGPPGPSGISGPPGPPGAAGK",5,0,3286.56573200226,1754,1791,1,"Equus","Equus asinus"
"2380","GDGGPPGVTGFPGAAGRTGPPGPSGISGPPGPPGAAGK",6,0,3302.56064224243,1754,1791,1,"Equus","Equus asinus"
"2381","GDGGPPGVTGFPGAAGRTGPPGPSGISGPPGPPGAAGK",7,0,3318.5555524826,1754,1791,1,"Equus","Equus asinus"
"2382","GDGGPPGVTGFPGAAGRTGPPGPSGISGPPGPPGAAGK",8,0,3334.55046272278,1754,1791,1,"Equus","Equus asinus"
"2383","GDGGPPGVTGFPGAAGRTGPPGPSGISGPPGPPGAAGK",9,0,3350.54537296295,1754,1791,1,"Equus","Equus asinus"
"2384","GDGGPPGVTGFPGAAGRTGPPGPSGISGPPGPPGAAGK",10,0,3366.54028320312,1754,1791,1,"Equus","Equus asinus"
"2385","GDGGPPGVTGFPGAAGRTGPPGPSGISGPPGPPGAAGK",11,0,3382.5351934433,1754,1791,1,"Equus","Equus asinus"
"2386","TGPPGPSGISGPPGPPGAAGK",0,0,1755.89555621147,1771,1791,0,"Equus","Equus asinus"
"2387","TGPPGPSGISGPPGPPGAAGK",1,0,1771.89046645164,1771,1791,0,"Equus","Equus asinus"
"2388","TGPPGPSGISGPPGPPGAAGK",2,0,1787.88537669182,1771,1791,0,"Equus","Equus asinus"
"2389","TGPPGPSGISGPPGPPGAAGK",3,0,1803.88028693199,1771,1791,0,"Equus","Equus asinus"
"2390","TGPPGPSGISGPPGPPGAAGK",4,0,1819.87519717216,1771,1791,0,"Equus","Equus asinus"
"2391","TGPPGPSGISGPPGPPGAAGK",5,0,1835.87010741234,1771,1791,0,"Equus","Equus asinus"
"2392","TGPPGPSGISGPPGPPGAAGK",6,0,1851.86501765251,1771,1791,0,"Equus","Equus asinus"
"2393","TGPPGPSGISGPPGPPGAAGK",7,0,1867.85992789268,1771,1791,0,"Equus","Equus asinus"
"2394","TGPPGPSGISGPPGPPGAAGK",8,0,1883.85483813286,1771,1791,0,"Equus","Equus asinus"
"2395","TGPPGPSGISGPPGPPGAAGKEGLR",0,0,2211.14489758015,1771,1795,1,"Equus","Equus asinus"
"2396","TGPPGPSGISGPPGPPGAAGKEGLR",1,0,2227.13980782032,1771,1795,1,"Equus","Equus asinus"
"2397","TGPPGPSGISGPPGPPGAAGKEGLR",2,0,2243.13471806049,1771,1795,1,"Equus","Equus asinus"
"2398","TGPPGPSGISGPPGPPGAAGKEGLR",3,0,2259.12962830067,1771,1795,1,"Equus","Equus asinus"
"2399","TGPPGPSGISGPPGPPGAAGKEGLR",4,0,2275.12453854084,1771,1795,1,"Equus","Equus asinus"
"2400","TGPPGPSGISGPPGPPGAAGKEGLR",5,0,2291.11944878101,1771,1795,1,"Equus","Equus asinus"
"2401","TGPPGPSGISGPPGPPGAAGKEGLR",6,0,2307.11435902119,1771,1795,1,"Equus","Equus asinus"
"2402","TGPPGPSGISGPPGPPGAAGKEGLR",7,0,2323.10926926136,1771,1795,1,"Equus","Equus asinus"
"2403","TGPPGPSGISGPPGPPGAAGKEGLR",8,0,2339.10417950153,1771,1795,1,"Equus","Equus asinus"
"2404","GPRGDQGPVGR",0,0,1095.55833315849,1796,1806,1,"Equus","Equus asinus"
"2405","GPRGDQGPVGR",0,1,1096.54234349728,1796,1806,1,"Equus","Equus asinus"
"2406","GPRGDQGPVGR",1,0,1111.55324339867,1796,1806,1,"Equus","Equus asinus"
"2407","GPRGDQGPVGR",1,1,1112.53725373745,1796,1806,1,"Equus","Equus asinus"
"2408","GPRGDQGPVGR",2,0,1127.54815363884,1796,1806,1,"Equus","Equus asinus"
"2409","GPRGDQGPVGR",2,1,1128.53216397762,1796,1806,1,"Equus","Equus asinus"
"2410","GDQGPVGRAGETGASGPPGFAGEK",0,0,2199.03566801548,1799,1822,1,"Equus","Equus asinus"
"2411","GDQGPVGRAGETGASGPPGFAGEK",0,1,2200.01967835426,1799,1822,1,"Equus","Equus asinus"
"2412","GDQGPVGRAGETGASGPPGFAGEK",1,0,2215.03057825565,1799,1822,1,"Equus","Equus asinus"
"2413","GDQGPVGRAGETGASGPPGFAGEK",1,1,2216.01458859444,1799,1822,1,"Equus","Equus asinus"
"2414","GDQGPVGRAGETGASGPPGFAGEK",2,0,2231.02548849583,1799,1822,1,"Equus","Equus asinus"
"2415","GDQGPVGRAGETGASGPPGFAGEK",2,1,2232.00949883461,1799,1822,1,"Equus","Equus asinus"
"2416","GDQGPVGRAGETGASGPPGFAGEK",3,0,2247.020398736,1799,1822,1,"Equus","Equus asinus"
"2417","GDQGPVGRAGETGASGPPGFAGEK",3,1,2248.00440907478,1799,1822,1,"Equus","Equus asinus"
"2418","GDQGPVGRAGETGASGPPGFAGEK",4,0,2263.01530897617,1799,1822,1,"Equus","Equus asinus"
"2419","GDQGPVGRAGETGASGPPGFAGEK",4,1,2263.99931931496,1799,1822,1,"Equus","Equus asinus"
"2420","AGETGASGPPGFAGEK",0,0,1432.6633156538,1807,1822,0,"Equus","Equus asinus"
"2421","AGETGASGPPGFAGEK",1,0,1448.65822589397,1807,1822,0,"Equus","Equus asinus"
"2422","AGETGASGPPGFAGEK",2,0,1464.65313613415,1807,1822,0,"Equus","Equus asinus"
"2423","AGETGASGPPGFAGEK",3,0,1480.64804637432,1807,1822,0,"Equus","Equus asinus"
"2424","GPSGEPGTAGPPGTPGPQGLLGAPGILGLPGSR",0,0,2919.52572023869,1823,1855,0,"Equus","Equus asinus"
"2425","GPSGEPGTAGPPGTPGPQGLLGAPGILGLPGSR",0,1,2920.50973057747,1823,1855,0,"Equus","Equus asinus"
"2426","GPSGEPGTAGPPGTPGPQGLLGAPGILGLPGSR",1,0,2935.52063047886,1823,1855,0,"Equus","Equus asinus"
"2427","GPSGEPGTAGPPGTPGPQGLLGAPGILGLPGSR",1,1,2936.50464081764,1823,1855,0,"Equus","Equus asinus"
"2428","GPSGEPGTAGPPGTPGPQGLLGAPGILGLPGSR",2,0,2951.51554071903,1823,1855,0,"Equus","Equus asinus"
"2429","GPSGEPGTAGPPGTPGPQGLLGAPGILGLPGSR",2,1,2952.49955105782,1823,1855,0,"Equus","Equus asinus"
"2430","GPSGEPGTAGPPGTPGPQGLLGAPGILGLPGSR",3,0,2967.51045095921,1823,1855,0,"Equus","Equus asinus"
"2431","GPSGEPGTAGPPGTPGPQGLLGAPGILGLPGSR",3,1,2968.49446129799,1823,1855,0,"Equus","Equus asinus"
"2432","GPSGEPGTAGPPGTPGPQGLLGAPGILGLPGSR",4,0,2983.50536119938,1823,1855,0,"Equus","Equus asinus"
"2433","GPSGEPGTAGPPGTPGPQGLLGAPGILGLPGSR",4,1,2984.48937153816,1823,1855,0,"Equus","Equus asinus"
"2434","GPSGEPGTAGPPGTPGPQGLLGAPGILGLPGSR",5,0,2999.50027143955,1823,1855,0,"Equus","Equus asinus"
"2435","GPSGEPGTAGPPGTPGPQGLLGAPGILGLPGSR",5,1,3000.48428177834,1823,1855,0,"Equus","Equus asinus"
"2436","GPSGEPGTAGPPGTPGPQGLLGAPGILGLPGSR",6,0,3015.49518167973,1823,1855,0,"Equus","Equus asinus"
"2437","GPSGEPGTAGPPGTPGPQGLLGAPGILGLPGSR",6,1,3016.47919201851,1823,1855,0,"Equus","Equus asinus"
"2438","GPSGEPGTAGPPGTPGPQGLLGAPGILGLPGSR",7,0,3031.4900919199,1823,1855,0,"Equus","Equus asinus"
"2439","GPSGEPGTAGPPGTPGPQGLLGAPGILGLPGSR",7,1,3032.47410225868,1823,1855,0,"Equus","Equus asinus"
"2440","GPSGEPGTAGPPGTPGPQGLLGAPGILGLPGSR",8,0,3047.48500216007,1823,1855,0,"Equus","Equus asinus"
"2441","GPSGEPGTAGPPGTPGPQGLLGAPGILGLPGSR",8,1,3048.46901249886,1823,1855,0,"Equus","Equus asinus"
"2442","GPSGEPGTAGPPGTPGPQGLLGAPGILGLPGSRGER",0,0,3261.69095122814,1823,1858,1,"Equus","Equus asinus"
"2443","GPSGEPGTAGPPGTPGPQGLLGAPGILGLPGSRGER",0,1,3262.67496156693,1823,1858,1,"Equus","Equus asinus"
"2444","GPSGEPGTAGPPGTPGPQGLLGAPGILGLPGSRGER",1,0,3277.68586146832,1823,1858,1,"Equus","Equus asinus"
"2445","GPSGEPGTAGPPGTPGPQGLLGAPGILGLPGSRGER",1,1,3278.6698718071,1823,1858,1,"Equus","Equus asinus"
"2446","GPSGEPGTAGPPGTPGPQGLLGAPGILGLPGSRGER",2,0,3293.68077170849,1823,1858,1,"Equus","Equus asinus"
"2447","GPSGEPGTAGPPGTPGPQGLLGAPGILGLPGSRGER",2,1,3294.66478204727,1823,1858,1,"Equus","Equus asinus"
"2448","GPSGEPGTAGPPGTPGPQGLLGAPGILGLPGSRGER",3,0,3309.67568194866,1823,1858,1,"Equus","Equus asinus"
"2449","GPSGEPGTAGPPGTPGPQGLLGAPGILGLPGSRGER",3,1,3310.65969228745,1823,1858,1,"Equus","Equus asinus"
"2450","GPSGEPGTAGPPGTPGPQGLLGAPGILGLPGSRGER",4,0,3325.67059218884,1823,1858,1,"Equus","Equus asinus"
"2451","GPSGEPGTAGPPGTPGPQGLLGAPGILGLPGSRGER",4,1,3326.65460252762,1823,1858,1,"Equus","Equus asinus"
"2452","GPSGEPGTAGPPGTPGPQGLLGAPGILGLPGSRGER",5,0,3341.66550242901,1823,1858,1,"Equus","Equus asinus"
"2453","GPSGEPGTAGPPGTPGPQGLLGAPGILGLPGSRGER",5,1,3342.64951276779,1823,1858,1,"Equus","Equus asinus"
"2454","GPSGEPGTAGPPGTPGPQGLLGAPGILGLPGSRGER",6,0,3357.66041266918,1823,1858,1,"Equus","Equus asinus"
"2455","GPSGEPGTAGPPGTPGPQGLLGAPGILGLPGSRGER",6,1,3358.64442300797,1823,1858,1,"Equus","Equus asinus"
"2456","GPSGEPGTAGPPGTPGPQGLLGAPGILGLPGSRGER",7,0,3373.65532290936,1823,1858,1,"Equus","Equus asinus"
"2457","GPSGEPGTAGPPGTPGPQGLLGAPGILGLPGSRGER",7,1,3374.63933324814,1823,1858,1,"Equus","Equus asinus"
"2458","GPSGEPGTAGPPGTPGPQGLLGAPGILGLPGSRGER",8,0,3389.65023314953,1823,1858,1,"Equus","Equus asinus"
"2459","GPSGEPGTAGPPGTPGPQGLLGAPGILGLPGSRGER",8,1,3390.63424348831,1823,1858,1,"Equus","Equus asinus"
"2460","GERGLPGVAGSLGEPGPLGIAGPPGAR",0,0,2439.3035980463,1856,1882,1,"Equus","Equus asinus"
"2461","GERGLPGVAGSLGEPGPLGIAGPPGAR",1,0,2455.29850828648,1856,1882,1,"Equus","Equus asinus"
"2462","GERGLPGVAGSLGEPGPLGIAGPPGAR",2,0,2471.29341852665,1856,1882,1,"Equus","Equus asinus"
"2463","GERGLPGVAGSLGEPGPLGIAGPPGAR",3,0,2487.28832876682,1856,1882,1,"Equus","Equus asinus"
"2464","GERGLPGVAGSLGEPGPLGIAGPPGAR",4,0,2503.283239007,1856,1882,1,"Equus","Equus asinus"
"2465","GERGLPGVAGSLGEPGPLGIAGPPGAR",5,0,2519.27814924717,1856,1882,1,"Equus","Equus asinus"
"2466","GLPGVAGSLGEPGPLGIAGPPGAR",0,0,2097.13836705685,1859,1882,0,"Equus","Equus asinus"
"2467","GLPGVAGSLGEPGPLGIAGPPGAR",1,0,2113.13327729702,1859,1882,0,"Equus","Equus asinus"
"2468","GLPGVAGSLGEPGPLGIAGPPGAR",2,0,2129.12818753719,1859,1882,0,"Equus","Equus asinus"
"2469","GLPGVAGSLGEPGPLGIAGPPGAR",3,0,2145.12309777737,1859,1882,0,"Equus","Equus asinus"
"2470","GLPGVAGSLGEPGPLGIAGPPGAR",4,0,2161.11800801754,1859,1882,0,"Equus","Equus asinus"
"2471","GLPGVAGSLGEPGPLGIAGPPGAR",5,0,2177.11291825771,1859,1882,0,"Equus","Equus asinus"
"2472","GPPGAVGAPGVNGAPGEAGR",0,0,1687.84414553642,1883,1902,0,"Equus","Equus asinus"
"2473","GPPGAVGAPGVNGAPGEAGR",0,1,1688.82815587521,1883,1902,0,"Equus","Equus asinus"
"2474","GPPGAVGAPGVNGAPGEAGR",1,0,1703.8390557766,1883,1902,0,"Equus","Equus asinus"
"2475","GPPGAVGAPGVNGAPGEAGR",1,1,1704.82306611538,1883,1902,0,"Equus","Equus asinus"
"2476","GPPGAVGAPGVNGAPGEAGR",2,0,1719.83396601677,1883,1902,0,"Equus","Equus asinus"
"2477","GPPGAVGAPGVNGAPGEAGR",2,1,1720.81797635555,1883,1902,0,"Equus","Equus asinus"
"2478","GPPGAVGAPGVNGAPGEAGR",3,0,1735.82887625694,1883,1902,0,"Equus","Equus asinus"
"2479","GPPGAVGAPGVNGAPGEAGR",3,1,1736.81288659573,1883,1902,0,"Equus","Equus asinus"
"2480","GPPGAVGAPGVNGAPGEAGR",4,0,1751.82378649712,1883,1902,0,"Equus","Equus asinus"
"2481","GPPGAVGAPGVNGAPGEAGR",4,1,1752.8077968359,1883,1902,0,"Equus","Equus asinus"
"2482","GPPGAVGAPGVNGAPGEAGRDGNPGSDGPPGR",0,0,2794.31842947006,1883,1914,1,"Equus","Equus asinus"
"2483","GPPGAVGAPGVNGAPGEAGRDGNPGSDGPPGR",0,1,2795.30243980885,1883,1914,1,"Equus","Equus asinus"
"2484","GPPGAVGAPGVNGAPGEAGRDGNPGSDGPPGR",0,2,2796.28645014763,1883,1914,1,"Equus","Equus asinus"
"2485","GPPGAVGAPGVNGAPGEAGRDGNPGSDGPPGR",1,0,2810.31333971024,1883,1914,1,"Equus","Equus asinus"
"2486","GPPGAVGAPGVNGAPGEAGRDGNPGSDGPPGR",1,1,2811.29735004902,1883,1914,1,"Equus","Equus asinus"
"2487","GPPGAVGAPGVNGAPGEAGRDGNPGSDGPPGR",1,2,2812.2813603878,1883,1914,1,"Equus","Equus asinus"
"2488","GPPGAVGAPGVNGAPGEAGRDGNPGSDGPPGR",2,0,2826.30824995041,1883,1914,1,"Equus","Equus asinus"
"2489","GPPGAVGAPGVNGAPGEAGRDGNPGSDGPPGR",2,1,2827.29226028919,1883,1914,1,"Equus","Equus asinus"
"2490","GPPGAVGAPGVNGAPGEAGRDGNPGSDGPPGR",2,2,2828.27627062798,1883,1914,1,"Equus","Equus asinus"
"2491","GPPGAVGAPGVNGAPGEAGRDGNPGSDGPPGR",3,0,2842.30316019058,1883,1914,1,"Equus","Equus asinus"
"2492","GPPGAVGAPGVNGAPGEAGRDGNPGSDGPPGR",3,1,2843.28717052937,1883,1914,1,"Equus","Equus asinus"
"2493","GPPGAVGAPGVNGAPGEAGRDGNPGSDGPPGR",3,2,2844.27118086815,1883,1914,1,"Equus","Equus asinus"
"2494","GPPGAVGAPGVNGAPGEAGRDGNPGSDGPPGR",4,0,2858.29807043076,1883,1914,1,"Equus","Equus asinus"
"2495","GPPGAVGAPGVNGAPGEAGRDGNPGSDGPPGR",4,1,2859.28208076954,1883,1914,1,"Equus","Equus asinus"
"2496","GPPGAVGAPGVNGAPGEAGRDGNPGSDGPPGR",4,2,2860.26609110832,1883,1914,1,"Equus","Equus asinus"
"2497","GPPGAVGAPGVNGAPGEAGRDGNPGSDGPPGR",5,0,2874.29298067093,1883,1914,1,"Equus","Equus asinus"
"2498","GPPGAVGAPGVNGAPGEAGRDGNPGSDGPPGR",5,1,2875.27699100971,1883,1914,1,"Equus","Equus asinus"
"2499","GPPGAVGAPGVNGAPGEAGRDGNPGSDGPPGR",5,2,2876.2610013485,1883,1914,1,"Equus","Equus asinus"
"2500","GPPGAVGAPGVNGAPGEAGRDGNPGSDGPPGR",6,0,2890.2878909111,1883,1914,1,"Equus","Equus asinus"
"2501","GPPGAVGAPGVNGAPGEAGRDGNPGSDGPPGR",6,1,2891.27190124989,1883,1914,1,"Equus","Equus asinus"
"2502","GPPGAVGAPGVNGAPGEAGRDGNPGSDGPPGR",6,2,2892.25591158867,1883,1914,1,"Equus","Equus asinus"
"2503","GPPGAVGAPGVNGAPGEAGRDGNPGSDGPPGR",7,0,2906.28280115128,1883,1914,1,"Equus","Equus asinus"
"2504","GPPGAVGAPGVNGAPGEAGRDGNPGSDGPPGR",7,1,2907.26681149006,1883,1914,1,"Equus","Equus asinus"
"2505","GPPGAVGAPGVNGAPGEAGRDGNPGSDGPPGR",7,2,2908.25082182884,1883,1914,1,"Equus","Equus asinus"
"2506","DGNPGSDGPPGR",0,0,1125.48485422134,1903,1914,0,"Equus","Equus asinus"
"2507","DGNPGSDGPPGR",0,1,1126.46886456013,1903,1914,0,"Equus","Equus asinus"
"2508","DGNPGSDGPPGR",1,0,1141.47976446152,1903,1914,0,"Equus","Equus asinus"
"2509","DGNPGSDGPPGR",1,1,1142.4637748003,1903,1914,0,"Equus","Equus asinus"
"2510","DGNPGSDGPPGR",2,0,1157.47467470169,1903,1914,0,"Equus","Equus asinus"
"2511","DGNPGSDGPPGR",2,1,1158.45868504047,1903,1914,0,"Equus","Equus asinus"
"2512","DGNPGSDGPPGR",3,0,1173.46958494186,1903,1914,0,"Equus","Equus asinus"
"2513","DGNPGSDGPPGR",3,1,1174.45359528065,1903,1914,0,"Equus","Equus asinus"
"2514","DGNPGSDGPPGRDGQPGHK",0,0,1844.8200763464,1903,1921,1,"Equus","Equus asinus"
"2515","DGNPGSDGPPGRDGQPGHK",0,1,1845.80408668518,1903,1921,1,"Equus","Equus asinus"
"2516","DGNPGSDGPPGRDGQPGHK",0,2,1846.78809702396,1903,1921,1,"Equus","Equus asinus"
"2517","DGNPGSDGPPGRDGQPGHK",1,0,1860.81498658657,1903,1921,1,"Equus","Equus asinus"
"2518","DGNPGSDGPPGRDGQPGHK",1,1,1861.79899692535,1903,1921,1,"Equus","Equus asinus"
"2519","DGNPGSDGPPGRDGQPGHK",1,2,1862.78300726414,1903,1921,1,"Equus","Equus asinus"
"2520","DGNPGSDGPPGRDGQPGHK",2,0,1876.80989682674,1903,1921,1,"Equus","Equus asinus"
"2521","DGNPGSDGPPGRDGQPGHK",2,1,1877.79390716553,1903,1921,1,"Equus","Equus asinus"
"2522","DGNPGSDGPPGRDGQPGHK",2,2,1878.77791750431,1903,1921,1,"Equus","Equus asinus"
"2523","DGNPGSDGPPGRDGQPGHK",3,0,1892.80480706692,1903,1921,1,"Equus","Equus asinus"
"2524","DGNPGSDGPPGRDGQPGHK",3,1,1893.7888174057,1903,1921,1,"Equus","Equus asinus"
"2525","DGNPGSDGPPGRDGQPGHK",3,2,1894.77282774448,1903,1921,1,"Equus","Equus asinus"
"2526","DGNPGSDGPPGRDGQPGHK",4,0,1908.79971730709,1903,1921,1,"Equus","Equus asinus"
"2527","DGNPGSDGPPGRDGQPGHK",4,1,1909.78372764587,1903,1921,1,"Equus","Equus asinus"
"2528","DGNPGSDGPPGRDGQPGHK",4,2,1910.76773798466,1903,1921,1,"Equus","Equus asinus"
"2529","DGNPGSDGPPGRDGQPGHK",5,0,1924.79462754726,1903,1921,1,"Equus","Equus asinus"
"2530","DGNPGSDGPPGRDGQPGHK",5,1,1925.77863788605,1903,1921,1,"Equus","Equus asinus"
"2531","DGNPGSDGPPGRDGQPGHK",5,2,1926.76264822483,1903,1921,1,"Equus","Equus asinus"
"2532","DGQPGHKGER",0,0,1080.51102340221,1915,1924,1,"Equus","Equus asinus"
"2533","DGQPGHKGER",0,1,1081.495033741,1915,1924,1,"Equus","Equus asinus"
"2534","DGQPGHKGER",1,0,1096.50593364239,1915,1924,1,"Equus","Equus asinus"
"2535","DGQPGHKGER",1,1,1097.48994398117,1915,1924,1,"Equus","Equus asinus"
"2536","DGQPGHKGER",2,0,1112.50084388256,1915,1924,1,"Equus","Equus asinus"
"2537","DGQPGHKGER",2,1,1113.48485422134,1915,1924,1,"Equus","Equus asinus"
"2538","GERGYPGNAGPVGAVGAPGPHGPVGPTGK",0,0,2610.31045818329,1922,1950,1,"Equus","Equus asinus"
"2539","GERGYPGNAGPVGAVGAPGPHGPVGPTGK",0,1,2611.29446852207,1922,1950,1,"Equus","Equus asinus"
"2540","GERGYPGNAGPVGAVGAPGPHGPVGPTGK",1,0,2626.30536842346,1922,1950,1,"Equus","Equus asinus"
"2541","GERGYPGNAGPVGAVGAPGPHGPVGPTGK",1,1,2627.28937876225,1922,1950,1,"Equus","Equus asinus"
"2542","GERGYPGNAGPVGAVGAPGPHGPVGPTGK",2,0,2642.30027866364,1922,1950,1,"Equus","Equus asinus"
"2543","GERGYPGNAGPVGAVGAPGPHGPVGPTGK",2,1,2643.28428900242,1922,1950,1,"Equus","Equus asinus"
"2544","GERGYPGNAGPVGAVGAPGPHGPVGPTGK",3,0,2658.29518890381,1922,1950,1,"Equus","Equus asinus"
"2545","GERGYPGNAGPVGAVGAPGPHGPVGPTGK",3,1,2659.27919924259,1922,1950,1,"Equus","Equus asinus"
"2546","GERGYPGNAGPVGAVGAPGPHGPVGPTGK",4,0,2674.29009914398,1922,1950,1,"Equus","Equus asinus"
"2547","GERGYPGNAGPVGAVGAPGPHGPVGPTGK",4,1,2675.27410948277,1922,1950,1,"Equus","Equus asinus"
"2548","GERGYPGNAGPVGAVGAPGPHGPVGPTGK",5,0,2690.28500938416,1922,1950,1,"Equus","Equus asinus"
"2549","GERGYPGNAGPVGAVGAPGPHGPVGPTGK",5,1,2691.26901972294,1922,1950,1,"Equus","Equus asinus"
"2550","GERGYPGNAGPVGAVGAPGPHGPVGPTGK",6,0,2706.27991962433,1922,1950,1,"Equus","Equus asinus"
"2551","GERGYPGNAGPVGAVGAPGPHGPVGPTGK",6,1,2707.26392996311,1922,1950,1,"Equus","Equus asinus"
"2552","GERGYPGNAGPVGAVGAPGPHGPVGPTGK",7,0,2722.2748298645,1922,1950,1,"Equus","Equus asinus"
"2553","GERGYPGNAGPVGAVGAPGPHGPVGPTGK",7,1,2723.25884020329,1922,1950,1,"Equus","Equus asinus"
"2554","GYPGNAGPVGAVGAPGPHGPVGPTGK",0,0,2268.14522719383,1925,1950,0,"Equus","Equus asinus"
"2555","GYPGNAGPVGAVGAPGPHGPVGPTGK",0,1,2269.12923753262,1925,1950,0,"Equus","Equus asinus"
"2556","GYPGNAGPVGAVGAPGPHGPVGPTGK",1,0,2284.14013743401,1925,1950,0,"Equus","Equus asinus"
"2557","GYPGNAGPVGAVGAPGPHGPVGPTGK",1,1,2285.12414777279,1925,1950,0,"Equus","Equus asinus"
"2558","GYPGNAGPVGAVGAPGPHGPVGPTGK",2,0,2300.13504767418,1925,1950,0,"Equus","Equus asinus"
"2559","GYPGNAGPVGAVGAPGPHGPVGPTGK",2,1,2301.11905801296,1925,1950,0,"Equus","Equus asinus"
"2560","GYPGNAGPVGAVGAPGPHGPVGPTGK",3,0,2316.12995791435,1925,1950,0,"Equus","Equus asinus"
"2561","GYPGNAGPVGAVGAPGPHGPVGPTGK",3,1,2317.11396825314,1925,1950,0,"Equus","Equus asinus"
"2562","GYPGNAGPVGAVGAPGPHGPVGPTGK",4,0,2332.12486815453,1925,1950,0,"Equus","Equus asinus"
"2563","GYPGNAGPVGAVGAPGPHGPVGPTGK",4,1,2333.10887849331,1925,1950,0,"Equus","Equus asinus"
"2564","GYPGNAGPVGAVGAPGPHGPVGPTGK",5,0,2348.1197783947,1925,1950,0,"Equus","Equus asinus"
"2565","GYPGNAGPVGAVGAPGPHGPVGPTGK",5,1,2349.10378873348,1925,1950,0,"Equus","Equus asinus"
"2566","GYPGNAGPVGAVGAPGPHGPVGPTGK",6,0,2364.11468863487,1925,1950,0,"Equus","Equus asinus"
"2567","GYPGNAGPVGAVGAPGPHGPVGPTGK",6,1,2365.09869897366,1925,1950,0,"Equus","Equus asinus"
"2568","GYPGNAGPVGAVGAPGPHGPVGPTGK",7,0,2380.10959887505,1925,1950,0,"Equus","Equus asinus"
"2569","GYPGNAGPVGAVGAPGPHGPVGPTGK",7,1,2381.09360921383,1925,1950,0,"Equus","Equus asinus"
"2570","GYPGNAGPVGAVGAPGPHGPVGPTGKHGNR",0,0,2732.36971783638,1925,1954,1,"Equus","Equus asinus"
"2571","GYPGNAGPVGAVGAPGPHGPVGPTGKHGNR",0,1,2733.35372817516,1925,1954,1,"Equus","Equus asinus"
"2572","GYPGNAGPVGAVGAPGPHGPVGPTGKHGNR",0,2,2734.33773851395,1925,1954,1,"Equus","Equus asinus"
"2573","GYPGNAGPVGAVGAPGPHGPVGPTGKHGNR",1,0,2748.36462807655,1925,1954,1,"Equus","Equus asinus"
"2574","GYPGNAGPVGAVGAPGPHGPVGPTGKHGNR",1,1,2749.34863841534,1925,1954,1,"Equus","Equus asinus"
"2575","GYPGNAGPVGAVGAPGPHGPVGPTGKHGNR",1,2,2750.33264875412,1925,1954,1,"Equus","Equus asinus"
"2576","GYPGNAGPVGAVGAPGPHGPVGPTGKHGNR",2,0,2764.35953831673,1925,1954,1,"Equus","Equus asinus"
"2577","GYPGNAGPVGAVGAPGPHGPVGPTGKHGNR",2,1,2765.34354865551,1925,1954,1,"Equus","Equus asinus"
"2578","GYPGNAGPVGAVGAPGPHGPVGPTGKHGNR",2,2,2766.32755899429,1925,1954,1,"Equus","Equus asinus"
"2579","GYPGNAGPVGAVGAPGPHGPVGPTGKHGNR",3,0,2780.3544485569,1925,1954,1,"Equus","Equus asinus"
"2580","GYPGNAGPVGAVGAPGPHGPVGPTGKHGNR",3,1,2781.33845889568,1925,1954,1,"Equus","Equus asinus"
"2581","GYPGNAGPVGAVGAPGPHGPVGPTGKHGNR",3,2,2782.32246923447,1925,1954,1,"Equus","Equus asinus"
"2582","GYPGNAGPVGAVGAPGPHGPVGPTGKHGNR",4,0,2796.34935879707,1925,1954,1,"Equus","Equus asinus"
"2583","GYPGNAGPVGAVGAPGPHGPVGPTGKHGNR",4,1,2797.33336913586,1925,1954,1,"Equus","Equus asinus"
"2584","GYPGNAGPVGAVGAPGPHGPVGPTGKHGNR",4,2,2798.31737947464,1925,1954,1,"Equus","Equus asinus"
"2585","GYPGNAGPVGAVGAPGPHGPVGPTGKHGNR",5,0,2812.34426903725,1925,1954,1,"Equus","Equus asinus"
"2586","GYPGNAGPVGAVGAPGPHGPVGPTGKHGNR",5,1,2813.32827937603,1925,1954,1,"Equus","Equus asinus"
"2587","GYPGNAGPVGAVGAPGPHGPVGPTGKHGNR",5,2,2814.31228971481,1925,1954,1,"Equus","Equus asinus"
"2588","GYPGNAGPVGAVGAPGPHGPVGPTGKHGNR",6,0,2828.33917927742,1925,1954,1,"Equus","Equus asinus"
"2589","GYPGNAGPVGAVGAPGPHGPVGPTGKHGNR",6,1,2829.3231896162,1925,1954,1,"Equus","Equus asinus"
"2590","GYPGNAGPVGAVGAPGPHGPVGPTGKHGNR",6,2,2830.30719995499,1925,1954,1,"Equus","Equus asinus"
"2591","GYPGNAGPVGAVGAPGPHGPVGPTGKHGNR",7,0,2844.33408951759,1925,1954,1,"Equus","Equus asinus"
"2592","GYPGNAGPVGAVGAPGPHGPVGPTGKHGNR",7,1,2845.31809985638,1925,1954,1,"Equus","Equus asinus"
"2593","GYPGNAGPVGAVGAPGPHGPVGPTGKHGNR",7,2,2846.30211019516,1925,1954,1,"Equus","Equus asinus"
"2594","HGNRGEPGPVGSVGPVGAVGPR",0,0,2053.06177604198,1951,1972,1,"Equus","Equus asinus"
"2595","HGNRGEPGPVGSVGPVGAVGPR",0,1,2054.04578638077,1951,1972,1,"Equus","Equus asinus"
"2596","HGNRGEPGPVGSVGPVGAVGPR",1,0,2069.05668628216,1951,1972,1,"Equus","Equus asinus"
"2597","HGNRGEPGPVGSVGPVGAVGPR",1,1,2070.04069662094,1951,1972,1,"Equus","Equus asinus"
"2598","HGNRGEPGPVGSVGPVGAVGPR",2,0,2085.05159652233,1951,1972,1,"Equus","Equus asinus"
"2599","HGNRGEPGPVGSVGPVGAVGPR",2,1,2086.03560686111,1951,1972,1,"Equus","Equus asinus"
"2600","HGNRGEPGPVGSVGPVGAVGPR",3,0,2101.0465067625,1951,1972,1,"Equus","Equus asinus"
"2601","HGNRGEPGPVGSVGPVGAVGPR",3,1,2102.03051710129,1951,1972,1,"Equus","Equus asinus"
"2602","HGNRGEPGPVGSVGPVGAVGPR",4,0,2117.04141700268,1951,1972,1,"Equus","Equus asinus"
"2603","HGNRGEPGPVGSVGPVGAVGPR",4,1,2118.02542734146,1951,1972,1,"Equus","Equus asinus"
"2604","GEPGPVGSVGPVGAVGPR",0,0,1588.83728539944,1955,1972,0,"Equus","Equus asinus"
"2605","GEPGPVGSVGPVGAVGPR",1,0,1604.83219563961,1955,1972,0,"Equus","Equus asinus"
"2606","GEPGPVGSVGPVGAVGPR",2,0,1620.82710587978,1955,1972,0,"Equus","Equus asinus"
"2607","GEPGPVGSVGPVGAVGPR",3,0,1636.82201611996,1955,1972,0,"Equus","Equus asinus"
"2608","GEPGPVGSVGPVGAVGPR",4,0,1652.81692636013,1955,1972,0,"Equus","Equus asinus"
"2609","GEPGPVGSVGPVGAVGPRGPSGPQGVR",0,0,2424.2675178051,1955,1981,1,"Equus","Equus asinus"
"2610","GEPGPVGSVGPVGAVGPRGPSGPQGVR",0,1,2425.25152814388,1955,1981,1,"Equus","Equus asinus"
"2611","GEPGPVGSVGPVGAVGPRGPSGPQGVR",1,0,2440.26242804527,1955,1981,1,"Equus","Equus asinus"
"2612","GEPGPVGSVGPVGAVGPRGPSGPQGVR",1,1,2441.24643838406,1955,1981,1,"Equus","Equus asinus"
"2613","GEPGPVGSVGPVGAVGPRGPSGPQGVR",2,0,2456.25733828545,1955,1981,1,"Equus","Equus asinus"
"2614","GEPGPVGSVGPVGAVGPRGPSGPQGVR",2,1,2457.24134862423,1955,1981,1,"Equus","Equus asinus"
"2615","GEPGPVGSVGPVGAVGPRGPSGPQGVR",3,0,2472.25224852562,1955,1981,1,"Equus","Equus asinus"
"2616","GEPGPVGSVGPVGAVGPRGPSGPQGVR",3,1,2473.2362588644,1955,1981,1,"Equus","Equus asinus"
"2617","GEPGPVGSVGPVGAVGPRGPSGPQGVR",4,0,2488.24715876579,1955,1981,1,"Equus","Equus asinus"
"2618","GEPGPVGSVGPVGAVGPRGPSGPQGVR",4,1,2489.23116910458,1955,1981,1,"Equus","Equus asinus"
"2619","GEPGPVGSVGPVGAVGPRGPSGPQGVR",5,0,2504.24206900597,1955,1981,1,"Equus","Equus asinus"
"2620","GEPGPVGSVGPVGAVGPRGPSGPQGVR",5,1,2505.22607934475,1955,1981,1,"Equus","Equus asinus"
"2621","GEPGPVGSVGPVGAVGPRGPSGPQGVR",6,0,2520.23697924614,1955,1981,1,"Equus","Equus asinus"
"2622","GEPGPVGSVGPVGAVGPRGPSGPQGVR",6,1,2521.22098958492,1955,1981,1,"Equus","Equus asinus"
"2623","GPSGPQGVR",0,0,854.440802693367,1973,1981,0,"Equus","Equus asinus"
"2624","GPSGPQGVR",0,1,855.42481303215,1973,1981,0,"Equus","Equus asinus"
"2625","GPSGPQGVR",1,0,870.43571293354,1973,1981,0,"Equus","Equus asinus"
"2626","GPSGPQGVR",1,1,871.419723272324,1973,1981,0,"Equus","Equus asinus"
"2627","GPSGPQGVR",2,0,886.430623173714,1973,1981,0,"Equus","Equus asinus"
"2628","GPSGPQGVR",2,1,887.414633512497,1973,1981,0,"Equus","Equus asinus"
"2629","GPSGPQGVRGDK",0,0,1154.58423388004,1973,1984,1,"Equus","Equus asinus"
"2630","GPSGPQGVRGDK",0,1,1155.56824421883,1973,1984,1,"Equus","Equus asinus"
"2631","GPSGPQGVRGDK",1,0,1170.57914412022,1973,1984,1,"Equus","Equus asinus"
"2632","GPSGPQGVRGDK",1,1,1171.563154459,1973,1984,1,"Equus","Equus asinus"
"2633","GPSGPQGVRGDK",2,0,1186.57405436039,1973,1984,1,"Equus","Equus asinus"
"2634","GPSGPQGVRGDK",2,1,1187.55806469917,1973,1984,1,"Equus","Equus asinus"
"2635","GPSGPQGVRGDK",3,0,1202.56896460056,1973,1984,1,"Equus","Equus asinus"
"2636","GPSGPQGVRGDK",3,1,1203.55297493935,1973,1984,1,"Equus","Equus asinus"
"2637","GDKGEPGDK",0,0,902.414303898811,1982,1990,1,"Equus","Equus asinus"
"2638","GDKGEPGDK",1,0,918.409214138985,1982,1990,1,"Equus","Equus asinus"
"2639","GDKGEPGDK",2,0,934.404124379158,1982,1990,1,"Equus","Equus asinus"
"2640","GDKGEPGDK",3,0,950.399034619331,1982,1990,1,"Equus","Equus asinus"
"2641","GEPGDKGPR",0,0,912.446283221245,1985,1993,1,"Equus","Equus asinus"
"2642","GEPGDKGPR",1,0,928.441193461418,1985,1993,1,"Equus","Equus asinus"
"2643","GEPGDKGPR",2,0,944.436103701591,1985,1993,1,"Equus","Equus asinus"
"2644","GEPGDKGPR",3,0,960.431013941765,1985,1993,1,"Equus","Equus asinus"
"2645","GPRGLPGIK",0,0,894.544942498207,1991,1999,1,"Equus","Equus asinus"
"2646","GPRGLPGIK",1,0,910.53985273838,1991,1999,1,"Equus","Equus asinus"
"2647","GPRGLPGIK",2,0,926.534762978554,1991,1999,1,"Equus","Equus asinus"
"2648","GPRGLPGIK",3,0,942.529673218727,1991,1999,1,"Equus","Equus asinus"
"2649","GLPGIKGHNGLQGLPGLAGQHGDQGAPGSVGPAGPR",0,0,3324.72431015968,1994,2029,1,"Equus","Equus asinus"
"2650","GLPGIKGHNGLQGLPGLAGQHGDQGAPGSVGPAGPR",0,1,3325.70832049847,1994,2029,1,"Equus","Equus asinus"
"2651","GLPGIKGHNGLQGLPGLAGQHGDQGAPGSVGPAGPR",0,2,3326.69233083725,1994,2029,1,"Equus","Equus asinus"
"2652","GLPGIKGHNGLQGLPGLAGQHGDQGAPGSVGPAGPR",0,3,3327.67634117603,1994,2029,1,"Equus","Equus asinus"
"2653","GLPGIKGHNGLQGLPGLAGQHGDQGAPGSVGPAGPR",0,4,3328.66035151482,1994,2029,1,"Equus","Equus asinus"
"2654","GLPGIKGHNGLQGLPGLAGQHGDQGAPGSVGPAGPR",1,0,3340.71922039986,1994,2029,1,"Equus","Equus asinus"
"2655","GLPGIKGHNGLQGLPGLAGQHGDQGAPGSVGPAGPR",1,1,3341.70323073864,1994,2029,1,"Equus","Equus asinus"
"2656","GLPGIKGHNGLQGLPGLAGQHGDQGAPGSVGPAGPR",1,2,3342.68724107742,1994,2029,1,"Equus","Equus asinus"
"2657","GLPGIKGHNGLQGLPGLAGQHGDQGAPGSVGPAGPR",1,3,3343.67125141621,1994,2029,1,"Equus","Equus asinus"
"2658","GLPGIKGHNGLQGLPGLAGQHGDQGAPGSVGPAGPR",1,4,3344.65526175499,1994,2029,1,"Equus","Equus asinus"
"2659","GLPGIKGHNGLQGLPGLAGQHGDQGAPGSVGPAGPR",2,0,3356.71413064003,1994,2029,1,"Equus","Equus asinus"
"2660","GLPGIKGHNGLQGLPGLAGQHGDQGAPGSVGPAGPR",2,1,3357.69814097881,1994,2029,1,"Equus","Equus asinus"
"2661","GLPGIKGHNGLQGLPGLAGQHGDQGAPGSVGPAGPR",2,2,3358.6821513176,1994,2029,1,"Equus","Equus asinus"
"2662","GLPGIKGHNGLQGLPGLAGQHGDQGAPGSVGPAGPR",2,3,3359.66616165638,1994,2029,1,"Equus","Equus asinus"
"2663","GLPGIKGHNGLQGLPGLAGQHGDQGAPGSVGPAGPR",2,4,3360.65017199516,1994,2029,1,"Equus","Equus asinus"
"2664","GLPGIKGHNGLQGLPGLAGQHGDQGAPGSVGPAGPR",3,0,3372.7090408802,1994,2029,1,"Equus","Equus asinus"
"2665","GLPGIKGHNGLQGLPGLAGQHGDQGAPGSVGPAGPR",3,1,3373.69305121899,1994,2029,1,"Equus","Equus asinus"
"2666","GLPGIKGHNGLQGLPGLAGQHGDQGAPGSVGPAGPR",3,2,3374.67706155777,1994,2029,1,"Equus","Equus asinus"
"2667","GLPGIKGHNGLQGLPGLAGQHGDQGAPGSVGPAGPR",3,3,3375.66107189655,1994,2029,1,"Equus","Equus asinus"
"2668","GLPGIKGHNGLQGLPGLAGQHGDQGAPGSVGPAGPR",3,4,3376.64508223534,1994,2029,1,"Equus","Equus asinus"
"2669","GLPGIKGHNGLQGLPGLAGQHGDQGAPGSVGPAGPR",4,0,3388.70395112038,1994,2029,1,"Equus","Equus asinus"
"2670","GLPGIKGHNGLQGLPGLAGQHGDQGAPGSVGPAGPR",4,1,3389.68796145916,1994,2029,1,"Equus","Equus asinus"
"2671","GLPGIKGHNGLQGLPGLAGQHGDQGAPGSVGPAGPR",4,2,3390.67197179794,1994,2029,1,"Equus","Equus asinus"
"2672","GLPGIKGHNGLQGLPGLAGQHGDQGAPGSVGPAGPR",4,3,3391.65598213673,1994,2029,1,"Equus","Equus asinus"
"2673","GLPGIKGHNGLQGLPGLAGQHGDQGAPGSVGPAGPR",4,4,3392.63999247551,1994,2029,1,"Equus","Equus asinus"
"2674","GLPGIKGHNGLQGLPGLAGQHGDQGAPGSVGPAGPR",5,0,3404.69886136055,1994,2029,1,"Equus","Equus asinus"
"2675","GLPGIKGHNGLQGLPGLAGQHGDQGAPGSVGPAGPR",5,1,3405.68287169933,1994,2029,1,"Equus","Equus asinus"
"2676","GLPGIKGHNGLQGLPGLAGQHGDQGAPGSVGPAGPR",5,2,3406.66688203812,1994,2029,1,"Equus","Equus asinus"
"2677","GLPGIKGHNGLQGLPGLAGQHGDQGAPGSVGPAGPR",5,3,3407.6508923769,1994,2029,1,"Equus","Equus asinus"
"2678","GLPGIKGHNGLQGLPGLAGQHGDQGAPGSVGPAGPR",5,4,3408.63490271568,1994,2029,1,"Equus","Equus asinus"
"2679","GLPGIKGHNGLQGLPGLAGQHGDQGAPGSVGPAGPR",6,0,3420.69377160072,1994,2029,1,"Equus","Equus asinus"
"2680","GLPGIKGHNGLQGLPGLAGQHGDQGAPGSVGPAGPR",6,1,3421.67778193951,1994,2029,1,"Equus","Equus asinus"
"2681","GLPGIKGHNGLQGLPGLAGQHGDQGAPGSVGPAGPR",6,2,3422.66179227829,1994,2029,1,"Equus","Equus asinus"
"2682","GLPGIKGHNGLQGLPGLAGQHGDQGAPGSVGPAGPR",6,3,3423.64580261707,1994,2029,1,"Equus","Equus asinus"
"2683","GLPGIKGHNGLQGLPGLAGQHGDQGAPGSVGPAGPR",6,4,3424.62981295586,1994,2029,1,"Equus","Equus asinus"
"2684","GHNGLQGLPGLAGQHGDQGAPGSVGPAGPR",0,0,2759.36534845829,2000,2029,0,"Equus","Equus asinus"
"2685","GHNGLQGLPGLAGQHGDQGAPGSVGPAGPR",0,1,2760.34935879707,2000,2029,0,"Equus","Equus asinus"
"2686","GHNGLQGLPGLAGQHGDQGAPGSVGPAGPR",0,2,2761.33336913586,2000,2029,0,"Equus","Equus asinus"
"2687","GHNGLQGLPGLAGQHGDQGAPGSVGPAGPR",0,3,2762.31737947464,2000,2029,0,"Equus","Equus asinus"
"2688","GHNGLQGLPGLAGQHGDQGAPGSVGPAGPR",0,4,2763.30138981342,2000,2029,0,"Equus","Equus asinus"
"2689","GHNGLQGLPGLAGQHGDQGAPGSVGPAGPR",1,0,2775.36025869846,2000,2029,0,"Equus","Equus asinus"
"2690","GHNGLQGLPGLAGQHGDQGAPGSVGPAGPR",1,1,2776.34426903725,2000,2029,0,"Equus","Equus asinus"
"2691","GHNGLQGLPGLAGQHGDQGAPGSVGPAGPR",1,2,2777.32827937603,2000,2029,0,"Equus","Equus asinus"
"2692","GHNGLQGLPGLAGQHGDQGAPGSVGPAGPR",1,3,2778.31228971481,2000,2029,0,"Equus","Equus asinus"
"2693","GHNGLQGLPGLAGQHGDQGAPGSVGPAGPR",1,4,2779.2963000536,2000,2029,0,"Equus","Equus asinus"
"2694","GHNGLQGLPGLAGQHGDQGAPGSVGPAGPR",2,0,2791.35516893864,2000,2029,0,"Equus","Equus asinus"
"2695","GHNGLQGLPGLAGQHGDQGAPGSVGPAGPR",2,1,2792.33917927742,2000,2029,0,"Equus","Equus asinus"
"2696","GHNGLQGLPGLAGQHGDQGAPGSVGPAGPR",2,2,2793.3231896162,2000,2029,0,"Equus","Equus asinus"
"2697","GHNGLQGLPGLAGQHGDQGAPGSVGPAGPR",2,3,2794.30719995499,2000,2029,0,"Equus","Equus asinus"
"2698","GHNGLQGLPGLAGQHGDQGAPGSVGPAGPR",2,4,2795.29121029377,2000,2029,0,"Equus","Equus asinus"
"2699","GHNGLQGLPGLAGQHGDQGAPGSVGPAGPR",3,0,2807.35007917881,2000,2029,0,"Equus","Equus asinus"
"2700","GHNGLQGLPGLAGQHGDQGAPGSVGPAGPR",3,1,2808.33408951759,2000,2029,0,"Equus","Equus asinus"
"2701","GHNGLQGLPGLAGQHGDQGAPGSVGPAGPR",3,2,2809.31809985638,2000,2029,0,"Equus","Equus asinus"
"2702","GHNGLQGLPGLAGQHGDQGAPGSVGPAGPR",3,3,2810.30211019516,2000,2029,0,"Equus","Equus asinus"
"2703","GHNGLQGLPGLAGQHGDQGAPGSVGPAGPR",3,4,2811.28612053394,2000,2029,0,"Equus","Equus asinus"
"2704","GHNGLQGLPGLAGQHGDQGAPGSVGPAGPR",4,0,2823.34498941898,2000,2029,0,"Equus","Equus asinus"
"2705","GHNGLQGLPGLAGQHGDQGAPGSVGPAGPR",4,1,2824.32899975777,2000,2029,0,"Equus","Equus asinus"
"2706","GHNGLQGLPGLAGQHGDQGAPGSVGPAGPR",4,2,2825.31301009655,2000,2029,0,"Equus","Equus asinus"
"2707","GHNGLQGLPGLAGQHGDQGAPGSVGPAGPR",4,3,2826.29702043533,2000,2029,0,"Equus","Equus asinus"
"2708","GHNGLQGLPGLAGQHGDQGAPGSVGPAGPR",4,4,2827.28103077412,2000,2029,0,"Equus","Equus asinus"
"2709","GPAGPTGPVGK",0,0,937.503113269806,2030,2040,0,"Equus","Equus asinus"
"2710","GPAGPTGPVGK",1,0,953.498023509979,2030,2040,0,"Equus","Equus asinus"
"2711","GPAGPTGPVGK",2,0,969.492933750153,2030,2040,0,"Equus","Equus asinus"
"2712","GPAGPTGPVGK",3,0,985.487843990326,2030,2040,0,"Equus","Equus asinus"
"2713","GPAGPTGPVGK",4,0,1001.4827542305,2030,2040,0,"Equus","Equus asinus"
"2714","GPAGPTGPVGKDGR",0,0,1265.65268421173,2030,2043,1,"Equus","Equus asinus"
"2715","GPAGPTGPVGKDGR",1,0,1281.6475944519,2030,2043,1,"Equus","Equus asinus"
"2716","GPAGPTGPVGKDGR",2,0,1297.64250469208,2030,2043,1,"Equus","Equus asinus"
"2717","GPAGPTGPVGKDGR",3,0,1313.63741493225,2030,2043,1,"Equus","Equus asinus"
"2718","GPAGPTGPVGKDGR",4,0,1329.63232517242,2030,2043,1,"Equus","Equus asinus"
"2719","DGRSGQPGTVGPAGVR",0,0,1510.76512491703,2041,2056,1,"Equus","Equus asinus"
"2720","DGRSGQPGTVGPAGVR",0,1,1511.74913525581,2041,2056,1,"Equus","Equus asinus"
"2721","DGRSGQPGTVGPAGVR",1,0,1526.7600351572,2041,2056,1,"Equus","Equus asinus"
"2722","DGRSGQPGTVGPAGVR",1,1,1527.74404549599,2041,2056,1,"Equus","Equus asinus"
"2723","DGRSGQPGTVGPAGVR",2,0,1542.75494539738,2041,2056,1,"Equus","Equus asinus"
"2724","DGRSGQPGTVGPAGVR",2,1,1543.73895573616,2041,2056,1,"Equus","Equus asinus"
"2725","SGQPGTVGPAGVR",0,0,1182.61555397511,2044,2056,0,"Equus","Equus asinus"
"2726","SGQPGTVGPAGVR",0,1,1183.59956431389,2044,2056,0,"Equus","Equus asinus"
"2727","SGQPGTVGPAGVR",1,0,1198.61046421528,2044,2056,0,"Equus","Equus asinus"
"2728","SGQPGTVGPAGVR",1,1,1199.59447455406,2044,2056,0,"Equus","Equus asinus"
"2729","SGQPGTVGPAGVR",2,0,1214.60537445545,2044,2056,0,"Equus","Equus asinus"
"2730","SGQPGTVGPAGVR",2,1,1215.58938479424,2044,2056,0,"Equus","Equus asinus"
