,pep_seq,pep_start,pep_end,missed_cleaves,mass1,hyd_count,deam_count,species,genus,subfamily,family,order,pep_diff,pep_id,pep_score
0,GSQGSQGPAGPPGPAGPPGPPGVSGGGYDFGFEGDFYRA,2059,2097,1,3712.6180647624697,4,0,Grammomys surdaster,Grammomys,Murinae,Muridae,Rodentia,38,345,47.93
1,GSQGSQGPAGPPGPAGPPGPPGVSGGGYDFGFEGDFYRA,2059,2097,1,3696.6239147624697,3,0,Grammomys surdaster,Grammomys,Murinae,Muridae,Rodentia,38,345,40.93
2,GSQGSQGPAGPPGPAGPPGPPGVSGGGYDFGFEGDFYRA,2059,2097,1,3681.6137807624696,2,1,Grammomys surdaster,Grammomys,Murinae,Muridae,Rodentia,38,345,23.01
3,GSQGSQGPAGPPGPAGPPGPPGVSGGGYDFGFEGDFYRA,2059,2097,1,3729.5962307624695,5,1,Grammomys surdaster,Grammomys,Murinae,Muridae,Rodentia,38,345,17.15
4,GSQGSQGPAGPPGPAGPPGPPGVSGGGYDFGFEGDFYRA,2059,2097,1,3713.6020807624695,4,1,Grammomys surdaster,Grammomys,Murinae,Muridae,Rodentia,38,345,1.09
5,GSQGSQGPAGPPGPAGPPGPPGVSGGGYDFGFEGDFYR,2059,2096,0,3641.58095097776,4,0,Grammomys surdaster,Grammomys,Murinae,Muridae,Rodentia,37,344,52.38
6,GSQGSQGPAGPPGPAGPPGPPGVSGGGYDFGFEGDFYR,2059,2096,0,3625.58680097776,3,0,Grammomys surdaster,Grammomys,Murinae,Muridae,Rodentia,37,344,50.32
7,GSQGSQGPAGPPGPAGPPGPPGVSGGGYDFGFEGDFYR,2059,2096,0,3642.564966977759,4,1,Grammomys surdaster,Grammomys,Murinae,Muridae,Rodentia,37,344,15.11
8,GSQGSQGPAGPPGPAGPPGPPGVSGGGYDFGFEGDFYR,2059,2096,0,3609.59265097776,2,0,Grammomys surdaster,Grammomys,Murinae,Muridae,Rodentia,37,344,14.55
9,SGHPGPVGPAGVR,2046,2058,0,1187.62798047631,0,0,Grammomys surdaster,Grammomys,Murinae,Muridae,Rodentia,12,343,69.73
10,SGHPGPVGPAGVR,2046,2058,0,1203.62213047631,1,0,Grammomys surdaster,Grammomys,Murinae,Muridae,Rodentia,12,343,60.07
11,DGRSGHPGPVGPAGVR,2043,2058,1,1531.77164824431,1,0,Grammomys surdaster,Grammomys,Murinae,Muridae,Rodentia,15,342,51.0
12,DGRSGHPGPVGPAGVR,2043,2058,1,1515.77749824431,0,0,Grammomys surdaster,Grammomys,Murinae,Muridae,Rodentia,15,342,49.78
13,GPAGPSGPVGKDGR,2032,2045,1,1251.64402446327,0,0,Grammomys surdaster,Grammomys,Murinae,Muridae,Rodentia,13,340,68.44
14,GPAGPSGPVGKDGR,2032,2045,1,1267.63817446327,1,0,Grammomys surdaster,Grammomys,Murinae,Muridae,Rodentia,13,340,60.82
15,GPAGPSGPVGKDGR,2032,2045,1,1283.63232446327,2,0,Grammomys surdaster,Grammomys,Murinae,Muridae,Rodentia,13,340,4.97
16,GPAGPSGPVGK,2032,2042,0,923.49450669527,0,0,Grammomys surdaster,Grammomys,Murinae,Muridae,Rodentia,10,339,63.59
17,GPAGPSGPVGK,2032,2042,0,939.48865669527,1,0,Grammomys surdaster,Grammomys,Murinae,Muridae,Rodentia,10,339,43.69
18,GPAGPSGPVGK,2032,2042,0,955.48280669527,2,0,Grammomys surdaster,Grammomys,Murinae,Muridae,Rodentia,10,339,40.53
19,GPAGPSGPVGK,2032,2042,0,971.47695669527,3,0,Grammomys surdaster,Grammomys,Murinae,Muridae,Rodentia,10,339,12.98
20,GHNGLQGLPGLAGLHGDQGAPGPVGPAGPR,2002,2031,0,2787.3905849920898,2,1,Grammomys surdaster,Grammomys,Murinae,Muridae,Rodentia,29,338,42.26
21,GHNGLQGLPGLAGLHGDQGAPGPVGPAGPR,2002,2031,0,2786.40656899209,2,0,Grammomys surdaster,Grammomys,Murinae,Muridae,Rodentia,29,338,41.05
22,GHNGLQGLPGLAGLHGDQGAPGPVGPAGPR,2002,2031,0,2789.35861699209,2,3,Grammomys surdaster,Grammomys,Murinae,Muridae,Rodentia,29,338,37.44
23,GHNGLQGLPGLAGLHGDQGAPGPVGPAGPR,2002,2031,0,2771.39643499209,1,1,Grammomys surdaster,Grammomys,Murinae,Muridae,Rodentia,29,338,32.86
24,GHNGLQGLPGLAGLHGDQGAPGPVGPAGPR,2002,2031,0,2755.40228499209,0,1,Grammomys surdaster,Grammomys,Murinae,Muridae,Rodentia,29,338,28.05
25,GHNGLQGLPGLAGLHGDQGAPGPVGPAGPR,2002,2031,0,2770.41241899209,1,0,Grammomys surdaster,Grammomys,Murinae,Muridae,Rodentia,29,338,27.32
26,GHNGLQGLPGLAGLHGDQGAPGPVGPAGPR,2002,2031,0,2802.40071899209,3,0,Grammomys surdaster,Grammomys,Murinae,Muridae,Rodentia,29,338,12.95
27,GHNGLQGLPGLAGLHGDQGAPGPVGPAGPR,2002,2031,0,2788.37460099209,2,2,Grammomys surdaster,Grammomys,Murinae,Muridae,Rodentia,29,338,6.95
28,GHNGLQGLPGLAGLHGDQGAPGPVGPAGPR,2002,2031,0,2756.38630099209,0,2,Grammomys surdaster,Grammomys,Murinae,Muridae,Rodentia,29,338,0.9
29,GLPGLKGHNGLQGLPGLAGLHGDQGAPGPVGPAGPR,1996,2031,1,3368.7435172503397,3,1,Grammomys surdaster,Grammomys,Murinae,Muridae,Rodentia,35,337,20.16
30,GLPGLKGHNGLQGLPGLAGLHGDQGAPGPVGPAGPR,1996,2031,1,3321.74508325034,0,2,Grammomys surdaster,Grammomys,Murinae,Muridae,Rodentia,35,337,7.85
31,GLPGLKGHNGLQGLPGLAGLHGDQGAPGPVGPAGPR,1996,2031,1,3338.72324925034,1,3,Grammomys surdaster,Grammomys,Murinae,Muridae,Rodentia,35,337,5.16
32,GLPGLKGHNGLQGLPGLAGLHGDQGAPGPVGPAGPR,1996,2031,1,3402.69984925034,5,3,Grammomys surdaster,Grammomys,Murinae,Muridae,Rodentia,35,337,3.38
33,GLPGLKGHNGLQGLPGLAGLHGDQGAPGPVGPAGPR,1996,2031,1,3369.72753325034,3,2,Grammomys surdaster,Grammomys,Murinae,Muridae,Rodentia,35,337,3.1
34,GDKGEPGDK,1984,1992,1,918.41555132466,1,0,Grammomys surdaster,Grammomys,Murinae,Muridae,Rodentia,8,335,33.8
35,GEPGDKGPR,1987,1995,1,928.44752015928,1,0,Grammomys surdaster,Grammomys,Murinae,Muridae,Rodentia,8,335,33.8
36,GEPGDKGPR,1987,1995,1,944.44167015928,2,0,Grammomys surdaster,Grammomys,Murinae,Muridae,Rodentia,8,335,7.67
37,GPRGLPGLK,1993,2001,1,926.54026200174,2,0,Grammomys surdaster,Grammomys,Murinae,Muridae,Rodentia,8,335,7.67
38,GDKGEPGDK,1984,1992,1,902.42140132466,0,0,Grammomys surdaster,Grammomys,Murinae,Muridae,Rodentia,8,333,16.48
39,GEPGDKGPR,1987,1995,1,912.45337015928,0,0,Grammomys surdaster,Grammomys,Murinae,Muridae,Rodentia,8,333,16.48
40,GPSGPQGIRGDK,1975,1986,1,1168.60691067856,0,0,Grammomys surdaster,Grammomys,Murinae,Muridae,Rodentia,11,330,29.7
41,GPSGPQGIRGDK,1975,1986,1,1184.60106067856,1,0,Grammomys surdaster,Grammomys,Murinae,Muridae,Rodentia,11,330,9.06
42,GPSGPQGIRGDK,1975,1986,1,1185.5850766785602,1,1,Grammomys surdaster,Grammomys,Murinae,Muridae,Rodentia,11,330,5.51
43,GPSGPQGIRGDK,1975,1986,1,1169.5909266785602,0,1,Grammomys surdaster,Grammomys,Murinae,Muridae,Rodentia,11,330,2.46
44,GPSGPQGIR,1975,1983,0,868.46354092016,0,0,Grammomys surdaster,Grammomys,Murinae,Muridae,Rodentia,8,329,68.2
45,GPSGPQGIR,1975,1983,0,869.44755692016,0,1,Grammomys surdaster,Grammomys,Murinae,Muridae,Rodentia,8,329,49.99
46,GPSGPQGIR,1975,1983,0,885.44170692016,1,1,Grammomys surdaster,Grammomys,Murinae,Muridae,Rodentia,8,329,32.02
47,GPSGPQGIR,1975,1983,0,884.45769092016,1,0,Grammomys surdaster,Grammomys,Murinae,Muridae,Rodentia,8,329,13.94
48,GEPGPAGSVGPVGAVGPRGPSGPQGIR,1957,1983,1,2427.23674646321,1,1,Grammomys surdaster,Grammomys,Murinae,Muridae,Rodentia,26,328,34.6
49,GEPGPAGSVGPVGAVGPRGPSGPQGIR,1957,1983,1,2426.25273046321,1,0,Grammomys surdaster,Grammomys,Murinae,Muridae,Rodentia,26,328,10.77
50,GEPGPAGSVGPVGAVGPR,1957,1974,0,1576.80703069352,1,0,Grammomys surdaster,Grammomys,Murinae,Muridae,Rodentia,17,327,92.01
51,GEPGPAGSVGPVGAVGPR,1957,1974,0,1560.81288069352,0,0,Grammomys surdaster,Grammomys,Murinae,Muridae,Rodentia,17,327,82.79
52,GEPGPAGSVGPVGAVGPR,1957,1974,0,1592.80118069352,2,0,Grammomys surdaster,Grammomys,Murinae,Muridae,Rodentia,17,327,37.5
53,HGNRGEPGPAGSVGPVGAVGPR,1953,1974,1,2041.03144473728,1,0,Grammomys surdaster,Grammomys,Murinae,Muridae,Rodentia,21,326,69.87
54,HGNRGEPGPAGSVGPVGAVGPR,1953,1974,1,2042.01546073728,1,1,Grammomys surdaster,Grammomys,Murinae,Muridae,Rodentia,21,326,59.99
55,HGNRGEPGPAGSVGPVGAVGPR,1953,1974,1,2073.01974473728,3,0,Grammomys surdaster,Grammomys,Murinae,Muridae,Rodentia,21,326,6.93
56,HGNRGEPGPAGSVGPVGAVGPR,1953,1974,1,2074.00376073728,3,1,Grammomys surdaster,Grammomys,Murinae,Muridae,Rodentia,21,326,5.97
57,HGNRGEPGPAGSVGPVGAVGPR,1953,1974,1,2058.00961073728,2,1,Grammomys surdaster,Grammomys,Murinae,Muridae,Rodentia,21,326,2.52
58,GYPGSIGPTGAAGAPGPHGSVGPAGK,1927,1952,0,2249.0930055907597,2,0,Grammomys surdaster,Grammomys,Murinae,Muridae,Rodentia,25,325,87.12
59,GYPGSIGPTGAAGAPGPHGSVGPAGK,1927,1952,0,2281.0813055907597,4,0,Grammomys surdaster,Grammomys,Murinae,Muridae,Rodentia,25,325,50.98
60,GYPGSIGPTGAAGAPGPHGSVGPAGK,1927,1952,0,2233.0988555907597,1,0,Grammomys surdaster,Grammomys,Murinae,Muridae,Rodentia,25,325,22.21
61,GYPGSIGPTGAAGAPGPHGSVGPAGK,1927,1952,0,2297.0754555907597,5,0,Grammomys surdaster,Grammomys,Murinae,Muridae,Rodentia,25,325,21.05
62,GYPGSIGPTGAAGAPGPHGSVGPAGK,1927,1952,0,2265.0871555907597,3,0,Grammomys surdaster,Grammomys,Murinae,Muridae,Rodentia,25,325,5.73
63,DGQPGPKGER,1917,1926,1,1057.49011366456,1,1,Grammomys surdaster,Grammomys,Murinae,Muridae,Rodentia,9,323,57.41
64,DGQPGPKGER,1917,1926,1,1072.50024766456,2,0,Grammomys surdaster,Grammomys,Murinae,Muridae,Rodentia,9,323,34.64
65,DGQPGPKGER,1917,1926,1,1056.50609766456,1,0,Grammomys surdaster,Grammomys,Murinae,Muridae,Rodentia,9,323,28.77
66,DGQPGPKGER,1917,1926,1,1040.51194766456,0,0,Grammomys surdaster,Grammomys,Murinae,Muridae,Rodentia,9,323,18.14
67,DGQPGPK,1917,1923,0,714.3409298324199,1,0,Grammomys surdaster,Grammomys,Murinae,Muridae,Rodentia,6,322,37.57
68,DGQPGPK,1917,1923,0,730.3350798324199,2,0,Grammomys surdaster,Grammomys,Murinae,Muridae,Rodentia,6,322,17.49
69,DGNPGSDGPPGRDGQPGPK,1905,1923,1,1852.80332917792,3,0,Grammomys surdaster,Grammomys,Murinae,Muridae,Rodentia,18,320,15.43
70,DGNPGSDGPPGRDGQPGPK,1905,1923,1,1836.80917917792,2,0,Grammomys surdaster,Grammomys,Murinae,Muridae,Rodentia,18,320,8.78
71,DGNPGSDGPPGRDGQPGPK,1905,1923,1,1806.78891117792,0,2,Grammomys surdaster,Grammomys,Murinae,Muridae,Rodentia,18,320,2.57
72,DGNPGSDGPPGR,1905,1916,0,1141.48609049597,1,0,Grammomys surdaster,Grammomys,Murinae,Muridae,Rodentia,11,319,62.97
73,DGNPGSDGPPGR,1905,1916,0,1157.48024049597,2,0,Grammomys surdaster,Grammomys,Murinae,Muridae,Rodentia,11,319,57.44
74,DGNPGSDGPPGR,1905,1916,0,1142.4701064959702,1,1,Grammomys surdaster,Grammomys,Murinae,Muridae,Rodentia,11,319,43.68
75,DGNPGSDGPPGR,1905,1916,0,1125.49194049597,0,0,Grammomys surdaster,Grammomys,Murinae,Muridae,Rodentia,11,319,40.64
76,DGNPGSDGPPGR,1905,1916,0,1158.4642564959702,2,1,Grammomys surdaster,Grammomys,Murinae,Muridae,Rodentia,11,319,33.61
77,DGNPGSDGPPGR,1905,1916,0,1173.47439049597,3,0,Grammomys surdaster,Grammomys,Murinae,Muridae,Rodentia,11,319,12.65
78,DGNPGSDGPPGR,1905,1916,0,1126.4759564959702,0,1,Grammomys surdaster,Grammomys,Murinae,Muridae,Rodentia,11,319,7.48
79,DGNPGSDGPPGR,1905,1916,0,1174.4584064959702,3,1,Grammomys surdaster,Grammomys,Murinae,Muridae,Rodentia,11,319,6.44
80,GPPGAVGSPGVNGAPGEAGRDGNPGSDGPPGR,1885,1916,1,2842.30837107245,2,0,Grammomys surdaster,Grammomys,Murinae,Muridae,Rodentia,31,317,42.56
81,GPPGAVGSPGVNGAPGEAGRDGNPGSDGPPGR,1885,1916,1,2891.27483707245,5,1,Grammomys surdaster,Grammomys,Murinae,Muridae,Rodentia,31,317,35.2
82,GPPGAVGSPGVNGAPGEAGRDGNPGSDGPPGR,1885,1916,1,2859.28653707245,3,1,Grammomys surdaster,Grammomys,Murinae,Muridae,Rodentia,31,317,34.81
83,GPPGAVGSPGVNGAPGEAGRDGNPGSDGPPGR,1885,1916,1,2875.28068707245,4,1,Grammomys surdaster,Grammomys,Murinae,Muridae,Rodentia,31,317,25.25
84,GPPGAVGSPGVNGAPGEAGRDGNPGSDGPPGR,1885,1916,1,2876.26470307245,4,2,Grammomys surdaster,Grammomys,Murinae,Muridae,Rodentia,31,317,23.49
85,GPPGAVGSPGVNGAPGEAGRDGNPGSDGPPGR,1885,1916,1,2874.29667107245,4,0,Grammomys surdaster,Grammomys,Murinae,Muridae,Rodentia,31,317,23.32
86,GPPGAVGSPGVNGAPGEAGRDGNPGSDGPPGR,1885,1916,1,2890.29082107245,5,0,Grammomys surdaster,Grammomys,Murinae,Muridae,Rodentia,31,317,21.11
87,GPPGAVGSPGVNGAPGEAGRDGNPGSDGPPGR,1885,1916,1,2892.25885307245,5,2,Grammomys surdaster,Grammomys,Murinae,Muridae,Rodentia,31,317,14.48
88,GPPGAVGSPGVNGAPGEAGRDGNPGSDGPPGR,1885,1916,1,2858.30252107245,3,0,Grammomys surdaster,Grammomys,Murinae,Muridae,Rodentia,31,317,13.86
89,GPPGAVGSPGVNGAPGEAGRDGNPGSDGPPGR,1885,1916,1,2908.25300307245,6,2,Grammomys surdaster,Grammomys,Murinae,Muridae,Rodentia,31,317,3.33
90,GPPGAVGSPGVNGAPGEAGRDGNPGSDGPPGR,1885,1916,1,2843.29238707245,2,1,Grammomys surdaster,Grammomys,Murinae,Muridae,Rodentia,31,317,1.36
91,GPPGAVGSPGVNGAPGEAGR,1885,1904,0,1752.81243772695,3,1,Grammomys surdaster,Grammomys,Murinae,Muridae,Rodentia,19,316,93.42
92,GPPGAVGSPGVNGAPGEAGR,1885,1904,0,1751.82842172695,3,0,Grammomys surdaster,Grammomys,Murinae,Muridae,Rodentia,19,316,91.49
93,GPPGAVGSPGVNGAPGEAGR,1885,1904,0,1736.81828772695,2,1,Grammomys surdaster,Grammomys,Murinae,Muridae,Rodentia,19,316,83.24
94,GPPGAVGSPGVNGAPGEAGR,1885,1904,0,1735.83427172695,2,0,Grammomys surdaster,Grammomys,Murinae,Muridae,Rodentia,19,316,78.69
95,GPPGAVGSPGVNGAPGEAGR,1885,1904,0,1767.82257172695,4,0,Grammomys surdaster,Grammomys,Murinae,Muridae,Rodentia,19,316,2.7
96,GLPGIAGALGEPGPLGIAGPPGARGPPGAVGSPGVNGAPGEAGR,1861,1904,1,3860.948745871819,5,1,Grammomys surdaster,Grammomys,Murinae,Muridae,Rodentia,43,315,34.8
97,GLPGIAGALGEPGPLGIAGPPGARGPPGAVGSPGVNGAPGEAGR,1861,1904,1,3875.958879871819,6,0,Grammomys surdaster,Grammomys,Murinae,Muridae,Rodentia,43,315,31.54
98,GLPGIAGALGEPGPLGIAGPPGAR,1861,1884,0,2143.1482992953397,3,0,Grammomys surdaster,Grammomys,Murinae,Muridae,Rodentia,23,314,136.03
99,GLPGIAGALGEPGPLGIAGPPGAR,1861,1884,0,2127.1541492953397,2,0,Grammomys surdaster,Grammomys,Murinae,Muridae,Rodentia,23,314,121.37
100,GLPGIAGALGEPGPLGIAGPPGAR,1861,1884,0,2159.1424492953397,4,0,Grammomys surdaster,Grammomys,Murinae,Muridae,Rodentia,23,314,67.52
101,GLPGIAGALGEPGPLGIAGPPGAR,1861,1884,0,2111.1599992953397,1,0,Grammomys surdaster,Grammomys,Murinae,Muridae,Rodentia,23,314,64.94
102,GLPGIAGALGEPGPLGIAGPPGAR,1861,1884,0,2175.1365992953397,5,0,Grammomys surdaster,Grammomys,Murinae,Muridae,Rodentia,23,314,0.33
103,GERGLPGIAGALGEPGPLGIAGPPGAR,1858,1884,1,2485.3134671274797,3,0,Grammomys surdaster,Grammomys,Murinae,Muridae,Rodentia,26,313,80.92
104,GERGLPGIAGALGEPGPLGIAGPPGAR,1858,1884,1,2501.3076171274797,4,0,Grammomys surdaster,Grammomys,Murinae,Muridae,Rodentia,26,313,0.23
105,GPSGEPGTAGPPGTAGPQGLLGAPGILGLPGSRGER,1825,1860,1,3315.65256345282,5,0,Grammomys surdaster,Grammomys,Murinae,Muridae,Rodentia,35,312,52.14
106,GPSGEPGTAGPPGTAGPQGLLGAPGILGLPGSR,1825,1857,0,2957.49324562068,4,0,Grammomys surdaster,Grammomys,Murinae,Muridae,Rodentia,32,311,46.09
107,GPSGEPGTAGPPGTAGPQGLLGAPGILGLPGSR,1825,1857,0,2973.48739562068,5,0,Grammomys surdaster,Grammomys,Murinae,Muridae,Rodentia,32,311,36.36
108,GPSGEPGTAGPPGTAGPQGLLGAPGILGLPGSR,1825,1857,0,2974.4714116206796,5,1,Grammomys surdaster,Grammomys,Murinae,Muridae,Rodentia,32,311,31.67
109,GPSGEPGTAGPPGTAGPQGLLGAPGILGLPGSR,1825,1857,0,2958.4772616206797,4,1,Grammomys surdaster,Grammomys,Murinae,Muridae,Rodentia,32,311,27.82
110,GPSGEPGTAGPPGTAGPQGLLGAPGILGLPGSR,1825,1857,0,2925.50494562068,2,0,Grammomys surdaster,Grammomys,Murinae,Muridae,Rodentia,32,311,19.53
111,GPSGEPGTAGPPGTAGPQGLLGAPGILGLPGSR,1825,1857,0,2941.49909562068,3,0,Grammomys surdaster,Grammomys,Murinae,Muridae,Rodentia,32,311,11.36
112,GPSGEPGTAGPPGTAGPQGLLGAPGILGLPGSR,1825,1857,0,2942.4831116206797,3,1,Grammomys surdaster,Grammomys,Murinae,Muridae,Rodentia,32,311,5.14
113,TGETGASGPPGFAGEK,1809,1824,0,1478.67501346446,1,0,Grammomys surdaster,Grammomys,Murinae,Muridae,Rodentia,15,310,80.82
114,TGETGASGPPGFAGEK,1809,1824,0,1494.66916346446,2,0,Grammomys surdaster,Grammomys,Murinae,Muridae,Rodentia,15,310,56.65
115,TGETGASGPPGFAGEK,1809,1824,0,1462.68086346446,0,0,Grammomys surdaster,Grammomys,Murinae,Muridae,Rodentia,15,310,47.36
116,GDQGPVGR,1801,1808,0,785.39004162673,0,0,Grammomys surdaster,Grammomys,Murinae,Muridae,Rodentia,7,308,45.93
117,GDQGPVGR,1801,1808,0,786.37405762673,0,1,Grammomys surdaster,Grammomys,Murinae,Muridae,Rodentia,7,308,36.31
118,GDQGPVGR,1801,1808,0,801.38419162673,1,0,Grammomys surdaster,Grammomys,Murinae,Muridae,Rodentia,7,308,5.99
119,GPRGDQGPVGR,1798,1808,1,1095.56538021975,0,0,Grammomys surdaster,Grammomys,Murinae,Muridae,Rodentia,10,307,50.53
120,GPRGDQGPVGR,1798,1808,1,1127.55368021975,2,0,Grammomys surdaster,Grammomys,Murinae,Muridae,Rodentia,10,307,10.64
121,GPRGDQGPVGR,1798,1808,1,1112.5435462197502,1,1,Grammomys surdaster,Grammomys,Murinae,Muridae,Rodentia,10,307,1.57
122,GPRGDQGPVGR,1798,1808,1,1128.5376962197502,2,1,Grammomys surdaster,Grammomys,Murinae,Muridae,Rodentia,10,307,0.25
123,EGIRGPR,1794,1800,1,784.4424115527598,0,0,Grammomys surdaster,Grammomys,Murinae,Muridae,Rodentia,6,305,26.98
124,EGIRGPR,1794,1800,1,800.4365615527598,1,0,Grammomys surdaster,Grammomys,Murinae,Muridae,Rodentia,6,305,6.63
125,TGPPGPSGITGPPGPPGAAGKEGIR,1773,1797,1,2305.1380558473197,5,0,Grammomys surdaster,Grammomys,Murinae,Muridae,Rodentia,24,304,12.56
126,TGPPGPSGITGPPGPPGAAGKEGIR,1773,1797,1,2273.1497558473197,3,0,Grammomys surdaster,Grammomys,Murinae,Muridae,Rodentia,24,304,6.52
127,TGPPGPSGITGPPGPPGAAGK,1773,1793,0,1833.89467403805,4,0,Grammomys surdaster,Grammomys,Murinae,Muridae,Rodentia,20,303,76.72
128,TGPPGPSGITGPPGPPGAAGK,1773,1793,0,1817.90052403805,3,0,Grammomys surdaster,Grammomys,Murinae,Muridae,Rodentia,20,303,69.82
129,TGPPGPSGITGPPGPPGAAGK,1773,1793,0,1801.90637403805,2,0,Grammomys surdaster,Grammomys,Murinae,Muridae,Rodentia,20,303,17.5
130,TGPPGPSGITGPPGPPGAAGK,1773,1793,0,1849.88882403805,5,0,Grammomys surdaster,Grammomys,Murinae,Muridae,Rodentia,20,303,9.89
131,TGPPGPSGITGPPGPPGAAGK,1773,1793,0,1897.87127403805,8,0,Grammomys surdaster,Grammomys,Murinae,Muridae,Rodentia,20,303,1.8
132,GDGGPPGMTGFPGAAGR,1756,1772,0,1533.67353765225,2,0,Grammomys surdaster,Grammomys,Murinae,Muridae,Rodentia,16,302,90.0
133,GDGGPPGMTGFPGAAGR,1756,1772,0,1517.67938765225,1,0,Grammomys surdaster,Grammomys,Murinae,Muridae,Rodentia,16,302,86.43
134,GDGGPPGMTGFPGAAGR,1756,1772,0,1549.66768765225,3,0,Grammomys surdaster,Grammomys,Murinae,Muridae,Rodentia,16,302,75.95
135,GDGGPPGMTGFPGAAGR,1756,1772,0,1565.66183765225,4,0,Grammomys surdaster,Grammomys,Murinae,Muridae,Rodentia,16,302,51.6
136,GENGIVGPTGPVGAAGPSGPNGPPGPAGSR,1726,1755,0,2599.23753472616,1,2,Grammomys surdaster,Grammomys,Murinae,Muridae,Rodentia,29,301,105.58
137,GENGIVGPTGPVGAAGPSGPNGPPGPAGSR,1726,1755,0,2598.2535187261597,1,1,Grammomys surdaster,Grammomys,Murinae,Muridae,Rodentia,29,301,82.17
138,GENGIVGPTGPVGAAGPSGPNGPPGPAGSR,1726,1755,0,2597.26950272616,1,0,Grammomys surdaster,Grammomys,Murinae,Muridae,Rodentia,29,301,73.53
139,GENGIVGPTGPVGAAGPSGPNGPPGPAGSR,1726,1755,0,2629.25780272616,3,0,Grammomys surdaster,Grammomys,Murinae,Muridae,Rodentia,29,301,2.47
140,GPKGENGIVGPTGPVGAAGPSGPNGPPGPAGSR,1723,1755,1,2895.43284330958,2,0,Grammomys surdaster,Grammomys,Murinae,Muridae,Rodentia,32,300,81.31
141,GPKGENGIVGPTGPVGAAGPSGPNGPPGPAGSR,1723,1755,1,2897.40087530958,2,2,Grammomys surdaster,Grammomys,Murinae,Muridae,Rodentia,32,300,79.77
142,GPKGENGIVGPTGPVGAAGPSGPNGPPGPAGSR,1723,1755,1,2896.4168593095796,2,1,Grammomys surdaster,Grammomys,Murinae,Muridae,Rodentia,32,300,77.11
143,GPKGENGIVGPTGPVGAAGPSGPNGPPGPAGSR,1723,1755,1,2880.4227093095797,1,1,Grammomys surdaster,Grammomys,Murinae,Muridae,Rodentia,32,300,76.0
144,GPKGENGIVGPTGPVGAAGPSGPNGPPGPAGSR,1723,1755,1,2881.40672530958,1,2,Grammomys surdaster,Grammomys,Murinae,Muridae,Rodentia,32,300,71.46
145,GPKGENGIVGPTGPVGAAGPSGPNGPPGPAGSR,1723,1755,1,2913.39502530958,3,2,Grammomys surdaster,Grammomys,Murinae,Muridae,Rodentia,32,300,43.95
146,GPKGENGIVGPTGPVGAAGPSGPNGPPGPAGSR,1723,1755,1,2879.43869330958,1,0,Grammomys surdaster,Grammomys,Murinae,Muridae,Rodentia,32,300,14.13
147,GPKGENGIVGPTGPVGAAGPSGPNGPPGPAGSR,1723,1755,1,2864.4285593095797,0,1,Grammomys surdaster,Grammomys,Murinae,Muridae,Rodentia,32,300,8.46
148,GEVGPAGPNGFAGPAGAAGQPGAKGEK,1693,1719,1,2382.1305137155996,2,1,Grammomys surdaster,Grammomys,Murinae,Muridae,Rodentia,26,296,91.46
149,GEVGPAGPNGFAGPAGAAGQPGAKGEK,1693,1719,1,2399.1086797156,3,2,Grammomys surdaster,Grammomys,Murinae,Muridae,Rodentia,26,296,60.6
150,GEVGPAGPNGFAGPAGAAGQPGAKGEK,1693,1719,1,2383.1145297156,2,2,Grammomys surdaster,Grammomys,Murinae,Muridae,Rodentia,26,296,54.36
151,GEVGPAGPNGFAGPAGAAGQPGAKGEK,1693,1719,1,2366.1363637155996,1,1,Grammomys surdaster,Grammomys,Murinae,Muridae,Rodentia,26,296,46.37
152,GEVGPAGPNGFAGPAGAAGQPGAKGEK,1693,1719,1,2381.1464977155997,2,0,Grammomys surdaster,Grammomys,Murinae,Muridae,Rodentia,26,296,43.92
153,GEVGPAGPNGFAGPAGAAGQPGAKGEK,1693,1719,1,2398.1246637155996,3,1,Grammomys surdaster,Grammomys,Murinae,Muridae,Rodentia,26,296,39.08
154,GEVGPAGPNGFAGPAGAAGQPGAKGEK,1693,1719,1,2365.1523477155997,1,0,Grammomys surdaster,Grammomys,Murinae,Muridae,Rodentia,26,296,32.4
155,GEVGPAGPNGFAGPAGAAGQPGAKGEK,1693,1719,1,2367.1203797156,1,2,Grammomys surdaster,Grammomys,Murinae,Muridae,Rodentia,26,296,21.73
156,GEVGPAGPNGFAGPAGAAGQPGAKGEK,1693,1719,1,2350.1422137155996,0,1,Grammomys surdaster,Grammomys,Murinae,Muridae,Rodentia,26,296,4.57
157,GEVGPAGPNGFAGPAGAAGQPGAK,1693,1716,0,2051.97734389306,1,1,Grammomys surdaster,Grammomys,Murinae,Muridae,Rodentia,23,295,88.39
158,GEVGPAGPNGFAGPAGAAGQPGAK,1693,1716,0,2035.98319389306,0,1,Grammomys surdaster,Grammomys,Murinae,Muridae,Rodentia,23,295,87.76
159,GEVGPAGPNGFAGPAGAAGQPGAK,1693,1716,0,2036.96720989306,0,2,Grammomys surdaster,Grammomys,Murinae,Muridae,Rodentia,23,295,83.1
160,GEVGPAGPNGFAGPAGAAGQPGAK,1693,1716,0,2066.9874778930603,2,0,Grammomys surdaster,Grammomys,Murinae,Muridae,Rodentia,23,295,82.34
161,GEVGPAGPNGFAGPAGAAGQPGAK,1693,1716,0,2052.9613598930605,1,2,Grammomys surdaster,Grammomys,Murinae,Muridae,Rodentia,23,295,80.91
162,GEVGPAGPNGFAGPAGAAGQPGAK,1693,1716,0,2034.99917789306,0,0,Grammomys surdaster,Grammomys,Murinae,Muridae,Rodentia,23,295,73.24
163,GEVGPAGPNGFAGPAGAAGQPGAK,1693,1716,0,2067.97149389306,2,1,Grammomys surdaster,Grammomys,Murinae,Muridae,Rodentia,23,295,72.48
164,GEVGPAGPNGFAGPAGAAGQPGAK,1693,1716,0,2068.9555098930605,2,2,Grammomys surdaster,Grammomys,Murinae,Muridae,Rodentia,23,295,70.34
165,GEVGPAGPNGFAGPAGAAGQPGAK,1693,1716,0,2050.9933278930603,1,0,Grammomys surdaster,Grammomys,Murinae,Muridae,Rodentia,23,295,66.87
166,GEVGPAGPNGFAGPAGAAGQPGAK,1693,1716,0,2115.95394389306,5,1,Grammomys surdaster,Grammomys,Murinae,Muridae,Rodentia,23,295,0.55
167,GSPGERGEVGPAGPNGFAGPAGAAGQPGAK,1687,1716,1,2650.2589016988895,2,0,Grammomys surdaster,Grammomys,Murinae,Muridae,Rodentia,29,293,60.01
168,GSPGERGEVGPAGPNGFAGPAGAAGQPGAK,1687,1716,1,2651.2429176988894,2,1,Grammomys surdaster,Grammomys,Murinae,Muridae,Rodentia,29,293,59.56
169,GSPGERGEVGPAGPNGFAGPAGAAGQPGAK,1687,1716,1,2666.2530516988895,3,0,Grammomys surdaster,Grammomys,Murinae,Muridae,Rodentia,29,293,32.28
170,GSPGERGEVGPAGPNGFAGPAGAAGQPGAK,1687,1716,1,2619.2546176988894,0,1,Grammomys surdaster,Grammomys,Murinae,Muridae,Rodentia,29,293,1.53
171,GEAGSAGPSGPAGPRGSPGER,1672,1692,1,1866.86812737994,1,0,Grammomys surdaster,Grammomys,Murinae,Muridae,Rodentia,20,292,10.48
172,GEAGSAGPSGPAGPRGSPGER,1672,1692,1,1898.85642737994,3,0,Grammomys surdaster,Grammomys,Murinae,Muridae,Rodentia,20,292,5.68
173,GEAGSAGPSGPAGPRGSPGER,1672,1692,1,1882.86227737994,2,0,Grammomys surdaster,Grammomys,Murinae,Muridae,Rodentia,20,292,3.52
174,GEAGSAGPSGPAGPR,1672,1686,0,1267.60255357411,0,0,Grammomys surdaster,Grammomys,Murinae,Muridae,Rodentia,14,291,76.52
175,GEAGSAGPSGPAGPR,1672,1686,0,1283.59670357411,1,0,Grammomys surdaster,Grammomys,Murinae,Muridae,Rodentia,14,291,54.84
176,GEAGSAGPSGPAGPR,1672,1686,0,1299.59085357411,2,0,Grammomys surdaster,Grammomys,Murinae,Muridae,Rodentia,14,291,12.5
177,GEAGSAGPSGPAGPR,1672,1686,0,1315.58500357411,3,0,Grammomys surdaster,Grammomys,Murinae,Muridae,Rodentia,14,291,9.06
178,GAPGAIGAPGPAGASGDRGEAGSAGPSGPAGPR,1654,1686,1,2759.3076427964597,2,0,Grammomys surdaster,Grammomys,Murinae,Muridae,Rodentia,32,290,59.7
179,GAPGAIGAPGPAGASGDRGEAGSAGPSGPAGPR,1654,1686,1,2775.3017927964597,3,0,Grammomys surdaster,Grammomys,Murinae,Muridae,Rodentia,32,290,35.25
180,GAPGAIGAPGPAGASGDRGEAGSAGPSGPAGPR,1654,1686,1,2791.2959427964597,4,0,Grammomys surdaster,Grammomys,Murinae,Muridae,Rodentia,32,290,27.97
181,GAPGAIGAPGPAGASGDR,1654,1671,0,1510.72293037282,2,0,Grammomys surdaster,Grammomys,Murinae,Muridae,Rodentia,17,289,79.68
182,GAPGAIGAPGPAGASGDR,1654,1671,0,1526.71708037282,3,0,Grammomys surdaster,Grammomys,Murinae,Muridae,Rodentia,17,289,68.54
183,GEIGNPGRDGAR,1642,1653,1,1214.58647324358,1,0,Grammomys surdaster,Grammomys,Murinae,Muridae,Rodentia,11,287,19.96
184,GEIGNPGRDGAR,1642,1653,1,1215.57048924358,1,1,Grammomys surdaster,Grammomys,Murinae,Muridae,Rodentia,11,287,17.3
185,GEIGNPGRDGAR,1642,1653,1,1198.59232324358,0,0,Grammomys surdaster,Grammomys,Murinae,Muridae,Rodentia,11,287,14.59
186,GEIGNPGR,1642,1649,0,799.40569169087,0,0,Grammomys surdaster,Grammomys,Murinae,Muridae,Rodentia,7,286,36.03
187,GEIGNPGR,1642,1649,0,815.39984169087,1,0,Grammomys surdaster,Grammomys,Murinae,Muridae,Rodentia,7,286,34.4
188,GEIGNPGR,1642,1649,0,816.38385769087,1,1,Grammomys surdaster,Grammomys,Murinae,Muridae,Rodentia,7,286,17.32
189,GEIGNPGR,1642,1649,0,800.38970769087,0,1,Grammomys surdaster,Grammomys,Murinae,Muridae,Rodentia,7,286,12.53
190,GETGLRGEIGNPGR,1636,1649,1,1412.72406568912,0,0,Grammomys surdaster,Grammomys,Murinae,Muridae,Rodentia,13,283,38.01
191,GETGLRGEIGNPGR,1636,1649,1,1428.71821568912,1,0,Grammomys surdaster,Grammomys,Murinae,Muridae,Rodentia,13,283,36.22
192,GETGLRGEIGNPGR,1636,1649,1,1429.70223168912,1,1,Grammomys surdaster,Grammomys,Murinae,Muridae,Rodentia,13,283,21.33
193,GETGLRGEIGNPGR,1636,1649,1,1413.70808168912,0,1,Grammomys surdaster,Grammomys,Murinae,Muridae,Rodentia,13,283,12.7
194,GEKGETGLR,1633,1641,1,962.4893849712598,1,0,Grammomys surdaster,Grammomys,Murinae,Muridae,Rodentia,8,282,31.81
195,GAAGIPGGKGEK,1624,1635,1,1057.56288426469,1,0,Grammomys surdaster,Grammomys,Murinae,Muridae,Rodentia,11,280,31.79
196,GAAGIPGGKGEK,1624,1635,1,1089.55118426469,3,0,Grammomys surdaster,Grammomys,Murinae,Muridae,Rodentia,11,280,21.13
197,GAAGIPGGKGEK,1624,1635,1,1073.55703426469,2,0,Grammomys surdaster,Grammomys,Murinae,Muridae,Rodentia,11,280,17.47
198,GAAGIPGGK,1624,1632,0,743.4038644421499,1,0,Grammomys surdaster,Grammomys,Murinae,Muridae,Rodentia,8,279,32.44
199,GAAGIPGGK,1624,1632,0,727.40971444215,0,0,Grammomys surdaster,Grammomys,Murinae,Muridae,Rodentia,8,279,0.32
200,GEAGAVGAPGTAGASGPGGLPGER,1600,1623,0,2024.96165706804,2,0,Grammomys surdaster,Grammomys,Murinae,Muridae,Rodentia,23,277,74.77
201,GEAGAVGAPGTAGASGPGGLPGER,1600,1623,0,2008.96750706804,1,0,Grammomys surdaster,Grammomys,Murinae,Muridae,Rodentia,23,277,61.25
202,GEAGAVGAPGTAGASGPGGLPGER,1600,1623,0,2040.95580706804,3,0,Grammomys surdaster,Grammomys,Murinae,Muridae,Rodentia,23,277,55.87
203,GPSGAPGPDGNKGEAGAVGAPGTAGASGPGGLPGER,1588,1623,1,3075.43392916482,3,0,Grammomys surdaster,Grammomys,Murinae,Muridae,Rodentia,35,275,85.83
204,GPSGAPGPDGNKGEAGAVGAPGTAGASGPGGLPGER,1588,1623,1,3059.43977916482,2,0,Grammomys surdaster,Grammomys,Murinae,Muridae,Rodentia,35,275,56.7
205,GPSGAPGPDGNKGEAGAVGAPGTAGASGPGGLPGER,1588,1623,1,3092.4120951648197,4,1,Grammomys surdaster,Grammomys,Murinae,Muridae,Rodentia,35,275,53.71
206,GPSGAPGPDGNKGEAGAVGAPGTAGASGPGGLPGER,1588,1623,1,3091.42807916482,4,0,Grammomys surdaster,Grammomys,Murinae,Muridae,Rodentia,35,275,43.62
207,GPSGAPGPDGNKGEAGAVGAPGTAGASGPGGLPGER,1588,1623,1,3076.4179451648197,3,1,Grammomys surdaster,Grammomys,Murinae,Muridae,Rodentia,35,275,30.96
208,GPSGAPGPDGNKGEAGAVGAPGTAGASGPGGLPGER,1588,1623,1,3108.4062451648197,5,1,Grammomys surdaster,Grammomys,Murinae,Muridae,Rodentia,35,275,29.2
209,GPSGAPGPDGNKGEAGAVGAPGTAGASGPGGLPGER,1588,1623,1,3107.42222916482,5,0,Grammomys surdaster,Grammomys,Murinae,Muridae,Rodentia,35,275,21.91
210,GPSGAPGPDGNKGEAGAVGAPGTAGASGPGGLPGER,1588,1623,1,3060.4237951648197,2,1,Grammomys surdaster,Grammomys,Murinae,Muridae,Rodentia,35,275,1.58
211,GPSGAPGPDGNKGEAGAVGAPGTAGASGPGGLPGER,1588,1623,1,3123.41637916482,6,0,Grammomys surdaster,Grammomys,Murinae,Muridae,Rodentia,35,275,0.33
212,GPSGAPGPDGNK,1588,1599,0,1069.49011324725,1,0,Grammomys surdaster,Grammomys,Murinae,Muridae,Rodentia,11,274,40.89
213,GPSGAPGPDGNK,1588,1599,0,1053.49596324725,0,0,Grammomys surdaster,Grammomys,Murinae,Muridae,Rodentia,11,274,26.63
214,GPSGAPGPDGNK,1588,1599,0,1101.47841324725,3,0,Grammomys surdaster,Grammomys,Murinae,Muridae,Rodentia,11,274,8.6
215,GPPGESGAAGPSGPIGSRGPSGAPGPDGNK,1570,1599,1,2617.222181837,2,0,Grammomys surdaster,Grammomys,Murinae,Muridae,Rodentia,29,273,3.23
216,GPPGESGAAGPSGPIGSRGPSGAPGPDGNK,1570,1599,1,2601.228031837,1,0,Grammomys surdaster,Grammomys,Murinae,Muridae,Rodentia,29,273,2.07
217,GPPGESGAAGPSGPIGSRGPSGAPGPDGNK,1570,1599,1,2665.204631837,5,0,Grammomys surdaster,Grammomys,Murinae,Muridae,Rodentia,29,273,0.96
218,GPPGESGAAGPSGPIGSR,1570,1587,0,1566.74990974022,1,0,Grammomys surdaster,Grammomys,Murinae,Muridae,Rodentia,17,272,85.13
219,GPPGESGAAGPSGPIGSR,1570,1587,0,1582.74405974022,2,0,Grammomys surdaster,Grammomys,Murinae,Muridae,Rodentia,17,272,45.45
220,GERGPPGESGAAGPSGPIGSR,1567,1587,1,1908.91507757236,1,0,Grammomys surdaster,Grammomys,Murinae,Muridae,Rodentia,20,271,62.71
221,GERGPPGESGAAGPSGPIGSR,1567,1587,1,1924.90922757236,2,0,Grammomys surdaster,Grammomys,Murinae,Muridae,Rodentia,20,271,28.98
222,GERGPPGESGAAGPSGPIGSR,1567,1587,1,1892.92092757236,0,0,Grammomys surdaster,Grammomys,Murinae,Muridae,Rodentia,20,271,0.47
223,GLPGEFGLPGPAGPRGER,1552,1569,1,1795.90704274439,2,0,Grammomys surdaster,Grammomys,Murinae,Muridae,Rodentia,17,270,41.63
224,GLPGEFGLPGPAGPRGER,1552,1569,1,1811.9011927443896,3,0,Grammomys surdaster,Grammomys,Murinae,Muridae,Rodentia,17,270,32.26
225,GLPGEFGLPGPAGPR,1552,1566,0,1453.74187491225,2,0,Grammomys surdaster,Grammomys,Murinae,Muridae,Rodentia,14,269,74.83
226,GLPGEFGLPGPAGPR,1552,1566,0,1437.74772491225,1,0,Grammomys surdaster,Grammomys,Murinae,Muridae,Rodentia,14,269,65.55
227,GLPGEFGLPGPAGPR,1552,1566,0,1469.73602491225,3,0,Grammomys surdaster,Grammomys,Murinae,Muridae,Rodentia,14,269,58.94
228,GLPGEFGLPGPAGPR,1552,1566,0,1485.73017491225,4,0,Grammomys surdaster,Grammomys,Murinae,Muridae,Rodentia,14,269,24.94
229,GEQGPAGPPGFQGLPGPSGATGEVGKPGER,1522,1551,0,2837.3313620065496,3,1,Grammomys surdaster,Grammomys,Murinae,Muridae,Rodentia,29,267,65.11
230,GEQGPAGPPGFQGLPGPSGATGEVGKPGER,1522,1551,0,2836.3473460065497,3,0,Grammomys surdaster,Grammomys,Murinae,Muridae,Rodentia,29,267,58.32
231,GEQGPAGPPGFQGLPGPSGATGEVGKPGER,1522,1551,0,2838.31537800655,3,2,Grammomys surdaster,Grammomys,Murinae,Muridae,Rodentia,29,267,26.26
232,GEQGPAGPPGFQGLPGPSGATGEVGKPGER,1522,1551,0,2820.3531960065498,2,0,Grammomys surdaster,Grammomys,Murinae,Muridae,Rodentia,29,267,5.94
233,GEQGPAGPPGFQGLPGPSGATGEVGKPGER,1522,1551,0,2805.3430620065496,1,1,Grammomys surdaster,Grammomys,Murinae,Muridae,Rodentia,29,267,4.92
234,GEQGPAGPPGFQGLPGPSGATGEVGKPGER,1522,1551,0,2853.3255120065496,4,1,Grammomys surdaster,Grammomys,Murinae,Muridae,Rodentia,29,267,4.71
235,GEQGPAGPPGFQGLPGPSGATGEVGKPGER,1522,1551,0,2821.3372120065496,2,1,Grammomys surdaster,Grammomys,Murinae,Muridae,Rodentia,29,267,3.43
236,GEQGPAGPPGFQGLPGPSGATGEVGKPGER,1522,1551,0,2901.3079620065496,7,1,Grammomys surdaster,Grammomys,Murinae,Muridae,Rodentia,29,267,1.98
237,GAPGPDGNNGAQGPPGPQGVQGGK,1498,1521,0,2145.9892687982097,2,0,Grammomys surdaster,Grammomys,Murinae,Muridae,Rodentia,23,266,78.36
238,GAPGPDGNNGAQGPPGPQGVQGGK,1498,1521,0,2147.95730079821,2,2,Grammomys surdaster,Grammomys,Murinae,Muridae,Rodentia,23,266,74.14
239,GAPGPDGNNGAQGPPGPQGVQGGK,1498,1521,0,2146.9732847982095,2,1,Grammomys surdaster,Grammomys,Murinae,Muridae,Rodentia,23,266,60.71
240,GAPGPDGNNGAQGPPGPQGVQGGK,1498,1521,0,2162.9674347982095,3,1,Grammomys surdaster,Grammomys,Murinae,Muridae,Rodentia,23,266,28.18
241,GAPGPDGNNGAQGPPGPQGVQGGK,1498,1521,0,2161.9834187982096,3,0,Grammomys surdaster,Grammomys,Murinae,Muridae,Rodentia,23,266,17.69
242,GAPGPDGNNGAQGPPGPQGVQGGK,1498,1521,0,2163.95145079821,3,2,Grammomys surdaster,Grammomys,Murinae,Muridae,Rodentia,23,266,2.4
243,GAPGPDGNNGAQGPPGPQGVQGGK,1498,1521,0,2166.9034987982095,3,5,Grammomys surdaster,Grammomys,Murinae,Muridae,Rodentia,23,266,1.51
244,GHPGLAGAR,1489,1497,0,835.45331058963,0,0,Grammomys surdaster,Grammomys,Murinae,Muridae,Rodentia,8,265,36.32
245,GHPGLAGAR,1489,1497,0,851.4474605896299,1,0,Grammomys surdaster,Grammomys,Murinae,Muridae,Rodentia,8,265,6.18
246,GPSGDPGKPGDKGHPGLAGAR,1477,1497,1,1943.96744749839,1,0,Grammomys surdaster,Grammomys,Murinae,Muridae,Rodentia,20,262,95.96
247,GPSGDPGKPGDKGHPGLAGAR,1477,1497,1,1927.97329749839,0,0,Grammomys surdaster,Grammomys,Murinae,Muridae,Rodentia,20,262,37.12
248,GPSGDPGKPGDK,1477,1488,0,1143.52612805923,2,0,Grammomys surdaster,Grammomys,Murinae,Muridae,Rodentia,11,261,34.11
249,GPSGDPGKPGDK,1477,1488,0,1127.53197805923,1,0,Grammomys surdaster,Grammomys,Murinae,Muridae,Rodentia,11,261,31.28
250,GPSGDPGKPGDK,1477,1488,0,1111.5378280592302,0,0,Grammomys surdaster,Grammomys,Murinae,Muridae,Rodentia,11,261,19.03
251,GEAGNIGFPGPKGPSGDPGKPGDK,1465,1488,1,2252.09343585715,1,0,Grammomys surdaster,Grammomys,Murinae,Muridae,Rodentia,23,259,2.17
252,GEAGNIGFPGPK,1465,1476,0,1159.57344894839,1,0,Grammomys surdaster,Grammomys,Murinae,Muridae,Rodentia,11,257,73.09
253,GEAGNIGFPGPK,1465,1476,0,1175.56759894839,2,0,Grammomys surdaster,Grammomys,Murinae,Muridae,Rodentia,11,257,72.34
254,GEAGNIGFPGPK,1465,1476,0,1160.55746494839,1,1,Grammomys surdaster,Grammomys,Murinae,Muridae,Rodentia,11,257,64.42
255,GEAGNIGFPGPK,1465,1476,0,1176.55161494839,2,1,Grammomys surdaster,Grammomys,Murinae,Muridae,Rodentia,11,257,59.48
256,GEAGNIGFPGPK,1465,1476,0,1191.56174894839,3,0,Grammomys surdaster,Grammomys,Murinae,Muridae,Rodentia,11,257,34.82
257,GEAGNIGFPGPK,1465,1476,0,1192.54576494839,3,1,Grammomys surdaster,Grammomys,Murinae,Muridae,Rodentia,11,257,26.62
258,GEAGNIGFPGPK,1465,1476,0,1144.56331494839,0,1,Grammomys surdaster,Grammomys,Murinae,Muridae,Rodentia,11,257,9.85
259,EGPVGLPGIDGRPGPIGPAGPR,1443,1464,0,2082.1082980756496,1,0,Grammomys surdaster,Grammomys,Murinae,Muridae,Rodentia,21,254,49.61
260,EGPVGLPGIDGRPGPIGPAGPR,1443,1464,0,2098.1024480756496,2,0,Grammomys surdaster,Grammomys,Murinae,Muridae,Rodentia,21,254,45.4
261,EGPVGLPGIDGRPGPIGPAGPR,1443,1464,0,2114.0965980756496,3,0,Grammomys surdaster,Grammomys,Murinae,Muridae,Rodentia,21,254,36.84
262,EGPVGLPGIDGRPGPIGPAGPR,1443,1464,0,2130.0907480756496,4,0,Grammomys surdaster,Grammomys,Murinae,Muridae,Rodentia,21,254,22.95
263,EGPVGLPGIDGRPGPIGPAGPR,1443,1464,0,2146.0848980756496,5,0,Grammomys surdaster,Grammomys,Murinae,Muridae,Rodentia,21,254,0.12
264,GLPGSPGNVGPAGKEGPVGLPGIDGRPGPIGPAGPR,1429,1464,1,3303.7057347592895,3,1,Grammomys surdaster,Grammomys,Murinae,Muridae,Rodentia,35,252,25.48
265,GLPGSPGNVGPAGKEGPVGLPGIDGRPGPIGPAGPR,1429,1464,1,3350.7041687592896,6,0,Grammomys surdaster,Grammomys,Murinae,Muridae,Rodentia,35,252,7.03
266,GLPGSPGNVGPAGK,1429,1442,0,1239.63126183411,2,0,Grammomys surdaster,Grammomys,Murinae,Muridae,Rodentia,13,250,87.34
267,GLPGSPGNVGPAGK,1429,1442,0,1240.6152778341102,2,1,Grammomys surdaster,Grammomys,Murinae,Muridae,Rodentia,13,250,76.33
268,GLPGSPGNVGPAGK,1429,1442,0,1255.62541183411,3,0,Grammomys surdaster,Grammomys,Murinae,Muridae,Rodentia,13,250,14.11
269,GLPGSPGNVGPAGK,1429,1442,0,1224.6211278341102,1,1,Grammomys surdaster,Grammomys,Murinae,Muridae,Rodentia,13,250,6.03
270,GLPGSPGNVGPAGK,1429,1442,0,1223.63711183411,1,0,Grammomys surdaster,Grammomys,Murinae,Muridae,Rodentia,13,250,5.1
271,GPNGDAGRPGEPGLMGPRGLPGSPGNVGPAGK,1411,1442,1,3003.4298978279,5,0,Grammomys surdaster,Grammomys,Murinae,Muridae,Rodentia,31,246,3.26
272,GPNGDAGRPGEPGLMGPR,1411,1428,0,1783.80049314426,3,1,Grammomys surdaster,Grammomys,Murinae,Muridae,Rodentia,17,245,46.78
273,GPNGDAGRPGEPGLMGPR,1411,1428,0,1766.82232714426,2,0,Grammomys surdaster,Grammomys,Murinae,Muridae,Rodentia,17,245,42.7
274,GPNGDAGRPGEPGLMGPR,1411,1428,0,1798.81062714426,4,0,Grammomys surdaster,Grammomys,Murinae,Muridae,Rodentia,17,245,42.4
275,GPNGDAGRPGEPGLMGPR,1411,1428,0,1782.81647714426,3,0,Grammomys surdaster,Grammomys,Murinae,Muridae,Rodentia,17,245,38.95
276,GPNGDAGRPGEPGLMGPR,1411,1428,0,1799.79464314426,4,1,Grammomys surdaster,Grammomys,Murinae,Muridae,Rodentia,17,245,38.67
277,GPNGDAGRPGEPGLMGPR,1411,1428,0,1767.8063431442602,2,1,Grammomys surdaster,Grammomys,Murinae,Muridae,Rodentia,17,245,38.44
278,GSTGPAGVRGPNGDAGRPGEPGLMGPR,1402,1428,1,2582.1981437488,4,1,Grammomys surdaster,Grammomys,Murinae,Muridae,Rodentia,26,243,17.92
279,GSTGPAGVRGPNGDAGRPGEPGLMGPR,1402,1428,1,2550.2098437488,2,1,Grammomys surdaster,Grammomys,Murinae,Muridae,Rodentia,26,243,17.45
280,GSTGPAGVRGPNGDAGRPGEPGLMGPR,1402,1428,1,2549.2258277488,2,0,Grammomys surdaster,Grammomys,Murinae,Muridae,Rodentia,26,243,6.83
281,GSTGPAGVR,1402,1410,0,801.42134175501,0,0,Grammomys surdaster,Grammomys,Murinae,Muridae,Rodentia,8,242,48.72
282,GSTGPAGVR,1402,1410,0,817.41549175501,1,0,Grammomys surdaster,Grammomys,Murinae,Muridae,Rodentia,8,242,34.86
283,AGVMGPPGNRGSTGPAGVR,1392,1410,1,1737.88131168985,0,0,Grammomys surdaster,Grammomys,Murinae,Muridae,Rodentia,18,241,45.1
284,AGVMGPPGNRGSTGPAGVR,1392,1410,1,1753.87546168985,1,0,Grammomys surdaster,Grammomys,Murinae,Muridae,Rodentia,18,241,15.34
285,AGVMGPPGNRGSTGPAGVR,1392,1410,1,1769.86961168985,2,0,Grammomys surdaster,Grammomys,Murinae,Muridae,Rodentia,18,241,8.2
286,AGVMGPPGNRGSTGPAGVR,1392,1410,1,1801.85791168985,4,0,Grammomys surdaster,Grammomys,Murinae,Muridae,Rodentia,18,241,4.59
287,AGVMGPPGNRGSTGPAGVR,1392,1410,1,1785.86376168985,3,0,Grammomys surdaster,Grammomys,Murinae,Muridae,Rodentia,18,241,4.38
288,AGVMGPPGNR,1392,1401,0,987.46611108531,2,0,Grammomys surdaster,Grammomys,Murinae,Muridae,Rodentia,9,240,74.19
289,AGVMGPPGNR,1392,1401,0,971.47196108531,1,0,Grammomys surdaster,Grammomys,Murinae,Muridae,Rodentia,9,240,55.38
290,AGVMGPPGNR,1392,1401,0,955.47781108531,0,0,Grammomys surdaster,Grammomys,Murinae,Muridae,Rodentia,9,240,46.79
291,AGVMGPPGNR,1392,1401,0,988.45012708531,2,1,Grammomys surdaster,Grammomys,Murinae,Muridae,Rodentia,9,240,42.45
292,AGVMGPPGNR,1392,1401,0,1003.46026108531,3,0,Grammomys surdaster,Grammomys,Murinae,Muridae,Rodentia,9,240,34.12
293,GLPGADGRAGVMGPPGNR,1384,1401,1,1694.8383479051402,1,0,Grammomys surdaster,Grammomys,Murinae,Muridae,Rodentia,17,239,24.34
294,GLPGADGRAGVMGPPGNR,1384,1401,1,1726.82664790514,3,0,Grammomys surdaster,Grammomys,Murinae,Muridae,Rodentia,17,239,12.68
295,GLPGADGRAGVMGPPGNR,1384,1401,1,1710.83249790514,2,0,Grammomys surdaster,Grammomys,Murinae,Muridae,Rodentia,17,239,5.82
296,GLPGADGRAGVMGPPGNR,1384,1401,1,1742.82079790514,4,0,Grammomys surdaster,Grammomys,Murinae,Muridae,Rodentia,17,239,4.47
297,GLPGADGR,1384,1391,0,758.3783779703,1,0,Grammomys surdaster,Grammomys,Murinae,Muridae,Rodentia,7,238,43.29
298,GLPGADGR,1384,1391,0,742.3842279703,0,0,Grammomys surdaster,Grammomys,Murinae,Muridae,Rodentia,7,238,11.61
299,GSPGSRGLPGADGR,1378,1391,1,1315.63338709243,2,0,Grammomys surdaster,Grammomys,Murinae,Muridae,Rodentia,13,237,40.43
300,GSPGSRGLPGADGR,1378,1391,1,1283.64508709243,0,0,Grammomys surdaster,Grammomys,Murinae,Muridae,Rodentia,13,237,9.78
301,GSPGEPGSAGPAGPPGLRGSPGSR,1360,1383,1,2134.02565430693,2,0,Grammomys surdaster,Grammomys,Murinae,Muridae,Rodentia,23,233,38.53
302,GSPGEPGSAGPAGPPGLRGSPGSR,1360,1383,1,2150.01980430693,3,0,Grammomys surdaster,Grammomys,Murinae,Muridae,Rodentia,23,233,19.78
303,GSPGEPGSAGPAGPPGLR,1360,1377,0,1576.7706451848,1,0,Grammomys surdaster,Grammomys,Murinae,Muridae,Rodentia,17,232,85.98
304,GSPGEPGSAGPAGPPGLR,1360,1377,0,1592.7647951848,2,0,Grammomys surdaster,Grammomys,Murinae,Muridae,Rodentia,17,232,74.36
305,GSPGEPGSAGPAGPPGLR,1360,1377,0,1608.7589451848,3,0,Grammomys surdaster,Grammomys,Murinae,Muridae,Rodentia,17,232,55.2
306,RGSPGEPGSAGPAGPPGLR,1359,1377,1,1732.8717562084,1,0,Grammomys surdaster,Grammomys,Murinae,Muridae,Rodentia,18,231,69.79
307,RGSPGEPGSAGPAGPPGLR,1359,1377,1,1748.8659062084,2,0,Grammomys surdaster,Grammomys,Murinae,Muridae,Rodentia,18,231,49.19
308,GEPGSAGAQGPPGPSGEEGKR,1339,1359,1,1953.88815777461,2,0,Grammomys surdaster,Grammomys,Murinae,Muridae,Rodentia,20,229,50.48
309,GEPGSAGAQGPPGPSGEEGKR,1339,1359,1,1969.88230777461,3,0,Grammomys surdaster,Grammomys,Murinae,Muridae,Rodentia,20,229,17.91
310,GEPGSAGAQGPPGPSGEEGKR,1339,1359,1,1937.89400777461,1,0,Grammomys surdaster,Grammomys,Murinae,Muridae,Rodentia,20,229,16.68
311,GEPGSAGAQGPPGPSGEEGKR,1339,1359,1,1970.86632377461,3,1,Grammomys surdaster,Grammomys,Murinae,Muridae,Rodentia,20,229,10.29
312,GEPGSAGAQGPPGPSGEEGKR,1339,1359,1,1954.87217377461,2,1,Grammomys surdaster,Grammomys,Murinae,Muridae,Rodentia,20,229,7.5
313,GEPGSAGAQGPPGPSGEEGK,1339,1358,0,1797.78704675101,2,0,Grammomys surdaster,Grammomys,Murinae,Muridae,Rodentia,19,228,77.95
314,GEPGSAGAQGPPGPSGEEGK,1339,1358,0,1798.77106275101,2,1,Grammomys surdaster,Grammomys,Murinae,Muridae,Rodentia,19,228,41.31
315,GEPGSAGAQGPPGPSGEEGK,1339,1358,0,1781.79289675101,1,0,Grammomys surdaster,Grammomys,Murinae,Muridae,Rodentia,19,228,30.25
316,GEPGSAGAQGPPGPSGEEGK,1339,1358,0,1813.78119675101,3,0,Grammomys surdaster,Grammomys,Murinae,Muridae,Rodentia,19,228,3.0
317,GETGNKGEPGSAGAQGPPGPSGEEGK,1333,1358,1,2400.0522862036696,3,0,Grammomys surdaster,Grammomys,Murinae,Muridae,Rodentia,25,226,46.6
318,GETGNKGEPGSAGAQGPPGPSGEEGK,1333,1358,1,2384.0581362036696,2,0,Grammomys surdaster,Grammomys,Murinae,Muridae,Rodentia,25,226,43.33
319,GETGNKGEPGSAGAQGPPGPSGEEGK,1333,1358,1,2368.0639862036696,1,0,Grammomys surdaster,Grammomys,Murinae,Muridae,Rodentia,25,226,28.15
320,GETGNKGEPGSAGAQGPPGPSGEEGK,1333,1358,1,2369.0480022036695,1,1,Grammomys surdaster,Grammomys,Murinae,Muridae,Rodentia,25,226,26.06
321,GETGNKGEPGSAGAQGPPGPSGEEGK,1333,1358,1,2385.0421522036695,2,1,Grammomys surdaster,Grammomys,Murinae,Muridae,Rodentia,25,226,24.13
322,GLVGEPGPAGSKGETGNK,1321,1338,1,1686.82778936418,2,0,Grammomys surdaster,Grammomys,Murinae,Muridae,Rodentia,17,224,55.56
323,GLVGEPGPAGSKGETGNK,1321,1338,1,1670.83363936418,1,0,Grammomys surdaster,Grammomys,Murinae,Muridae,Rodentia,17,224,12.77
324,GLVGEPGPAGSKGETGNK,1321,1338,1,1702.82193936418,3,0,Grammomys surdaster,Grammomys,Murinae,Muridae,Rodentia,17,224,6.09
325,GLVGEPGPAGSK,1321,1332,0,1084.56254991152,1,0,Grammomys surdaster,Grammomys,Murinae,Muridae,Rodentia,11,223,64.88
326,GLVGEPGPAGSK,1321,1332,0,1100.55669991152,2,0,Grammomys surdaster,Grammomys,Murinae,Muridae,Rodentia,11,223,46.18
327,GIPGPVGAAGATGAR,1306,1320,0,1267.67455997199,1,0,Grammomys surdaster,Grammomys,Murinae,Muridae,Rodentia,14,222,79.72
328,GIPGPVGAAGATGAR,1306,1320,0,1283.66870997199,2,0,Grammomys surdaster,Grammomys,Murinae,Muridae,Rodentia,14,222,77.96
329,GATGLPGVAGAPGLPGPRGIPGPVGAAGATGAR,1288,1320,1,2841.4935204042,4,0,Grammomys surdaster,Grammomys,Murinae,Muridae,Rodentia,32,221,13.67
330,GATGLPGVAGAPGLPGPR,1288,1305,0,1592.83680158268,3,0,Grammomys surdaster,Grammomys,Murinae,Muridae,Rodentia,17,220,84.12
331,GATGLPGVAGAPGLPGPR,1288,1305,0,1608.83095158268,4,0,Grammomys surdaster,Grammomys,Murinae,Muridae,Rodentia,17,220,4.48
332,GEVGLPGLSGPVGPPGNPGANGLTGAKGATGLPGVAGAPGLPGPR,1261,1305,1,4008.03675949578,7,0,Grammomys surdaster,Grammomys,Murinae,Muridae,Rodentia,44,219,39.3
333,GEVGLPGLSGPVGPPGNPGANGLTGAKGATGLPGVAGAPGLPGPR,1261,1305,1,4025.014925495779,8,1,Grammomys surdaster,Grammomys,Murinae,Muridae,Rodentia,44,219,33.13
334,GEVGLPGLSGPVGPPGNPGANGLTGAKGATGLPGVAGAPGLPGPR,1261,1305,1,4024.03090949578,8,0,Grammomys surdaster,Grammomys,Murinae,Muridae,Rodentia,44,219,25.14
335,GEVGLPGLSGPVGPPGNPGANGLTGAKGATGLPGVAGAPGLPGPR,1261,1305,1,4009.020775495779,7,1,Grammomys surdaster,Grammomys,Murinae,Muridae,Rodentia,44,219,22.58
336,GEVGLPGLSGPVGPPGNPGANGLTGAKGATGLPGVAGAPGLPGPR,1261,1305,1,4025.99894149578,8,2,Grammomys surdaster,Grammomys,Murinae,Muridae,Rodentia,44,219,0.39
337,GEVGLPGLSGPVGPPGNPGANGLTGAK,1261,1287,0,2435.2018150635695,4,1,Grammomys surdaster,Grammomys,Murinae,Muridae,Rodentia,26,218,74.15
338,GEVGLPGLSGPVGPPGNPGANGLTGAK,1261,1287,0,2434.2177990635696,4,0,Grammomys surdaster,Grammomys,Murinae,Muridae,Rodentia,26,218,70.21
339,GEVGLPGLSGPVGPPGNPGANGLTGAK,1261,1287,0,2418.2236490635696,3,0,Grammomys surdaster,Grammomys,Murinae,Muridae,Rodentia,26,218,60.38
340,GEVGLPGLSGPVGPPGNPGANGLTGAK,1261,1287,0,2436.18583106357,4,2,Grammomys surdaster,Grammomys,Murinae,Muridae,Rodentia,26,218,55.68
341,GEVGLPGLSGPVGPPGNPGANGLTGAK,1261,1287,0,2419.2076650635695,3,1,Grammomys surdaster,Grammomys,Murinae,Muridae,Rodentia,26,218,54.45
342,GEVGLPGLSGPVGPPGNPGANGLTGAK,1261,1287,0,2452.17998106357,5,2,Grammomys surdaster,Grammomys,Murinae,Muridae,Rodentia,26,218,52.88
343,GEVGLPGLSGPVGPPGNPGANGLTGAK,1261,1287,0,2451.1959650635695,5,1,Grammomys surdaster,Grammomys,Murinae,Muridae,Rodentia,26,218,51.38
344,GEVGLPGLSGPVGPPGNPGANGLTGAK,1261,1287,0,2450.2119490635696,5,0,Grammomys surdaster,Grammomys,Murinae,Muridae,Rodentia,26,218,38.71
345,GEVGLPGLSGPVGPPGNPGANGLTGAK,1261,1287,0,2403.2135150635695,2,1,Grammomys surdaster,Grammomys,Murinae,Muridae,Rodentia,26,218,13.97
346,GELGPVGNPGPAGPAGPR,1243,1260,0,1616.80194573039,1,1,Grammomys surdaster,Grammomys,Murinae,Muridae,Rodentia,17,217,86.24
347,GELGPVGNPGPAGPAGPR,1243,1260,0,1615.81792973039,1,0,Grammomys surdaster,Grammomys,Murinae,Muridae,Rodentia,17,217,78.28
348,GELGPVGNPGPAGPAGPR,1243,1260,0,1599.82377973039,0,0,Grammomys surdaster,Grammomys,Murinae,Muridae,Rodentia,17,217,77.77
349,GELGPVGNPGPAGPAGPR,1243,1260,0,1631.81207973039,2,0,Grammomys surdaster,Grammomys,Murinae,Muridae,Rodentia,17,217,70.39
350,GELGPVGNPGPAGPAGPR,1243,1260,0,1600.80779573039,0,1,Grammomys surdaster,Grammomys,Murinae,Muridae,Rodentia,17,217,68.04
351,GELGPVGNPGPAGPAGPR,1243,1260,0,1648.79024573039,3,1,Grammomys surdaster,Grammomys,Murinae,Muridae,Rodentia,17,217,5.83
352,GELGPVGNPGPAGPAGPR,1243,1260,0,1632.79609573039,2,1,Grammomys surdaster,Grammomys,Murinae,Muridae,Rodentia,17,217,4.26
353,GSDGSVGPVGPAGPIGSAGPPGFPGAPGPK,1213,1242,0,2573.2615274678396,2,0,Grammomys surdaster,Grammomys,Murinae,Muridae,Rodentia,29,216,97.83
354,GSDGSVGPVGPAGPIGSAGPPGFPGAPGPK,1213,1242,0,2589.2556774678396,3,0,Grammomys surdaster,Grammomys,Murinae,Muridae,Rodentia,29,216,93.78
355,GSDGSVGPVGPAGPIGSAGPPGFPGAPGPK,1213,1242,0,2605.2498274678396,4,0,Grammomys surdaster,Grammomys,Murinae,Muridae,Rodentia,29,216,53.17
356,VGAPGPAGARGSDGSVGPVGPAGPIGSAGPPGFPGAPGPK,1203,1242,1,3390.71816261797,1,0,Grammomys surdaster,Grammomys,Murinae,Muridae,Rodentia,39,215,0.48
357,VGAPGPAGAR,1203,1212,0,868.4627763005999,1,0,Grammomys surdaster,Grammomys,Murinae,Muridae,Rodentia,9,214,65.19
358,GRVGAPGPAGAR,1201,1212,1,1081.58535104477,1,0,Grammomys surdaster,Grammomys,Murinae,Muridae,Rodentia,11,213,66.0
359,GRVGAPGPAGAR,1201,1212,1,1065.59120104477,0,0,Grammomys surdaster,Grammomys,Murinae,Muridae,Rodentia,11,213,4.97
360,GEPGAPGENGTPGLAGARGLPGER,1177,1200,1,2265.0831328394797,3,0,Grammomys surdaster,Grammomys,Murinae,Muridae,Rodentia,23,211,2.55
361,GEPGAPGENGTPGLAGAR,1177,1194,0,1655.75967346079,3,0,Grammomys surdaster,Grammomys,Murinae,Muridae,Rodentia,17,210,75.72
362,GEPGAPGENGTPGLAGAR,1177,1194,0,1656.7436894607902,3,1,Grammomys surdaster,Grammomys,Murinae,Muridae,Rodentia,17,210,62.88
363,GEPGAPGENGTPGLAGAR,1177,1194,0,1640.7495394607902,2,1,Grammomys surdaster,Grammomys,Murinae,Muridae,Rodentia,17,210,40.73
364,GQPGAQGVK,1168,1176,0,859.4148238832898,1,2,Grammomys surdaster,Grammomys,Murinae,Muridae,Rodentia,8,209,14.88
365,GQPGAQGVKGEPGAPGENGTPGLAGAR,1168,1194,1,2511.16679019361,5,1,Grammomys surdaster,Grammomys,Murinae,Muridae,Rodentia,26,207,48.41
366,GQPGAQGVKGEPGAPGENGTPGLAGAR,1168,1194,1,2494.1886241936095,4,0,Grammomys surdaster,Grammomys,Murinae,Muridae,Rodentia,26,207,27.62
367,GQPGAQGVKGEPGAPGENGTPGLAGAR,1168,1194,1,2510.1827741936095,5,0,Grammomys surdaster,Grammomys,Murinae,Muridae,Rodentia,26,207,11.81
368,GQPGAQGVKGEPGAPGENGTPGLAGAR,1168,1194,1,2464.1683561936097,2,2,Grammomys surdaster,Grammomys,Murinae,Muridae,Rodentia,26,207,7.9
369,GQPGAQGVKGEPGAPGENGTPGLAGAR,1168,1194,1,2478.1944741936095,3,0,Grammomys surdaster,Grammomys,Murinae,Muridae,Rodentia,26,207,0.29
370,GHNGLDGLKGQPGAQGVK,1159,1176,1,1780.89135633668,3,0,Grammomys surdaster,Grammomys,Murinae,Muridae,Rodentia,17,205,34.92
371,GHNGLDGLKGQPGAQGVK,1159,1176,1,1765.88122233668,2,1,Grammomys surdaster,Grammomys,Murinae,Muridae,Rodentia,17,205,28.84
372,GHNGLDGLKGQPGAQGVK,1159,1176,1,1749.88707233668,1,1,Grammomys surdaster,Grammomys,Murinae,Muridae,Rodentia,17,205,24.88
373,GHNGLDGLKGQPGAQGVK,1159,1176,1,1764.89720633668,2,0,Grammomys surdaster,Grammomys,Murinae,Muridae,Rodentia,17,205,24.21
374,GHNGLDGLKGQPGAQGVK,1159,1176,1,1781.87537233668,3,1,Grammomys surdaster,Grammomys,Murinae,Muridae,Rodentia,17,205,23.96
375,GHNGLDGLKGQPGAQGVK,1159,1176,1,1782.85938833668,3,2,Grammomys surdaster,Grammomys,Murinae,Muridae,Rodentia,17,205,17.73
376,GHNGLDGLKGQPGAQGVK,1159,1176,1,1766.86523833668,2,2,Grammomys surdaster,Grammomys,Murinae,Muridae,Rodentia,17,205,13.3
377,GHNGLDGLK,1159,1167,0,910.47410560386,0,0,Grammomys surdaster,Grammomys,Murinae,Muridae,Rodentia,8,204,35.13
378,GHNGLDGLK,1159,1167,0,927.45227160386,1,1,Grammomys surdaster,Grammomys,Murinae,Muridae,Rodentia,8,204,34.83
379,GHNGLDGLK,1159,1167,0,911.45812160386,0,1,Grammomys surdaster,Grammomys,Murinae,Muridae,Rodentia,8,204,31.09
380,GHNGLDGLK,1159,1167,0,926.46825560386,1,0,Grammomys surdaster,Grammomys,Murinae,Muridae,Rodentia,8,204,29.04
381,GFPGTPGLPGFKGIR,1144,1158,1,1548.81460958612,3,0,Grammomys surdaster,Grammomys,Murinae,Muridae,Rodentia,14,202,41.9
382,GFPGTPGLPGFKGIR,1144,1158,1,1564.80875958612,4,0,Grammomys surdaster,Grammomys,Murinae,Muridae,Rodentia,14,202,39.26
383,GFPGTPGLPGFKGIR,1144,1158,1,1532.82045958612,2,0,Grammomys surdaster,Grammomys,Murinae,Muridae,Rodentia,14,202,16.51
384,GFPGTPGLPGFKGIR,1144,1158,1,1516.82630958612,1,0,Grammomys surdaster,Grammomys,Murinae,Muridae,Rodentia,14,202,6.88
385,GFPGTPGLPGFK,1144,1155,0,1238.60212086482,4,0,Grammomys surdaster,Grammomys,Murinae,Muridae,Rodentia,11,201,62.8
386,GFPGTPGLPGFK,1144,1155,0,1222.60797086482,3,0,Grammomys surdaster,Grammomys,Murinae,Muridae,Rodentia,11,201,48.02
387,GFPGTPGLPGFK,1144,1155,0,1206.61382086482,2,0,Grammomys surdaster,Grammomys,Murinae,Muridae,Rodentia,11,201,44.11
388,GVVGPQGARGFPGTPGLPGFK,1135,1155,1,2060.05290601495,4,0,Grammomys surdaster,Grammomys,Murinae,Muridae,Rodentia,20,200,10.17
389,GVVGPQGARGFPGTPGLPGFK,1135,1155,1,2044.05875601495,3,0,Grammomys surdaster,Grammomys,Murinae,Muridae,Rodentia,20,200,9.94
390,GVVGPQGARGFPGTPGLPGFK,1135,1155,1,2061.03692201495,4,1,Grammomys surdaster,Grammomys,Murinae,Muridae,Rodentia,20,200,8.59
391,GVVGPQGARGFPGTPGLPGFK,1135,1155,1,2028.06460601495,2,0,Grammomys surdaster,Grammomys,Murinae,Muridae,Rodentia,20,200,7.55
392,GVVGPQGAR,1135,1143,0,840.4686263005999,0,0,Grammomys surdaster,Grammomys,Murinae,Muridae,Rodentia,8,199,45.85
393,GVVGPQGAR,1135,1143,0,841.4526423005999,0,1,Grammomys surdaster,Grammomys,Murinae,Muridae,Rodentia,8,199,31.9
394,GVVGPQGAR,1135,1143,0,856.4627763005999,1,0,Grammomys surdaster,Grammomys,Murinae,Muridae,Rodentia,8,199,1.51
395,AGEDGHPGKPGRPGER,1119,1134,0,1648.777091204,2,0,Grammomys surdaster,Grammomys,Murinae,Muridae,Rodentia,15,194,31.48
396,AGEDGHPGKPGRPGER,1119,1134,0,1664.771241204,3,0,Grammomys surdaster,Grammomys,Murinae,Muridae,Rodentia,15,194,28.74
397,GPAGPPGK,1111,1118,0,712.36090065744,2,0,Grammomys surdaster,Grammomys,Murinae,Muridae,Rodentia,7,191,33.43
398,GPPGAVGAPGPQGFQGPAGEPGEPGQTGPAGSRGPAGPPGK,1078,1118,1,3650.70831392739,3,2,Grammomys surdaster,Grammomys,Murinae,Muridae,Rodentia,40,190,3.61
399,GPPGAVGAPGPQGFQGPAGEPGEPGQTGPAGSR,1078,1110,0,3004.3636884204197,4,1,Grammomys surdaster,Grammomys,Murinae,Muridae,Rodentia,32,189,33.75
400,GPPGAVGAPGPQGFQGPAGEPGEPGQTGPAGSR,1078,1110,0,3020.3578384204197,5,1,Grammomys surdaster,Grammomys,Murinae,Muridae,Rodentia,32,189,25.86
401,GPPGAVGAPGPQGFQGPAGEPGEPGQTGPAGSR,1078,1110,0,3035.36797242042,6,0,Grammomys surdaster,Grammomys,Murinae,Muridae,Rodentia,32,189,25.08
402,GPPGAVGAPGPQGFQGPAGEPGEPGQTGPAGSR,1078,1110,0,2987.38552242042,3,0,Grammomys surdaster,Grammomys,Murinae,Muridae,Rodentia,32,189,17.79
403,GPPGAVGAPGPQGFQGPAGEPGEPGQTGPAGSR,1078,1110,0,3005.34770442042,4,2,Grammomys surdaster,Grammomys,Murinae,Muridae,Rodentia,32,189,14.58
404,GPPGAVGAPGPQGFQGPAGEPGEPGQTGPAGSR,1078,1110,0,2989.35355442042,3,2,Grammomys surdaster,Grammomys,Murinae,Muridae,Rodentia,32,189,14.21
405,GPPGAVGAPGPQGFQGPAGEPGEPGQTGPAGSR,1078,1110,0,3003.37967242042,4,0,Grammomys surdaster,Grammomys,Murinae,Muridae,Rodentia,32,189,12.5
406,GPPGAVGAPGPQGFQGPAGEPGEPGQTGPAGSR,1078,1110,0,3022.32587042042,5,3,Grammomys surdaster,Grammomys,Murinae,Muridae,Rodentia,32,189,12.44
407,GPPGAVGAPGPQGFQGPAGEPGEPGQTGPAGSR,1078,1110,0,3019.37382242042,5,0,Grammomys surdaster,Grammomys,Murinae,Muridae,Rodentia,32,189,12.28
408,GVSSGPGPMGLMGPR,1063,1077,0,1447.66451684811,3,0,Grammomys surdaster,Grammomys,Murinae,Muridae,Rodentia,14,188,65.88
409,GVSSGPGPMGLMGPR,1063,1077,0,1431.67036684811,2,0,Grammomys surdaster,Grammomys,Murinae,Muridae,Rodentia,14,188,65.43
410,GVSSGPGPMGLMGPR,1063,1077,0,1415.67621684811,1,0,Grammomys surdaster,Grammomys,Murinae,Muridae,Rodentia,14,188,65.2
411,GVSSGPGPMGLMGPR,1063,1077,0,1399.68206684811,0,0,Grammomys surdaster,Grammomys,Murinae,Muridae,Rodentia,14,188,59.12
412,GVSSGPGPMGLMGPR,1063,1077,0,1463.65866684811,4,0,Grammomys surdaster,Grammomys,Murinae,Muridae,Rodentia,14,188,45.24
413,QYSDKGVSSGPGPMGLMGPR,1058,1077,1,2052.94620732804,2,0,Grammomys surdaster,Grammomys,Murinae,Muridae,Rodentia,19,185,0.64
414,QYSDKGVSSGPGPMGLMGPR,1058,1077,1,2100.92865732804,5,0,Grammomys surdaster,Grammomys,Murinae,Muridae,Rodentia,19,185,0.52
415,QYSDKGVSSGPGPMGLMGPR,1058,1077,1,2101.91267332804,5,1,Grammomys surdaster,Grammomys,Murinae,Muridae,Rodentia,19,185,0.1
416,TGDSGPAGPPGPPGPPGPPGPPSGGYDFSFLPQPPQEK,1009,1046,0,3717.694153481279,5,0,Grammomys surdaster,Grammomys,Murinae,Muridae,Rodentia,37,184,15.38
417,TGDSGPAGPPGPPGPPGPPGPPSGGYDFSFLPQPPQEK,1009,1046,0,3702.6840194812794,4,1,Grammomys surdaster,Grammomys,Murinae,Muridae,Rodentia,37,184,15.21
418,TGDSGPAGPPGPPGPPGPPGPPSGGYDFSFLPQPPQEK,1009,1046,0,3701.700003481279,4,0,Grammomys surdaster,Grammomys,Murinae,Muridae,Rodentia,37,184,13.83
419,TGDSGPAGPPGPPGPPGPPGPPSGGYDFSFLPQPPQEK,1009,1046,0,3685.705853481279,3,0,Grammomys surdaster,Grammomys,Murinae,Muridae,Rodentia,37,184,13.18
420,TGDSGPAGPPGPPGPPGPPGPPSGGYDFSFLPQPPQEK,1009,1046,0,3686.6898694812794,3,1,Grammomys surdaster,Grammomys,Murinae,Muridae,Rodentia,37,184,8.44
421,TGDSGPAGPPGPPGPPGPPGPPSGGYDFSFLPQPPQEK,1009,1046,0,3765.676603481279,8,0,Grammomys surdaster,Grammomys,Murinae,Muridae,Rodentia,37,184,2.65
422,TGDSGPAGPPGPPGPPGPPGPPSGGYDFSFLPQPPQEK,1009,1046,0,3735.65633548128,6,2,Grammomys surdaster,Grammomys,Murinae,Muridae,Rodentia,37,184,2.55
423,GRTGDSGPAGPPGPPGPPGPPGPPSGGYDFSFLPQPPQEK,1007,1046,1,3930.81672822545,5,0,Grammomys surdaster,Grammomys,Murinae,Muridae,Rodentia,39,183,42.62
424,GRTGDSGPAGPPGPPGPPGPPGPPSGGYDFSFLPQPPQEK,1007,1046,1,3898.82842822545,3,0,Grammomys surdaster,Grammomys,Murinae,Muridae,Rodentia,39,183,35.19
425,GRTGDSGPAGPPGPPGPPGPPGPPSGGYDFSFLPQPPQEK,1007,1046,1,3914.82257822545,4,0,Grammomys surdaster,Grammomys,Murinae,Muridae,Rodentia,39,183,33.93
426,GRTGDSGPAGPPGPPGPPGPPGPPSGGYDFSFLPQPPQEK,1007,1046,1,3899.81244422545,3,1,Grammomys surdaster,Grammomys,Murinae,Muridae,Rodentia,39,183,19.69
427,GRTGDSGPAGPPGPPGPPGPPGPPSGGYDFSFLPQPPQEK,1007,1046,1,3884.80231022545,2,2,Grammomys surdaster,Grammomys,Murinae,Muridae,Rodentia,39,183,0.81
428,DGLNGLPGPIGPPGPRGR,991,1008,1,1774.9171771617,3,0,Grammomys surdaster,Grammomys,Murinae,Muridae,Rodentia,17,182,14.63
429,DGLNGLPGPIGPPGPRGR,991,1008,1,1775.9011931617,3,1,Grammomys surdaster,Grammomys,Murinae,Muridae,Rodentia,17,182,12.85
430,DGLNGLPGPIGPPGPR,991,1006,0,1546.7844684175302,2,1,Grammomys surdaster,Grammomys,Murinae,Muridae,Rodentia,15,181,67.33
431,DGLNGLPGPIGPPGPR,991,1006,0,1562.7786184175302,3,1,Grammomys surdaster,Grammomys,Murinae,Muridae,Rodentia,15,181,64.8
432,DGLNGLPGPIGPPGPR,991,1006,0,1545.80045241753,2,0,Grammomys surdaster,Grammomys,Murinae,Muridae,Rodentia,15,181,62.38
433,DGLNGLPGPIGPPGPR,991,1006,0,1530.7903184175302,1,1,Grammomys surdaster,Grammomys,Murinae,Muridae,Rodentia,15,181,50.67
434,DGLNGLPGPIGPPGPR,991,1006,0,1561.79460241753,3,0,Grammomys surdaster,Grammomys,Murinae,Muridae,Rodentia,15,181,46.68
435,DGLNGLPGPIGPPGPR,991,1006,0,1578.7727684175302,4,1,Grammomys surdaster,Grammomys,Murinae,Muridae,Rodentia,15,181,30.45
436,DGLNGLPGPIGPPGPR,991,1006,0,1577.78875241753,4,0,Grammomys surdaster,Grammomys,Murinae,Muridae,Rodentia,15,181,25.2
437,DGLNGLPGPIGPPGPR,991,1006,0,1529.80630241753,1,0,Grammomys surdaster,Grammomys,Murinae,Muridae,Rodentia,15,181,19.89
438,DGLNGLPGPIGPPGPR,991,1006,0,1513.81215241753,0,0,Grammomys surdaster,Grammomys,Murinae,Muridae,Rodentia,15,181,15.98
439,GPPGSAGSPGKDGLNGLPGPIGPPGPR,980,1006,1,2454.2348824536098,3,0,Grammomys surdaster,Grammomys,Murinae,Muridae,Rodentia,26,180,61.03
440,GPPGSAGSPGKDGLNGLPGPIGPPGPR,980,1006,1,2487.2071984536096,5,1,Grammomys surdaster,Grammomys,Murinae,Muridae,Rodentia,26,180,54.76
441,GPPGSAGSPGKDGLNGLPGPIGPPGPR,980,1006,1,2471.2130484536096,4,1,Grammomys surdaster,Grammomys,Murinae,Muridae,Rodentia,26,180,53.81
442,GPPGSAGSPGKDGLNGLPGPIGPPGPR,980,1006,1,2486.2231824536098,5,0,Grammomys surdaster,Grammomys,Murinae,Muridae,Rodentia,26,180,47.29
443,GPPGSAGSPGKDGLNGLPGPIGPPGPR,980,1006,1,2455.2188984536097,3,1,Grammomys surdaster,Grammomys,Murinae,Muridae,Rodentia,26,180,44.82
444,GPPGSAGSPGKDGLNGLPGPIGPPGPR,980,1006,1,2470.2290324536098,4,0,Grammomys surdaster,Grammomys,Murinae,Muridae,Rodentia,26,180,41.78
445,GPPGSAGSPGKDGLNGLPGPIGPPGPR,980,1006,1,2439.2247484536097,2,1,Grammomys surdaster,Grammomys,Murinae,Muridae,Rodentia,26,180,40.77
446,GPPGSAGSPGKDGLNGLPGPIGPPGPR,980,1006,1,2502.2173324536097,6,0,Grammomys surdaster,Grammomys,Murinae,Muridae,Rodentia,26,180,31.82
447,GPPGSAGSPGKDGLNGLPGPIGPPGPR,980,1006,1,2503.2013484536096,6,1,Grammomys surdaster,Grammomys,Murinae,Muridae,Rodentia,26,180,29.86
448,GPPGSAGSPGKDGLNGLPGPIGPPGPR,980,1006,1,2438.24073245361,2,0,Grammomys surdaster,Grammomys,Murinae,Muridae,Rodentia,26,180,22.8
449,GPPGSAGSPGK,980,990,0,927.45227118655,1,0,Grammomys surdaster,Grammomys,Murinae,Muridae,Rodentia,10,179,67.87
450,GPPGSAGSPGK,980,990,0,943.44642118655,2,0,Grammomys surdaster,Grammomys,Murinae,Muridae,Rodentia,10,179,56.26
451,GPPGSAGSPGK,980,990,0,911.45812118655,0,0,Grammomys surdaster,Grammomys,Murinae,Muridae,Rodentia,10,179,47.33
452,GFSGLQGPPGSPGSPGEQGPSGASGPAGPRGPPGSAGSPGK,950,990,1,3603.66641193722,4,0,Grammomys surdaster,Grammomys,Murinae,Muridae,Rodentia,40,178,18.08
453,GFSGLQGPPGSPGSPGEQGPSGASGPAGPRGPPGSAGSPGK,950,990,1,3635.65471193722,6,0,Grammomys surdaster,Grammomys,Murinae,Muridae,Rodentia,40,178,2.36
454,GFSGLQGPPGSPGSPGEQGPSGASGPAGPR,950,979,0,2695.2319819011395,3,0,Grammomys surdaster,Grammomys,Murinae,Muridae,Rodentia,29,177,96.64
455,GFSGLQGPPGSPGSPGEQGPSGASGPAGPR,950,979,0,2680.2218479011394,2,1,Grammomys surdaster,Grammomys,Murinae,Muridae,Rodentia,29,177,86.93
456,GFSGLQGPPGSPGSPGEQGPSGASGPAGPR,950,979,0,2664.227697901139,1,1,Grammomys surdaster,Grammomys,Murinae,Muridae,Rodentia,29,177,80.33
457,GFSGLQGPPGSPGSPGEQGPSGASGPAGPR,950,979,0,2663.2436819011396,1,0,Grammomys surdaster,Grammomys,Murinae,Muridae,Rodentia,29,177,79.53
458,GFSGLQGPPGSPGSPGEQGPSGASGPAGPR,950,979,0,2696.2159979011394,3,1,Grammomys surdaster,Grammomys,Murinae,Muridae,Rodentia,29,177,72.53
459,GFSGLQGPPGSPGSPGEQGPSGASGPAGPR,950,979,0,2679.2378319011395,2,0,Grammomys surdaster,Grammomys,Murinae,Muridae,Rodentia,29,177,72.1
460,GFSGLQGPPGSPGSPGEQGPSGASGPAGPR,950,979,0,2697.20001390114,3,2,Grammomys surdaster,Grammomys,Murinae,Muridae,Rodentia,29,177,68.08
461,GFSGLQGPPGSPGSPGEQGPSGASGPAGPR,950,979,0,2681.20586390114,2,2,Grammomys surdaster,Grammomys,Murinae,Muridae,Rodentia,29,177,41.78
462,GFSGLQGPPGSPGSPGEQGPSGASGPAGPR,950,979,0,2665.21171390114,1,2,Grammomys surdaster,Grammomys,Murinae,Muridae,Rodentia,29,177,40.15
463,GFSGLQGPPGSPGSPGEQGPSGASGPAGPR,950,979,0,2648.233547901139,0,1,Grammomys surdaster,Grammomys,Murinae,Muridae,Rodentia,29,177,38.36
464,GFSGLQGPPGSPGSPGEQGPSGASGPAGPR,950,979,0,2647.2495319011396,0,0,Grammomys surdaster,Grammomys,Murinae,Muridae,Rodentia,29,177,27.62
465,GFSGLQGPPGSPGSPGEQGPSGASGPAGPR,950,979,0,2711.2261319011395,4,0,Grammomys surdaster,Grammomys,Murinae,Muridae,Rodentia,29,177,26.79
466,GHRGFSGLQGPPGSPGSPGEQGPSGASGPAGPR,947,979,1,3077.4017685037597,5,0,Grammomys surdaster,Grammomys,Murinae,Muridae,Rodentia,32,176,4.73
467,GHRGFSGLQGPPGSPGSPGEQGPSGASGPAGPR,947,979,1,3110.3740845037596,7,1,Grammomys surdaster,Grammomys,Murinae,Muridae,Rodentia,32,176,4.6
468,GHRGFSGLQGPPGSPGSPGEQGPSGASGPAGPR,947,979,1,3047.38150050376,3,2,Grammomys surdaster,Grammomys,Murinae,Muridae,Rodentia,32,176,0.41
469,GETGEQGDR,935,943,0,948.40172850924,0,0,Grammomys surdaster,Grammomys,Murinae,Muridae,Rodentia,8,175,39.64
470,GDKGETGEQGDR,932,943,1,1264.53924826764,1,0,Grammomys surdaster,Grammomys,Murinae,Muridae,Rodentia,11,173,48.38
471,GETGEQGDRGIK,935,946,1,1262.59636922094,1,0,Grammomys surdaster,Grammomys,Murinae,Muridae,Rodentia,11,173,48.38
472,GDKGETGEQGDR,932,943,1,1249.52911426764,0,1,Grammomys surdaster,Grammomys,Murinae,Muridae,Rodentia,11,173,42.88
473,GETGEQGDRGIK,935,946,1,1247.58623522094,0,1,Grammomys surdaster,Grammomys,Murinae,Muridae,Rodentia,11,173,42.88
474,GDKGETGEQGDR,932,943,1,1248.54509826764,0,0,Grammomys surdaster,Grammomys,Murinae,Muridae,Rodentia,11,173,38.84
475,GETGEQGDRGIK,935,946,1,1246.60221922094,0,0,Grammomys surdaster,Grammomys,Murinae,Muridae,Rodentia,11,173,38.84
476,GPAGPQGPRGDK,923,934,1,1137.56471193072,0,1,Grammomys surdaster,Grammomys,Murinae,Muridae,Rodentia,11,172,27.08
477,GPAGPQGPRGDK,923,934,1,1136.58069593072,0,0,Grammomys surdaster,Grammomys,Murinae,Muridae,Rodentia,11,172,26.29
478,GPAGPQGPRGDK,923,934,1,1152.57484593072,1,0,Grammomys surdaster,Grammomys,Murinae,Muridae,Rodentia,11,172,14.89
479,GPAGPQGPR,923,931,0,836.4373261723199,0,0,Grammomys surdaster,Grammomys,Murinae,Muridae,Rodentia,8,170,56.87
480,GPAGPQGPR,923,931,0,837.4213421723199,0,1,Grammomys surdaster,Grammomys,Murinae,Muridae,Rodentia,8,170,47.22
481,GPAGPQGPR,923,931,0,852.4314761723199,1,0,Grammomys surdaster,Grammomys,Murinae,Muridae,Rodentia,8,170,28.57
482,GPAGPQGPR,923,931,0,868.4256261723199,2,0,Grammomys surdaster,Grammomys,Murinae,Muridae,Rodentia,8,170,15.27
483,GPAGPQGPR,923,931,0,869.4096421723199,2,1,Grammomys surdaster,Grammomys,Murinae,Muridae,Rodentia,8,170,4.48
484,GPAGPQGPR,923,931,0,885.4037921723199,3,1,Grammomys surdaster,Grammomys,Murinae,Muridae,Rodentia,8,170,2.94
485,GPAGPQGPR,923,931,0,884.4197761723199,3,0,Grammomys surdaster,Grammomys,Murinae,Muridae,Rodentia,8,170,1.48
486,GETGPAGPAGPIGPAGARGPAGPQGPR,905,931,1,2350.20106558709,0,0,Grammomys surdaster,Grammomys,Murinae,Muridae,Rodentia,26,169,15.88
487,GETGPAGPAGPIGPAGARGPAGPQGPR,905,931,1,2414.17766558709,4,0,Grammomys surdaster,Grammomys,Murinae,Muridae,Rodentia,26,169,0.79
488,GETGPAGPAGPIGPAGAR,905,922,0,1532.78158056524,0,0,Grammomys surdaster,Grammomys,Murinae,Muridae,Rodentia,17,168,84.59
489,GETGPAGPAGPIGPAGAR,905,922,0,1548.77573056524,1,0,Grammomys surdaster,Grammomys,Murinae,Muridae,Rodentia,17,168,61.71
490,GETGPAGPAGPIGPAGAR,905,922,0,1564.76988056524,2,0,Grammomys surdaster,Grammomys,Murinae,Muridae,Rodentia,17,168,12.65
491,SGDRGETGPAGPAGPIGPAGAR,901,922,1,1947.96312673751,0,0,Grammomys surdaster,Grammomys,Murinae,Muridae,Rodentia,21,166,70.74
492,SGDRGETGPAGPAGPIGPAGAR,901,922,1,1963.95727673751,1,0,Grammomys surdaster,Grammomys,Murinae,Muridae,Rodentia,21,166,25.78
493,SGDRGETGPAGPAGPIGPAGAR,901,922,1,1979.95142673751,2,0,Grammomys surdaster,Grammomys,Murinae,Muridae,Rodentia,21,166,9.69
494,GETGPAGPPGAPGAPGAPGPVGPAGKSGDR,875,904,1,2616.22463900559,5,0,Grammomys surdaster,Grammomys,Murinae,Muridae,Rodentia,29,165,16.53
495,GETGPAGPPGAPGAPGAPGPVGPAGKSGDR,875,904,1,2632.2187890055898,6,0,Grammomys surdaster,Grammomys,Murinae,Muridae,Rodentia,29,165,9.76
496,GETGPAGPPGAPGAPGAPGPVGPAGK,875,900,0,2169.05479283332,3,0,Grammomys surdaster,Grammomys,Murinae,Muridae,Rodentia,25,164,81.0
497,GETGPAGPPGAPGAPGAPGPVGPAGK,875,900,0,2185.04894283332,4,0,Grammomys surdaster,Grammomys,Murinae,Muridae,Rodentia,25,164,67.18
498,GETGPAGPPGAPGAPGAPGPVGPAGK,875,900,0,2153.06064283332,2,0,Grammomys surdaster,Grammomys,Murinae,Muridae,Rodentia,25,164,59.46
499,GETGPAGPPGAPGAPGAPGPVGPAGK,875,900,0,2137.06649283332,1,0,Grammomys surdaster,Grammomys,Murinae,Muridae,Rodentia,25,164,53.67
500,GETGPAGPPGAPGAPGAPGPVGPAGK,875,900,0,2217.03724283332,6,0,Grammomys surdaster,Grammomys,Murinae,Muridae,Rodentia,25,164,11.29
501,GDRGETGPAGPPGAPGAPGAPGPVGPAGK,872,900,1,2481.21016060132,2,0,Grammomys surdaster,Grammomys,Murinae,Muridae,Rodentia,28,163,57.2
502,GDRGETGPAGPPGAPGAPGAPGPVGPAGK,872,900,1,2513.19846060132,4,0,Grammomys surdaster,Grammomys,Murinae,Muridae,Rodentia,28,163,45.33
503,GDRGETGPAGPPGAPGAPGAPGPVGPAGK,872,900,1,2497.20431060132,3,0,Grammomys surdaster,Grammomys,Murinae,Muridae,Rodentia,28,163,44.88
504,GDRGETGPAGPPGAPGAPGAPGPVGPAGK,872,900,1,2465.21601060132,1,0,Grammomys surdaster,Grammomys,Murinae,Muridae,Rodentia,28,163,39.83
505,GDRGETGPAGPPGAPGAPGAPGPVGPAGK,872,900,1,2449.22186060132,0,0,Grammomys surdaster,Grammomys,Murinae,Muridae,Rodentia,28,163,32.29
506,GDRGETGPAGPPGAPGAPGAPGPVGPAGK,872,900,1,2529.19261060132,5,0,Grammomys surdaster,Grammomys,Murinae,Muridae,Rodentia,28,163,21.89
507,DGAPGAKGDR,865,874,1,975.44748381571,2,0,Grammomys surdaster,Grammomys,Murinae,Muridae,Rodentia,9,161,47.79
508,DGAPGAKGDR,865,874,1,959.45333381571,1,0,Grammomys surdaster,Grammomys,Murinae,Muridae,Rodentia,9,161,40.61
509,DGAPGAKGDR,865,874,1,943.45918381571,0,0,Grammomys surdaster,Grammomys,Murinae,Muridae,Rodentia,9,161,29.67
510,EGSPGAEGSPGRDGAPGAK,853,871,1,1744.77096642048,3,0,Grammomys surdaster,Grammomys,Murinae,Muridae,Rodentia,18,159,61.67
511,EGSPGAEGSPGRDGAPGAK,853,871,1,1728.77681642048,2,0,Grammomys surdaster,Grammomys,Murinae,Muridae,Rodentia,18,159,51.54
512,EGSPGAEGSPGRDGAPGAK,853,871,1,1712.78266642048,1,0,Grammomys surdaster,Grammomys,Murinae,Muridae,Rodentia,18,159,14.11
513,EGSPGAEGSPGR,853,864,0,1116.49084152324,1,0,Grammomys surdaster,Grammomys,Murinae,Muridae,Rodentia,11,158,67.54
514,EGSPGAEGSPGR,853,864,0,1132.48499152324,2,0,Grammomys surdaster,Grammomys,Murinae,Muridae,Rodentia,11,158,60.88
515,EGSPGAEGSPGR,853,864,0,1100.49669152324,0,0,Grammomys surdaster,Grammomys,Murinae,Muridae,Rodentia,11,158,23.1
516,GPPGPMGPPGLAGPPGESGREGSPGAEGSPGR,833,864,1,2946.3244296998496,5,0,Grammomys surdaster,Grammomys,Murinae,Muridae,Rodentia,31,157,24.08
517,GPPGPMGPPGLAGPPGESGREGSPGAEGSPGR,833,864,1,2962.3185796998496,6,0,Grammomys surdaster,Grammomys,Murinae,Muridae,Rodentia,31,157,5.15
518,GPPGPMGPPGLAGPPGESGREGSPGAEGSPGR,833,864,1,2914.3361296998496,3,0,Grammomys surdaster,Grammomys,Murinae,Muridae,Rodentia,31,157,0.94
519,GPPGPMGPPGLAGPPGESGR,833,852,0,1832.85727932708,3,0,Grammomys surdaster,Grammomys,Murinae,Muridae,Rodentia,19,156,97.64
520,GPPGPMGPPGLAGPPGESGR,833,852,0,1784.87482932708,0,0,Grammomys surdaster,Grammomys,Murinae,Muridae,Rodentia,19,156,84.71
521,GPPGPMGPPGLAGPPGESGR,833,852,0,1800.86897932708,1,0,Grammomys surdaster,Grammomys,Murinae,Muridae,Rodentia,19,156,83.81
522,GPPGPMGPPGLAGPPGESGR,833,852,0,1816.86312932708,2,0,Grammomys surdaster,Grammomys,Murinae,Muridae,Rodentia,19,156,79.01
523,GPPGPMGPPGLAGPPGESGR,833,852,0,1864.84557932708,5,0,Grammomys surdaster,Grammomys,Murinae,Muridae,Rodentia,19,156,66.68
524,GPPGPMGPPGLAGPPGESGR,833,852,0,1848.85142932708,4,0,Grammomys surdaster,Grammomys,Murinae,Muridae,Rodentia,19,156,65.51
525,QGPSGSSGERGPPGPMGPPGLAGPPGESGR,823,852,1,2759.2786511673,2,0,Grammomys surdaster,Grammomys,Murinae,Muridae,Rodentia,29,154,46.66
526,QGPSGSSGERGPPGPMGPPGLAGPPGESGR,823,852,1,2775.2728011673,3,0,Grammomys surdaster,Grammomys,Murinae,Muridae,Rodentia,29,154,46.09
527,QGPSGSSGERGPPGPMGPPGLAGPPGESGR,823,852,1,2760.2626671672997,2,1,Grammomys surdaster,Grammomys,Murinae,Muridae,Rodentia,29,154,44.36
528,QGPSGSSGERGPPGPMGPPGLAGPPGESGR,823,852,1,2791.2669511673,4,0,Grammomys surdaster,Grammomys,Murinae,Muridae,Rodentia,29,154,27.18
529,QGPSGSSGERGPPGPMGPPGLAGPPGESGR,823,852,1,2727.2903511673,0,0,Grammomys surdaster,Grammomys,Murinae,Muridae,Rodentia,29,154,21.92
530,QGPSGSSGERGPPGPMGPPGLAGPPGESGR,823,852,1,2807.2611011673,5,0,Grammomys surdaster,Grammomys,Murinae,Muridae,Rodentia,29,154,20.69
531,QGPSGSSGERGPPGPMGPPGLAGPPGESGR,823,852,1,2743.2845011673,1,0,Grammomys surdaster,Grammomys,Murinae,Muridae,Rodentia,29,154,16.54
532,QGPSGSSGERGPPGPMGPPGLAGPPGESGR,823,852,1,2728.2743671672997,0,1,Grammomys surdaster,Grammomys,Murinae,Muridae,Rodentia,29,154,13.78
533,QGPSGSSGERGPPGPMGPPGLAGPPGESGR,823,852,1,2808.2451171672997,5,1,Grammomys surdaster,Grammomys,Murinae,Muridae,Rodentia,29,154,4.49
534,QGPSGSSGER,823,832,0,961.43336299069,0,0,Grammomys surdaster,Grammomys,Murinae,Muridae,Rodentia,9,153,49.38
535,QGPSGSSGER,823,832,0,962.41737899069,0,1,Grammomys surdaster,Grammomys,Murinae,Muridae,Rodentia,9,153,13.67
536,GFPGLPGPSGEPGKQGPSGSSGER,809,832,1,2271.0620993853,2,0,Grammomys surdaster,Grammomys,Murinae,Muridae,Rodentia,23,152,52.15
537,GFPGLPGPSGEPGKQGPSGSSGER,809,832,1,2287.0562493853,3,0,Grammomys surdaster,Grammomys,Murinae,Muridae,Rodentia,23,152,43.63
538,GFPGLPGPSGEPGKQGPSGSSGER,809,832,1,2256.0519653853,1,1,Grammomys surdaster,Grammomys,Murinae,Muridae,Rodentia,23,152,15.92
539,GFPGLPGPSGEPGKQGPSGSSGER,809,832,1,2272.0461153853,2,1,Grammomys surdaster,Grammomys,Murinae,Muridae,Rodentia,23,152,12.68
540,GFPGLPGPSGEPGKQGPSGSSGER,809,832,1,2288.0402653853,3,1,Grammomys surdaster,Grammomys,Murinae,Muridae,Rodentia,23,152,4.58
541,GFPGLPGPSGEPGK,809,822,0,1328.64657754508,2,0,Grammomys surdaster,Grammomys,Murinae,Muridae,Rodentia,13,151,70.99
542,GFPGLPGPSGEPGK,809,822,0,1344.64072754508,3,0,Grammomys surdaster,Grammomys,Murinae,Muridae,Rodentia,13,151,67.95
543,GFPGLPGPSGEPGK,809,822,0,1312.65242754508,1,0,Grammomys surdaster,Grammomys,Murinae,Muridae,Rodentia,13,151,64.84
544,GFPGLPGPSGEPGK,809,822,0,1296.65827754508,0,0,Grammomys surdaster,Grammomys,Murinae,Muridae,Rodentia,13,151,33.81
545,GFPGLPGPSGEPGK,809,822,0,1360.63487754508,4,0,Grammomys surdaster,Grammomys,Murinae,Muridae,Rodentia,13,151,17.46
546,GERGFPGLPGPSGEPGK,806,822,1,1670.81174537722,2,0,Grammomys surdaster,Grammomys,Murinae,Muridae,Rodentia,16,150,24.96
547,GERGFPGLPGPSGEPGK,806,822,1,1686.80589537722,3,0,Grammomys surdaster,Grammomys,Murinae,Muridae,Rodentia,16,150,16.13
548,GERGFPGLPGPSGEPGK,806,822,1,1654.81759537722,1,0,Grammomys surdaster,Grammomys,Murinae,Muridae,Rodentia,16,150,11.64
549,GVVGLPGQRGER,797,808,1,1240.67489432516,1,0,Grammomys surdaster,Grammomys,Murinae,Muridae,Rodentia,11,149,35.68
550,GVVGLPGQRGER,797,808,1,1241.6589103251602,1,1,Grammomys surdaster,Grammomys,Murinae,Muridae,Rodentia,11,149,27.08
551,GVVGLPGQR,797,805,0,898.5097264930199,1,0,Grammomys surdaster,Grammomys,Murinae,Muridae,Rodentia,8,148,53.81
552,GVVGLPGQR,797,805,0,899.4937424930199,1,1,Grammomys surdaster,Grammomys,Murinae,Muridae,Rodentia,8,148,46.98
553,GVVGLPGQR,797,805,0,882.5155764930199,0,0,Grammomys surdaster,Grammomys,Murinae,Muridae,Rodentia,8,148,39.57
554,GVVGLPGQR,797,805,0,883.4995924930199,0,1,Grammomys surdaster,Grammomys,Murinae,Muridae,Rodentia,8,148,27.73
555,GSPGADGPAGSPGTPGPQGIAGQRGVVGLPGQR,773,805,1,3002.45393716803,3,2,Grammomys surdaster,Grammomys,Murinae,Muridae,Rodentia,32,147,12.06
556,GSPGADGPAGSPGTPGPQGIAGQRGVVGLPGQR,773,805,1,3016.4800551680296,4,0,Grammomys surdaster,Grammomys,Murinae,Muridae,Rodentia,32,147,6.9
557,GSPGADGPAGSPGTPGPQGIAGQR,773,796,0,2120.99401982548,2,0,Grammomys surdaster,Grammomys,Murinae,Muridae,Rodentia,23,146,95.12
558,GSPGADGPAGSPGTPGPQGIAGQR,773,796,0,2136.98816982548,3,0,Grammomys surdaster,Grammomys,Murinae,Muridae,Rodentia,23,146,89.45
559,GSPGADGPAGSPGTPGPQGIAGQR,773,796,0,2105.98388582548,1,1,Grammomys surdaster,Grammomys,Murinae,Muridae,Rodentia,23,146,78.52
560,GSPGADGPAGSPGTPGPQGIAGQR,773,796,0,2104.99986982548,1,0,Grammomys surdaster,Grammomys,Murinae,Muridae,Rodentia,23,146,69.4
561,GSPGADGPAGSPGTPGPQGIAGQR,773,796,0,2137.97218582548,3,1,Grammomys surdaster,Grammomys,Murinae,Muridae,Rodentia,23,146,54.89
562,GSPGADGPAGSPGTPGPQGIAGQR,773,796,0,2089.98973582548,0,1,Grammomys surdaster,Grammomys,Murinae,Muridae,Rodentia,23,146,52.96
563,GSPGADGPAGSPGTPGPQGIAGQR,773,796,0,2138.95620182548,3,2,Grammomys surdaster,Grammomys,Murinae,Muridae,Rodentia,23,146,52.79
564,GSPGADGPAGSPGTPGPQGIAGQR,773,796,0,2106.96790182548,1,2,Grammomys surdaster,Grammomys,Murinae,Muridae,Rodentia,23,146,40.19
565,GSPGADGPAGSPGTPGPQGIAGQR,773,796,0,2122.96205182548,2,2,Grammomys surdaster,Grammomys,Murinae,Muridae,Rodentia,23,146,39.74
566,GSPGADGPAGSPGTPGPQGIAGQR,773,796,0,2089.00571982548,0,0,Grammomys surdaster,Grammomys,Murinae,Muridae,Rodentia,23,146,38.8
567,GSPGADGPAGSPGTPGPQGIAGQR,773,796,0,2121.97803582548,2,1,Grammomys surdaster,Grammomys,Murinae,Muridae,Rodentia,23,146,34.37
568,GSPGADGPAGSPGTPGPQGIAGQR,773,796,0,2170.94450182548,5,2,Grammomys surdaster,Grammomys,Murinae,Muridae,Rodentia,23,146,4.18
569,GETGPAGRPGEVGPPGPPGPAGEK,749,772,0,2232.0496711093097,4,0,Grammomys surdaster,Grammomys,Murinae,Muridae,Rodentia,23,143,48.46
570,GETGPAGRPGEVGPPGPPGPAGEK,749,772,0,2216.0555211093097,3,0,Grammomys surdaster,Grammomys,Murinae,Muridae,Rodentia,23,143,46.48
571,GETGPAGRPGEVGPPGPPGPAGEK,749,772,0,2200.0613711093097,2,0,Grammomys surdaster,Grammomys,Murinae,Muridae,Rodentia,23,143,44.97
572,GETGPAGRPGEVGPPGPPGPAGEK,749,772,0,2248.0438211093096,5,0,Grammomys surdaster,Grammomys,Murinae,Muridae,Rodentia,23,143,2.86
573,GETGPAGRPGEVGPPGPPGPAGEK,749,772,0,2280.0321211093096,7,0,Grammomys surdaster,Grammomys,Murinae,Muridae,Rodentia,23,143,0.49
574,EGGKGPR,742,748,1,700.3736632865999,0,0,Grammomys surdaster,Grammomys,Murinae,Muridae,Rodentia,6,140,31.68
575,VGPPGPSGNAGPPGPPGPVGKEGGK,721,745,1,2212.09699199847,3,0,Grammomys surdaster,Grammomys,Murinae,Muridae,Rodentia,24,138,14.13
576,VGPPGPSGNAGPPGPPGPVGKEGGK,721,745,1,2260.07944199847,6,0,Grammomys surdaster,Grammomys,Murinae,Muridae,Rodentia,24,138,1.56
577,VGPPGPSGNAGPPGPPGPVGKEGGK,721,745,1,2228.09114199847,4,0,Grammomys surdaster,Grammomys,Murinae,Muridae,Rodentia,24,138,0.76
578,VGPPGPSGNAGPPGPPGPVGK,721,741,0,1840.91650845536,3,0,Grammomys surdaster,Grammomys,Murinae,Muridae,Rodentia,20,137,60.93
579,VGPPGPSGNAGPPGPPGPVGK,721,741,0,1856.91065845536,4,0,Grammomys surdaster,Grammomys,Murinae,Muridae,Rodentia,20,137,46.64
580,VGPPGPSGNAGPPGPPGPVGK,721,741,0,1824.92235845536,2,0,Grammomys surdaster,Grammomys,Murinae,Muridae,Rodentia,20,137,46.04
581,VGPPGPSGNAGPPGPPGPVGK,721,741,0,1841.9005244553605,3,1,Grammomys surdaster,Grammomys,Murinae,Muridae,Rodentia,20,137,45.41
582,VGPPGPSGNAGPPGPPGPVGK,721,741,0,1857.89467445536,4,1,Grammomys surdaster,Grammomys,Murinae,Muridae,Rodentia,20,137,36.95
583,VGPPGPSGNAGPPGPPGPVGK,721,741,0,1872.90480845536,5,0,Grammomys surdaster,Grammomys,Murinae,Muridae,Rodentia,20,137,13.76
584,VGPPGPSGNAGPPGPPGPVGK,721,741,0,1905.87712445536,7,1,Grammomys surdaster,Grammomys,Murinae,Muridae,Rodentia,20,137,8.16
585,VGPPGPSGNAGPPGPPGPVGK,721,741,0,1825.9063744553605,2,1,Grammomys surdaster,Grammomys,Murinae,Muridae,Rodentia,20,137,7.61
586,VGPPGPSGNAGPPGPPGPVGK,721,741,0,1873.88882445536,5,1,Grammomys surdaster,Grammomys,Murinae,Muridae,Rodentia,20,137,6.56
587,VGPPGPSGNAGPPGPPGPVGK,721,741,0,1889.88297445536,6,1,Grammomys surdaster,Grammomys,Murinae,Muridae,Rodentia,20,137,6.06
588,GAAGPPGATGFPGAAGRVGPPGPSGNAGPPGPPGPVGK,704,741,1,3265.59465465388,5,0,Grammomys surdaster,Grammomys,Murinae,Muridae,Rodentia,37,136,17.89
589,GAAGPPGATGFPGAAGRVGPPGPSGNAGPPGPPGPVGK,704,741,1,3266.5786706538797,5,1,Grammomys surdaster,Grammomys,Murinae,Muridae,Rodentia,37,136,10.08
590,GAAGPPGATGFPGAAGR,704,720,0,1443.69598734899,2,0,Grammomys surdaster,Grammomys,Murinae,Muridae,Rodentia,16,135,114.73
591,GAAGPPGATGFPGAAGR,704,720,0,1459.69013734899,3,0,Grammomys surdaster,Grammomys,Murinae,Muridae,Rodentia,16,135,51.21
592,GAAGPPGATGFPGAAGR,704,720,0,1427.70183734899,1,0,Grammomys surdaster,Grammomys,Murinae,Muridae,Rodentia,16,135,8.49
593,GSRGAAGPPGATGFPGAAGR,701,720,1,1743.85059049743,2,0,Grammomys surdaster,Grammomys,Murinae,Muridae,Rodentia,19,133,66.56
594,GSRGAAGPPGATGFPGAAGR,701,720,1,1759.84474049743,3,0,Grammomys surdaster,Grammomys,Murinae,Muridae,Rodentia,19,133,8.68
595,GDAGPPGPAGPAGPPGPIGNVGAPGPKGSR,674,703,1,2623.28285893162,4,0,Grammomys surdaster,Grammomys,Murinae,Muridae,Rodentia,29,132,45.02
596,GDAGPPGPAGPAGPPGPIGNVGAPGPKGSR,674,703,1,2639.27700893162,5,0,Grammomys surdaster,Grammomys,Murinae,Muridae,Rodentia,29,132,25.62
597,GDAGPPGPAGPAGPPGPIGNVGAPGPKGSR,674,703,1,2607.28870893162,3,0,Grammomys surdaster,Grammomys,Murinae,Muridae,Rodentia,29,132,17.95
598,GDAGPPGPAGPAGPPGPIGNVGAPGPKGSR,674,703,1,2624.26687493162,4,1,Grammomys surdaster,Grammomys,Murinae,Muridae,Rodentia,29,132,7.39
599,GDAGPPGPAGPAGPPGPIGNVGAPGPK,674,700,0,2275.14580578318,1,0,Grammomys surdaster,Grammomys,Murinae,Muridae,Rodentia,26,131,88.97
600,GDAGPPGPAGPAGPPGPIGNVGAPGPK,674,700,0,2291.13995578318,2,0,Grammomys surdaster,Grammomys,Murinae,Muridae,Rodentia,26,131,88.02
601,GDAGPPGPAGPAGPPGPIGNVGAPGPK,674,700,0,2292.12397178318,2,1,Grammomys surdaster,Grammomys,Murinae,Muridae,Rodentia,26,131,61.27
602,GDAGPPGPAGPAGPPGPIGNVGAPGPK,674,700,0,2307.13410578318,3,0,Grammomys surdaster,Grammomys,Murinae,Muridae,Rodentia,26,131,59.3
603,GDAGPPGPAGPAGPPGPIGNVGAPGPK,674,700,0,2323.12825578318,4,0,Grammomys surdaster,Grammomys,Murinae,Muridae,Rodentia,26,131,53.92
604,GDAGPPGPAGPAGPPGPIGNVGAPGPK,674,700,0,2324.11227178318,4,1,Grammomys surdaster,Grammomys,Murinae,Muridae,Rodentia,26,131,36.46
605,GDAGPPGPAGPAGPPGPIGNVGAPGPK,674,700,0,2308.11812178318,3,1,Grammomys surdaster,Grammomys,Murinae,Muridae,Rodentia,26,131,33.38
606,GDAGPPGPAGPAGPPGPIGNVGAPGPK,674,700,0,2259.15165578318,0,0,Grammomys surdaster,Grammomys,Murinae,Muridae,Rodentia,26,131,21.58
607,GDAGPPGPAGPAGPPGPIGNVGAPGPK,674,700,0,2356.10057178318,6,1,Grammomys surdaster,Grammomys,Murinae,Muridae,Rodentia,26,131,0.45
608,GEPGDTGVKGDAGPPGPAGPAGPPGPIGNVGAPGPK,665,700,1,3195.51430230094,6,0,Grammomys surdaster,Grammomys,Murinae,Muridae,Rodentia,35,129,55.63
609,GEPGDTGVKGDAGPPGPAGPAGPPGPIGNVGAPGPK,665,700,1,3179.52015230094,5,0,Grammomys surdaster,Grammomys,Murinae,Muridae,Rodentia,35,129,50.18
610,GEPGDTGVKGDAGPPGPAGPAGPPGPIGNVGAPGPK,665,700,1,3131.53770230094,2,0,Grammomys surdaster,Grammomys,Murinae,Muridae,Rodentia,35,129,47.77
611,GEPGDTGVKGDAGPPGPAGPAGPPGPIGNVGAPGPK,665,700,1,3164.51001830094,4,1,Grammomys surdaster,Grammomys,Murinae,Muridae,Rodentia,35,129,43.09
612,GEPGDTGVKGDAGPPGPAGPAGPPGPIGNVGAPGPK,665,700,1,3147.53185230094,3,0,Grammomys surdaster,Grammomys,Murinae,Muridae,Rodentia,35,129,42.38
613,GEPGDTGVKGDAGPPGPAGPAGPPGPIGNVGAPGPK,665,700,1,3196.49831830094,6,1,Grammomys surdaster,Grammomys,Murinae,Muridae,Rodentia,35,129,34.12
614,GEPGDTGVKGDAGPPGPAGPAGPPGPIGNVGAPGPK,665,700,1,3163.52600230094,4,0,Grammomys surdaster,Grammomys,Murinae,Muridae,Rodentia,35,129,29.3
615,GEPGDTGVKGDAGPPGPAGPAGPPGPIGNVGAPGPK,665,700,1,3180.50416830094,5,1,Grammomys surdaster,Grammomys,Murinae,Muridae,Rodentia,35,129,0.86
616,GEPGDTGVKGDAGPPGPAGPAGPPGPIGNVGAPGPK,665,700,1,3148.51586830094,3,1,Grammomys surdaster,Grammomys,Murinae,Muridae,Rodentia,35,129,0.58
617,GEPGDTGVK,665,673,0,875.4097376682299,1,0,Grammomys surdaster,Grammomys,Murinae,Muridae,Rodentia,8,128,6.61
618,GEAGPPGPAGFAGPPGADGQPGAKGEPGDTGVK,641,673,1,2980.35168999351,5,0,Grammomys surdaster,Grammomys,Murinae,Muridae,Rodentia,32,127,28.68
619,GEAGPPGPAGFAGPPGADGQPGAKGEPGDTGVK,641,673,1,2964.35753999351,4,0,Grammomys surdaster,Grammomys,Murinae,Muridae,Rodentia,32,127,17.65
620,GEAGPPGPAGFAGPPGADGQPGAKGEPGDTGVK,641,673,1,2965.3415559935097,4,1,Grammomys surdaster,Grammomys,Murinae,Muridae,Rodentia,32,127,16.91
621,GEAGPPGPAGFAGPPGADGQPGAKGEPGDTGVK,641,673,1,2948.36338999351,3,0,Grammomys surdaster,Grammomys,Murinae,Muridae,Rodentia,32,127,12.51
622,GEAGPPGPAGFAGPPGADGQPGAKGEPGDTGVK,641,673,1,2996.34583999351,6,0,Grammomys surdaster,Grammomys,Murinae,Muridae,Rodentia,32,127,12.0
623,GEAGPPGPAGFAGPPGADGQPGAKGEPGDTGVK,641,673,1,2949.3474059935097,3,1,Grammomys surdaster,Grammomys,Murinae,Muridae,Rodentia,32,127,11.82
624,GEAGPPGPAGFAGPPGADGQPGAKGEPGDTGVK,641,673,1,2997.3298559935097,6,1,Grammomys surdaster,Grammomys,Murinae,Muridae,Rodentia,32,127,9.35
625,GEAGPPGPAGFAGPPGADGQPGAKGEPGDTGVK,641,673,1,2932.36923999351,2,0,Grammomys surdaster,Grammomys,Murinae,Muridae,Rodentia,32,127,0.1
626,GEAGPPGPAGFAGPPGADGQPGAK,641,664,0,2091.97149347575,2,0,Grammomys surdaster,Grammomys,Murinae,Muridae,Rodentia,23,126,81.15
627,GEAGPPGPAGFAGPPGADGQPGAK,641,664,0,2123.95979347575,4,0,Grammomys surdaster,Grammomys,Murinae,Muridae,Rodentia,23,126,78.2
628,GEAGPPGPAGFAGPPGADGQPGAK,641,664,0,2107.96564347575,3,0,Grammomys surdaster,Grammomys,Murinae,Muridae,Rodentia,23,126,67.7
629,GEAGPPGPAGFAGPPGADGQPGAK,641,664,0,2092.9555094757497,2,1,Grammomys surdaster,Grammomys,Murinae,Muridae,Rodentia,23,126,47.73
630,GEAGPPGPAGFAGPPGADGQPGAK,641,664,0,2124.9438094757497,4,1,Grammomys surdaster,Grammomys,Murinae,Muridae,Rodentia,23,126,47.65
631,GEAGPPGPAGFAGPPGADGQPGAK,641,664,0,2108.9496594757497,3,1,Grammomys surdaster,Grammomys,Murinae,Muridae,Rodentia,23,126,36.73
632,GEAGPPGPAGFAGPPGADGQPGAK,641,664,0,2139.95394347575,5,0,Grammomys surdaster,Grammomys,Murinae,Muridae,Rodentia,23,126,36.37
633,GEAGPPGPAGFAGPPGADGQPGAK,641,664,0,2075.97734347575,1,0,Grammomys surdaster,Grammomys,Murinae,Muridae,Rodentia,23,126,16.58
634,GEAGPPGPAGFAGPPGADGQPGAK,641,664,0,2060.9672094757498,0,1,Grammomys surdaster,Grammomys,Murinae,Muridae,Rodentia,23,126,1.95
635,GAPGDRGEAGPPGPAGFAGPPGADGQPGAK,635,664,1,2693.2148025978795,5,0,Grammomys surdaster,Grammomys,Murinae,Muridae,Rodentia,29,124,46.3
636,GAPGDRGEAGPPGPAGFAGPPGADGQPGAK,635,664,1,2677.2206525978795,4,0,Grammomys surdaster,Grammomys,Murinae,Muridae,Rodentia,29,124,44.71
637,GAPGDRGEAGPPGPAGFAGPPGADGQPGAK,635,664,1,2694.1988185978794,5,1,Grammomys surdaster,Grammomys,Murinae,Muridae,Rodentia,29,124,35.27
638,GAPGDRGEAGPPGPAGFAGPPGADGQPGAK,635,664,1,2661.2265025978795,3,0,Grammomys surdaster,Grammomys,Murinae,Muridae,Rodentia,29,124,35.06
639,GAPGDRGEAGPPGPAGFAGPPGADGQPGAK,635,664,1,2678.2046685978794,4,1,Grammomys surdaster,Grammomys,Murinae,Muridae,Rodentia,29,124,31.09
640,GAPGDRGEAGPPGPAGFAGPPGADGQPGAK,635,664,1,2645.2323525978795,2,0,Grammomys surdaster,Grammomys,Murinae,Muridae,Rodentia,29,124,28.27
641,GAPGDRGEAGPPGPAGFAGPPGADGQPGAK,635,664,1,2662.2105185978794,3,1,Grammomys surdaster,Grammomys,Murinae,Muridae,Rodentia,29,124,21.74
642,GAPGDRGEAGPPGPAGFAGPPGADGQPGAK,635,664,1,2709.2089525978795,6,0,Grammomys surdaster,Grammomys,Murinae,Muridae,Rodentia,29,124,6.31
643,GAPGDRGEAGPPGPAGFAGPPGADGQPGAK,635,664,1,2726.1871185978794,7,1,Grammomys surdaster,Grammomys,Murinae,Muridae,Rodentia,29,124,0.77
644,GETGPSGPPGPTGAR,620,634,0,1337.64441838609,0,0,Grammomys surdaster,Grammomys,Murinae,Muridae,Rodentia,14,123,68.57
645,GETGPSGPPGPTGAR,620,634,0,1353.63856838609,1,0,Grammomys surdaster,Grammomys,Murinae,Muridae,Rodentia,14,123,2.04
646,GLTGPIGPPGPAGSPGDKGETGPSGPPGPTGAR,602,634,1,2925.4321746032397,2,0,Grammomys surdaster,Grammomys,Murinae,Muridae,Rodentia,32,122,55.32
647,GLTGPIGPPGPAGSPGDKGETGPSGPPGPTGAR,602,634,1,2909.4380246032397,1,0,Grammomys surdaster,Grammomys,Murinae,Muridae,Rodentia,32,122,52.7
648,GLTGPIGPPGPAGSPGDKGETGPSGPPGPTGAR,602,634,1,2941.4263246032397,3,0,Grammomys surdaster,Grammomys,Murinae,Muridae,Rodentia,32,122,39.94
649,GLTGPIGPPGPAGSPGDKGETGPSGPPGPTGAR,602,634,1,2957.4204746032397,4,0,Grammomys surdaster,Grammomys,Murinae,Muridae,Rodentia,32,122,23.65
650,GLTGPIGPPGPAGSPGDKGETGPSGPPGPTGAR,602,634,1,2973.4146246032396,5,0,Grammomys surdaster,Grammomys,Murinae,Muridae,Rodentia,32,122,6.74
651,GLTGPIGPPGPAGSPGDK,602,619,0,1590.81144736762,1,0,Grammomys surdaster,Grammomys,Murinae,Muridae,Rodentia,17,121,68.59
652,GLTGPIGPPGPAGSPGDK,602,619,0,1622.79974736762,3,0,Grammomys surdaster,Grammomys,Murinae,Muridae,Rodentia,17,121,41.73
653,GLTGPIGPPGPAGSPGDK,602,619,0,1606.80559736762,2,0,Grammomys surdaster,Grammomys,Murinae,Muridae,Rodentia,17,121,22.31
654,GLTGPIGPPGPAGSPGDK,602,619,0,1670.78219736762,6,0,Grammomys surdaster,Grammomys,Murinae,Muridae,Rodentia,17,121,0.73
655,DGVRGLTGPIGPPGPAGSPGDK,598,619,1,2050.0176790486103,3,0,Grammomys surdaster,Grammomys,Murinae,Muridae,Rodentia,21,119,1.34
656,DGVRGLTGPIGPPGPAGSPGDK,598,619,1,2066.0118290486103,4,0,Grammomys surdaster,Grammomys,Murinae,Muridae,Rodentia,21,119,0.36
657,GADGSPGKDGVR,590,601,1,1131.53812606883,1,0,Grammomys surdaster,Grammomys,Murinae,Muridae,Rodentia,11,118,58.72
658,GADGSPGKDGVR,590,601,1,1115.54397606883,0,0,Grammomys surdaster,Grammomys,Murinae,Muridae,Rodentia,11,118,42.78
659,GADGSPGKDGVR,590,601,1,1147.53227606883,2,0,Grammomys surdaster,Grammomys,Murinae,Muridae,Rodentia,11,118,4.47
660,GADGSPGK,590,597,0,704.3201943878399,1,0,Grammomys surdaster,Grammomys,Murinae,Muridae,Rodentia,7,117,16.34
661,GADGSPGK,590,597,0,720.3143443878399,2,0,Grammomys surdaster,Grammomys,Murinae,Muridae,Rodentia,7,117,7.77
662,GDAGPKGADGSPGK,584,597,1,1229.57490550037,1,0,Grammomys surdaster,Grammomys,Murinae,Muridae,Rodentia,13,115,3.24
663,GDRGDAGPK,581,589,1,872.422070031,0,0,Grammomys surdaster,Grammomys,Murinae,Muridae,Rodentia,8,113,30.48
664,GAAGLPGPKGDR,572,583,1,1111.58468233843,1,0,Grammomys surdaster,Grammomys,Murinae,Muridae,Rodentia,11,111,52.52
665,GAAGLPGPKGDR,572,583,1,1127.57883233843,2,0,Grammomys surdaster,Grammomys,Murinae,Muridae,Rodentia,11,111,50.92
666,GAAGLPGPKGDR,572,583,1,1143.57298233843,3,0,Grammomys surdaster,Grammomys,Murinae,Muridae,Rodentia,11,111,5.94
667,GAAGLPGPK,572,580,0,799.4293145704299,2,0,Grammomys surdaster,Grammomys,Murinae,Muridae,Rodentia,8,110,50.7
668,GAAGLPGPK,572,580,0,783.43516457043,1,0,Grammomys surdaster,Grammomys,Murinae,Muridae,Rodentia,8,110,48.36
669,GDTGAPGAPGSQGAPGLQGMPGERGAAGLPGPK,548,580,1,2962.3936449932794,3,1,Grammomys surdaster,Grammomys,Murinae,Muridae,Rodentia,32,109,1.71
670,GDTGAPGAPGSQGAPGLQGMPGERGAAGLPGPK,548,580,1,2994.3819449932794,5,1,Grammomys surdaster,Grammomys,Murinae,Muridae,Rodentia,32,109,0.43
671,GDTGAPGAPGSQGAPGLQGMPGER,548,571,0,2228.9806055733197,4,0,Grammomys surdaster,Grammomys,Murinae,Muridae,Rodentia,23,107,82.98
672,GDTGAPGAPGSQGAPGLQGMPGER,548,571,0,2229.9646215733196,4,1,Grammomys surdaster,Grammomys,Murinae,Muridae,Rodentia,23,107,79.03
673,GDTGAPGAPGSQGAPGLQGMPGER,548,571,0,2244.9747555733197,5,0,Grammomys surdaster,Grammomys,Murinae,Muridae,Rodentia,23,107,62.11
674,GDTGAPGAPGSQGAPGLQGMPGER,548,571,0,2245.9587715733196,5,1,Grammomys surdaster,Grammomys,Murinae,Muridae,Rodentia,23,107,50.89
675,GDTGAPGAPGSQGAPGLQGMPGER,548,571,0,2230.94863757332,4,2,Grammomys surdaster,Grammomys,Murinae,Muridae,Rodentia,23,107,42.84
676,GDTGAPGAPGSQGAPGLQGMPGER,548,571,0,2246.94278757332,5,2,Grammomys surdaster,Grammomys,Murinae,Muridae,Rodentia,23,107,4.39
677,GNNGAPGNDGAKGDTGAPGAPGSQGAPGLQGMPGER,536,571,1,3298.42230623512,5,1,Grammomys surdaster,Grammomys,Murinae,Muridae,Rodentia,35,105,50.88
678,GNNGAPGNDGAKGDTGAPGAPGSQGAPGLQGMPGER,536,571,1,3330.41060623512,7,1,Grammomys surdaster,Grammomys,Murinae,Muridae,Rodentia,35,105,50.15
679,GNNGAPGNDGAKGDTGAPGAPGSQGAPGLQGMPGER,536,571,1,3297.43829023512,5,0,Grammomys surdaster,Grammomys,Murinae,Muridae,Rodentia,35,105,46.15
680,GNNGAPGNDGAKGDTGAPGAPGSQGAPGLQGMPGER,536,571,1,3315.40047223512,6,2,Grammomys surdaster,Grammomys,Murinae,Muridae,Rodentia,35,105,44.36
681,GNNGAPGNDGAKGDTGAPGAPGSQGAPGLQGMPGER,536,571,1,3329.42659023512,7,0,Grammomys surdaster,Grammomys,Murinae,Muridae,Rodentia,35,105,40.2
682,GNNGAPGNDGAKGDTGAPGAPGSQGAPGLQGMPGER,536,571,1,3313.43244023512,6,0,Grammomys surdaster,Grammomys,Murinae,Muridae,Rodentia,35,105,35.16
683,GNNGAPGNDGAKGDTGAPGAPGSQGAPGLQGMPGER,536,571,1,3314.41645623512,6,1,Grammomys surdaster,Grammomys,Murinae,Muridae,Rodentia,35,105,34.71
684,GNNGAPGNDGAKGDTGAPGAPGSQGAPGLQGMPGER,536,571,1,3331.39462223512,7,2,Grammomys surdaster,Grammomys,Murinae,Muridae,Rodentia,35,105,34.12
685,GNNGAPGNDGAKGDTGAPGAPGSQGAPGLQGMPGER,536,571,1,3316.38448823512,6,3,Grammomys surdaster,Grammomys,Murinae,Muridae,Rodentia,35,105,17.01
686,GNNGAPGNDGAKGDTGAPGAPGSQGAPGLQGMPGER,536,571,1,3300.39033823512,5,3,Grammomys surdaster,Grammomys,Murinae,Muridae,Rodentia,35,105,7.41
687,GNNGAPGNDGAKGDTGAPGAPGSQGAPGLQGMPGER,536,571,1,3249.45584023512,2,0,Grammomys surdaster,Grammomys,Murinae,Muridae,Rodentia,35,105,3.64
688,GNNGAPGNDGAKGDTGAPGAPGSQGAPGLQGMPGER,536,571,1,3281.44414023512,4,0,Grammomys surdaster,Grammomys,Murinae,Muridae,Rodentia,35,105,0.29
689,GNNGAPGNDGAK,536,547,0,1087.47552581227,1,0,Grammomys surdaster,Grammomys,Murinae,Muridae,Rodentia,11,104,29.77
690,GNNGAPGNDGAK,536,547,0,1072.46539181227,0,1,Grammomys surdaster,Grammomys,Murinae,Muridae,Rodentia,11,104,28.26
691,GNNGAPGNDGAK,536,547,0,1088.45954181227,1,1,Grammomys surdaster,Grammomys,Murinae,Muridae,Rodentia,11,104,25.15
692,GVQGPPGPAGPRGNNGAPGNDGAK,524,547,1,2174.0318023165296,2,0,Grammomys surdaster,Grammomys,Murinae,Muridae,Rodentia,23,103,23.53
693,GVQGPPGPAGPRGNNGAPGNDGAK,524,547,1,2175.0158183165295,2,1,Grammomys surdaster,Grammomys,Murinae,Muridae,Rodentia,23,103,17.5
694,GVQGPPGPAGPRGNNGAPGNDGAK,524,547,1,2223.98228431653,5,2,Grammomys surdaster,Grammomys,Murinae,Muridae,Rodentia,23,103,2.88
695,GVQGPPGPAGPR,524,535,0,1105.57411765473,1,0,Grammomys surdaster,Grammomys,Murinae,Muridae,Rodentia,11,102,64.18
696,GVQGPPGPAGPR,524,535,0,1106.5581336547302,1,1,Grammomys surdaster,Grammomys,Murinae,Muridae,Rodentia,11,102,56.8
697,GVQGPPGPAGPR,524,535,0,1089.57996765473,0,0,Grammomys surdaster,Grammomys,Murinae,Muridae,Rodentia,11,102,50.62
698,GVQGPPGPAGPR,524,535,0,1122.5522836547302,2,1,Grammomys surdaster,Grammomys,Murinae,Muridae,Rodentia,11,102,32.27
699,GVQGPPGPAGPR,524,535,0,1121.56826765473,2,0,Grammomys surdaster,Grammomys,Murinae,Muridae,Rodentia,11,102,24.48
700,GVQGPPGPAGPR,524,535,0,1090.5639836547302,0,1,Grammomys surdaster,Grammomys,Murinae,Muridae,Rodentia,11,102,20.78
701,GVQGPPGPAGPR,524,535,0,1138.5464336547302,3,1,Grammomys surdaster,Grammomys,Murinae,Muridae,Rodentia,11,102,18.6
702,GVQGPPGPAGPR,524,535,0,1137.56241765473,3,0,Grammomys surdaster,Grammomys,Murinae,Muridae,Rodentia,11,102,13.07
703,GVQGPPGPAGPR,524,535,0,1154.5405836547302,4,1,Grammomys surdaster,Grammomys,Murinae,Muridae,Rodentia,11,102,2.35
704,GFPGERGVQGPPGPAGPR,518,535,1,1765.86009296928,2,1,Grammomys surdaster,Grammomys,Murinae,Muridae,Rodentia,17,100,40.67
705,GFPGERGVQGPPGPAGPR,518,535,1,1764.87607696928,2,0,Grammomys surdaster,Grammomys,Murinae,Muridae,Rodentia,17,100,28.1
706,GFPGERGVQGPPGPAGPR,518,535,1,1812.85852696928,5,0,Grammomys surdaster,Grammomys,Murinae,Muridae,Rodentia,17,100,0.43
707,GERGFPGER,515,523,1,1020.4849682971598,1,0,Grammomys surdaster,Grammomys,Murinae,Muridae,Rodentia,8,99,43.66
708,DGEAGAQGAPGPAGPAGER,451,469,0,1680.75645167264,1,0,Grammomys surdaster,Grammomys,Murinae,Muridae,Rodentia,18,93,95.44
709,DGEAGAQGAPGPAGPAGER,451,469,0,1664.76230167264,0,0,Grammomys surdaster,Grammomys,Murinae,Muridae,Rodentia,18,93,88.77
710,DGEAGAQGAPGPAGPAGER,451,469,0,1665.74631767264,0,1,Grammomys surdaster,Grammomys,Murinae,Muridae,Rodentia,18,93,78.12
711,DGEAGAQGAPGPAGPAGER,451,469,0,1681.74046767264,1,1,Grammomys surdaster,Grammomys,Murinae,Muridae,Rodentia,18,93,77.15
712,DGEAGAQGAPGPAGPAGER,451,469,0,1696.75060167264,2,0,Grammomys surdaster,Grammomys,Murinae,Muridae,Rodentia,18,93,10.66
713,DGEAGAQGAPGPAGPAGER,451,469,0,1697.73461767264,2,1,Grammomys surdaster,Grammomys,Murinae,Muridae,Rodentia,18,93,3.02
714,GVPGPPGAVGPAGKDGEAGAQGAPGPAGPAGER,437,469,1,2822.3808440802895,1,0,Grammomys surdaster,Grammomys,Murinae,Muridae,Rodentia,32,92,37.65
715,GVPGPPGAVGPAGKDGEAGAQGAPGPAGPAGER,437,469,1,2854.3691440802895,3,0,Grammomys surdaster,Grammomys,Murinae,Muridae,Rodentia,32,92,35.83
716,GVPGPPGAVGPAGKDGEAGAQGAPGPAGPAGER,437,469,1,2838.3749940802895,2,0,Grammomys surdaster,Grammomys,Murinae,Muridae,Rodentia,32,92,32.41
717,GVPGPPGAVGPAGKDGEAGAQGAPGPAGPAGER,437,469,1,2855.3531600802894,3,1,Grammomys surdaster,Grammomys,Murinae,Muridae,Rodentia,32,92,24.18
718,GVPGPPGAVGPAGKDGEAGAQGAPGPAGPAGER,437,469,1,2903.33561008029,6,1,Grammomys surdaster,Grammomys,Murinae,Muridae,Rodentia,32,92,5.85
719,GVPGPPGAVGPAGK,437,450,0,1192.63053355812,2,0,Grammomys surdaster,Grammomys,Murinae,Muridae,Rodentia,13,91,64.49
720,GVPGPPGAVGPAGK,437,450,0,1176.63638355812,1,0,Grammomys surdaster,Grammomys,Murinae,Muridae,Rodentia,13,91,43.51
721,GVPGPPGAVGPAGK,437,450,0,1160.64223355812,0,0,Grammomys surdaster,Grammomys,Murinae,Muridae,Rodentia,13,91,38.14
722,GVPGPPGAVGPAGK,437,450,0,1208.62468355812,3,0,Grammomys surdaster,Grammomys,Murinae,Muridae,Rodentia,13,91,6.75
723,AGERGVPGPPGAVGPAGK,433,450,1,1605.83281517497,2,0,Grammomys surdaster,Grammomys,Murinae,Muridae,Rodentia,17,89,34.39
724,AGERGVPGPPGAVGPAGK,433,450,1,1589.83866517497,1,0,Grammomys surdaster,Grammomys,Murinae,Muridae,Rodentia,17,89,8.33
725,GTAGEPGKAGER,425,436,1,1129.55962613297,0,0,Grammomys surdaster,Grammomys,Murinae,Muridae,Rodentia,11,87,47.95
726,GTAGEPGKAGER,425,436,1,1145.55377613297,1,0,Grammomys surdaster,Grammomys,Murinae,Muridae,Rodentia,11,87,37.67
727,GTAGEPGKAGER,425,436,1,1161.54792613297,2,0,Grammomys surdaster,Grammomys,Murinae,Muridae,Rodentia,11,87,3.04
728,GTAGEPGK,425,432,0,732.3514945161199,1,0,Grammomys surdaster,Grammomys,Murinae,Muridae,Rodentia,7,86,26.56
729,GQAGVMGFPGPKGTAGEPGK,413,432,1,1906.89329413906,4,0,Grammomys surdaster,Grammomys,Murinae,Muridae,Rodentia,19,84,40.01
730,GQAGVMGFPGPKGTAGEPGK,413,432,1,1890.89914413906,3,0,Grammomys surdaster,Grammomys,Murinae,Muridae,Rodentia,19,84,35.92
731,GQAGVMGFPGPKGTAGEPGK,413,432,1,1874.90499413906,2,0,Grammomys surdaster,Grammomys,Murinae,Muridae,Rodentia,19,84,32.89
732,GQAGVMGFPGPKGTAGEPGK,413,432,1,1891.88316013906,3,1,Grammomys surdaster,Grammomys,Murinae,Muridae,Rodentia,19,84,21.52
733,GQAGVMGFPGPKGTAGEPGK,413,432,1,1907.87731013906,4,1,Grammomys surdaster,Grammomys,Murinae,Muridae,Rodentia,19,84,17.8
734,GQAGVMGFPGPKGTAGEPGK,413,432,1,1875.88901013906,2,1,Grammomys surdaster,Grammomys,Murinae,Muridae,Rodentia,19,84,15.59
735,GQAGVMGFPGPKGTAGEPGK,413,432,1,1922.88744413906,5,0,Grammomys surdaster,Grammomys,Murinae,Muridae,Rodentia,19,84,4.17
736,GQAGVMGFPGPK,413,424,0,1177.56549077341,2,0,Grammomys surdaster,Grammomys,Murinae,Muridae,Rodentia,11,83,74.37
737,GQAGVMGFPGPK,413,424,0,1161.57134077341,1,0,Grammomys surdaster,Grammomys,Murinae,Muridae,Rodentia,11,83,71.65
738,GQAGVMGFPGPK,413,424,0,1178.54950677341,2,1,Grammomys surdaster,Grammomys,Murinae,Muridae,Rodentia,11,83,68.81
739,GQAGVMGFPGPK,413,424,0,1162.55535677341,1,1,Grammomys surdaster,Grammomys,Murinae,Muridae,Rodentia,11,83,64.82
740,GQAGVMGFPGPK,413,424,0,1193.55964077341,3,0,Grammomys surdaster,Grammomys,Murinae,Muridae,Rodentia,11,83,60.64
741,GQAGVMGFPGPK,413,424,0,1194.54365677341,3,1,Grammomys surdaster,Grammomys,Murinae,Muridae,Rodentia,11,83,51.35
742,GQAGVMGFPGPK,413,424,0,1145.57719077341,0,0,Grammomys surdaster,Grammomys,Murinae,Muridae,Rodentia,11,83,30.05
743,GQAGVMGFPGPK,413,424,0,1209.55379077341,4,0,Grammomys surdaster,Grammomys,Murinae,Muridae,Rodentia,11,83,18.68
744,GQAGVMGFPGPK,413,424,0,1210.53780677341,4,1,Grammomys surdaster,Grammomys,Murinae,Muridae,Rodentia,11,83,11.88
745,TGPPGPAGQDGRPGPAGPPGARGQAGVMGFPGPK,391,424,1,3173.5142961581996,5,0,Grammomys surdaster,Grammomys,Murinae,Muridae,Rodentia,33,79,3.86
746,TGPPGPAGQDGRPGPAGPPGARGQAGVMGFPGPK,391,424,1,3142.5100121581995,3,1,Grammomys surdaster,Grammomys,Murinae,Muridae,Rodentia,33,79,0.38
747,TGPPGPAGQDGRPGPAGPPGAR,391,412,0,2030.96079653526,4,0,Grammomys surdaster,Grammomys,Murinae,Muridae,Rodentia,21,78,48.62
748,TGPPGPAGQDGRPGPAGPPGAR,391,412,0,2015.95066253526,3,1,Grammomys surdaster,Grammomys,Murinae,Muridae,Rodentia,21,78,40.38
749,TGPPGPAGQDGRPGPAGPPGAR,391,412,0,2031.94481253526,4,1,Grammomys surdaster,Grammomys,Murinae,Muridae,Rodentia,21,78,40.2
750,TGPPGPAGQDGRPGPAGPPGAR,391,412,0,1998.97249653526,2,0,Grammomys surdaster,Grammomys,Murinae,Muridae,Rodentia,21,78,37.31
751,TGPPGPAGQDGRPGPAGPPGAR,391,412,0,2014.96664653526,3,0,Grammomys surdaster,Grammomys,Murinae,Muridae,Rodentia,21,78,36.53
752,TGPPGPAGQDGRPGPAGPPGAR,391,412,0,2046.95494653526,5,0,Grammomys surdaster,Grammomys,Murinae,Muridae,Rodentia,21,78,23.69
753,TGPPGPAGQDGRPGPAGPPGAR,391,412,0,1999.95651253526,2,1,Grammomys surdaster,Grammomys,Murinae,Muridae,Rodentia,21,78,16.32
754,TGPPGPAGQDGRPGPAGPPGAR,391,412,0,2047.93896253526,5,1,Grammomys surdaster,Grammomys,Murinae,Muridae,Rodentia,21,78,9.21
755,GLTGSPGSPGPDGKTGPPGPAGQDGRPGPAGPPGAR,377,412,1,3287.5105779765695,7,1,Grammomys surdaster,Grammomys,Murinae,Muridae,Rodentia,35,76,31.19
756,GLTGSPGSPGPDGKTGPPGPAGQDGRPGPAGPPGAR,377,412,1,3271.5164279765695,6,1,Grammomys surdaster,Grammomys,Murinae,Muridae,Rodentia,35,76,29.7
757,GLTGSPGSPGPDGKTGPPGPAGQDGRPGPAGPPGAR,377,412,1,3270.5324119765696,6,0,Grammomys surdaster,Grammomys,Murinae,Muridae,Rodentia,35,76,25.61
758,GLTGSPGSPGPDGK,377,390,0,1258.5894565917802,2,0,Grammomys surdaster,Grammomys,Murinae,Muridae,Rodentia,13,74,63.69
759,GLTGSPGSPGPDGK,377,390,0,1242.5953065917802,1,0,Grammomys surdaster,Grammomys,Murinae,Muridae,Rodentia,13,74,56.9
760,GLTGSPGSPGPDGK,377,390,0,1274.5836065917802,3,0,Grammomys surdaster,Grammomys,Murinae,Muridae,Rodentia,13,74,9.58
761,GSPGEAGRPGEAGLPGAKGLTGSPGSPGPDGK,359,390,1,2911.3618244108197,6,0,Grammomys surdaster,Grammomys,Murinae,Muridae,Rodentia,31,72,8.41
762,GSPGEAGRPGEAGLPGAK,359,376,0,1655.79605896951,3,0,Grammomys surdaster,Grammomys,Murinae,Muridae,Rodentia,17,71,74.94
763,GSPGEAGRPGEAGLPGAK,359,376,0,1639.80190896951,2,0,Grammomys surdaster,Grammomys,Murinae,Muridae,Rodentia,17,71,43.5
764,GSPGEAGRPGEAGLPGAK,359,376,0,1671.79020896951,4,0,Grammomys surdaster,Grammomys,Murinae,Muridae,Rodentia,17,71,14.64
765,GSPGPAGPKGSPGEAGRPGEAGLPGAK,350,376,1,2436.17114688075,5,0,Grammomys surdaster,Grammomys,Murinae,Muridae,Rodentia,26,69,26.57
766,GSPGPAGPKGSPGEAGRPGEAGLPGAK,350,376,1,2420.17699688075,4,0,Grammomys surdaster,Grammomys,Murinae,Muridae,Rodentia,26,69,13.17
767,GSPGPAGPK,350,358,0,783.3987790617099,1,0,Grammomys surdaster,Grammomys,Murinae,Muridae,Rodentia,8,68,26.96
768,GSPGPAGPK,350,358,0,799.3929290617099,2,0,Grammomys surdaster,Grammomys,Murinae,Muridae,Rodentia,8,68,19.31
769,GPAGERGSPGPAGPK,344,358,1,1350.67528824798,1,0,Grammomys surdaster,Grammomys,Murinae,Muridae,Rodentia,14,66,52.42
770,GPAGERGSPGPAGPK,344,358,1,1366.66943824798,2,0,Grammomys surdaster,Grammomys,Murinae,Muridae,Rodentia,14,66,18.8
771,GPAGERGSPGPAGPK,344,358,1,1334.68113824798,0,0,Grammomys surdaster,Grammomys,Murinae,Muridae,Rodentia,14,66,11.72
772,GPAGERGSPGPAGPK,344,358,1,1398.65773824798,4,0,Grammomys surdaster,Grammomys,Murinae,Muridae,Rodentia,14,66,1.31
773,GFPGADGVAGPKGPAGER,332,349,1,1655.81284434995,1,0,Grammomys surdaster,Grammomys,Murinae,Muridae,Rodentia,17,65,71.91
774,GFPGADGVAGPKGPAGER,332,349,1,1671.80699434995,2,0,Grammomys surdaster,Grammomys,Murinae,Muridae,Rodentia,17,65,37.79
775,GFPGADGVAGPK,332,343,0,1088.53633516368,1,0,Grammomys surdaster,Grammomys,Murinae,Muridae,Rodentia,11,64,66.75
776,GFPGADGVAGPK,332,343,0,1104.53048516368,2,0,Grammomys surdaster,Grammomys,Murinae,Muridae,Rodentia,11,64,36.4
777,GGPGSRGFPGADGVAGPK,326,343,1,1615.78077960211,2,0,Grammomys surdaster,Grammomys,Murinae,Muridae,Rodentia,17,63,46.11
778,GEPGPTGLPGPPGERGGPGSR,311,331,1,1992.93391308108,4,0,Grammomys surdaster,Grammomys,Murinae,Muridae,Rodentia,20,62,31.37
779,GEPGPTGLPGPPGERGGPGSR,311,331,1,1976.93976308108,3,0,Grammomys surdaster,Grammomys,Murinae,Muridae,Rodentia,20,62,17.26
780,GEPGPTGLPGPPGER,311,325,0,1465.68946864265,3,0,Grammomys surdaster,Grammomys,Murinae,Muridae,Rodentia,14,61,77.47
781,GEPGPTGLPGPPGER,311,325,0,1449.69531864265,2,0,Grammomys surdaster,Grammomys,Murinae,Muridae,Rodentia,14,61,51.69
782,GEPGPTGLPGPPGER,311,325,0,1481.68361864265,4,0,Grammomys surdaster,Grammomys,Murinae,Muridae,Rodentia,14,61,10.03
783,GARGEPGPTGLPGPPGER,308,325,1,1749.84915717153,3,0,Grammomys surdaster,Grammomys,Murinae,Muridae,Rodentia,17,58,44.67
784,GARGEPGPTGLPGPPGER,308,325,1,1733.85500717153,2,0,Grammomys surdaster,Grammomys,Murinae,Muridae,Rodentia,17,58,14.94
785,GEPGPAGVQGPPGPAGEEGKR,287,307,1,1975.94527872791,2,0,Grammomys surdaster,Grammomys,Murinae,Muridae,Rodentia,20,56,72.27
786,GEPGPAGVQGPPGPAGEEGKR,287,307,1,1976.92929472791,2,1,Grammomys surdaster,Grammomys,Murinae,Muridae,Rodentia,20,56,71.89
787,GEPGPAGVQGPPGPAGEEGKR,287,307,1,1959.95112872791,1,0,Grammomys surdaster,Grammomys,Murinae,Muridae,Rodentia,20,56,36.16
788,GEPGPAGVQGPPGPAGEEGKR,287,307,1,2008.91759472791,4,1,Grammomys surdaster,Grammomys,Murinae,Muridae,Rodentia,20,56,3.85
789,GEPGPAGVQGPPGPAGEEGKR,287,307,1,1960.93514472791,1,1,Grammomys surdaster,Grammomys,Murinae,Muridae,Rodentia,20,56,3.04
790,GEPGPAGVQGPPGPAGEEGK,287,306,0,1819.84416770431,2,0,Grammomys surdaster,Grammomys,Murinae,Muridae,Rodentia,19,55,87.25
791,GEPGPAGVQGPPGPAGEEGK,287,306,0,1803.85001770431,1,0,Grammomys surdaster,Grammomys,Murinae,Muridae,Rodentia,19,55,84.23
792,GEPGPAGVQGPPGPAGEEGK,287,306,0,1820.82818370431,2,1,Grammomys surdaster,Grammomys,Murinae,Muridae,Rodentia,19,55,65.73
793,GEPGPAGVQGPPGPAGEEGK,287,306,0,1804.83403370431,1,1,Grammomys surdaster,Grammomys,Murinae,Muridae,Rodentia,19,55,34.05
794,GDTGAKGEPGPAGVQGPPGPAGEEGK,281,306,1,2349.0937934363997,2,0,Grammomys surdaster,Grammomys,Murinae,Muridae,Rodentia,25,53,36.89
795,GDTGAKGEPGPAGVQGPPGPAGEEGK,281,306,1,2365.0879434363997,3,0,Grammomys surdaster,Grammomys,Murinae,Muridae,Rodentia,25,53,32.25
796,GDTGAKGEPGPAGVQGPPGPAGEEGK,281,306,1,2350.0778094363995,2,1,Grammomys surdaster,Grammomys,Murinae,Muridae,Rodentia,25,53,24.84
797,GNSGEPGAPGNKGDTGAK,269,286,1,1645.73970263577,2,0,Grammomys surdaster,Grammomys,Murinae,Muridae,Rodentia,17,51,62.22
798,GNSGEPGAPGNKGDTGAK,269,286,1,1661.73385263577,3,0,Grammomys surdaster,Grammomys,Murinae,Muridae,Rodentia,17,51,61.77
799,GNSGEPGAPGNKGDTGAK,269,286,1,1629.74555263577,1,0,Grammomys surdaster,Grammomys,Murinae,Muridae,Rodentia,17,51,17.86
800,GNSGEPGAPGNKGDTGAK,269,286,1,1646.7237186357702,2,1,Grammomys surdaster,Grammomys,Murinae,Muridae,Rodentia,17,51,10.56
801,GNSGEPGAPGNK,269,280,0,1100.49592690368,1,0,Grammomys surdaster,Grammomys,Murinae,Muridae,Rodentia,11,50,37.92
802,GNSGEPGAPGNK,269,280,0,1116.49007690368,2,0,Grammomys surdaster,Grammomys,Murinae,Muridae,Rodentia,11,50,36.94
803,GPSGPQGPSGAPGPKGNSGEPGAPGNK,254,280,1,2405.0940918633096,3,1,Grammomys surdaster,Grammomys,Murinae,Muridae,Rodentia,26,48,29.0
804,GPSGPQGPSGAPGPKGNSGEPGAPGNK,254,280,1,2404.1100758633097,3,0,Grammomys surdaster,Grammomys,Murinae,Muridae,Rodentia,26,48,25.86
805,GPSGPQGPSGAPGPKGNSGEPGAPGNK,254,280,1,2421.0882418633096,4,1,Grammomys surdaster,Grammomys,Murinae,Muridae,Rodentia,26,48,23.84
806,GPSGPQGPSGAPGPKGNSGEPGAPGNK,254,280,1,2420.1042258633097,4,0,Grammomys surdaster,Grammomys,Murinae,Muridae,Rodentia,26,48,14.86
807,GPSGPQGPSGAPGPKGNSGEPGAPGNK,254,280,1,2438.06640786331,5,2,Grammomys surdaster,Grammomys,Murinae,Muridae,Rodentia,26,48,5.67
808,GPSGPQGPSGAPGPKGNSGEPGAPGNK,254,280,1,2437.0823918633096,5,1,Grammomys surdaster,Grammomys,Murinae,Muridae,Rodentia,26,48,4.89
809,GPSGPQGPSGAPGPKGNSGEPGAPGNK,254,280,1,2373.1057918633096,1,1,Grammomys surdaster,Grammomys,Murinae,Muridae,Rodentia,26,48,2.68
810,GPSGPQGPSGAPGPK,254,268,0,1322.6319901101,2,0,Grammomys surdaster,Grammomys,Murinae,Muridae,Rodentia,14,47,86.17
811,GPSGPQGPSGAPGPK,254,268,0,1306.6378401101,1,0,Grammomys surdaster,Grammomys,Murinae,Muridae,Rodentia,14,47,85.7
812,GPSGPQGPSGAPGPK,254,268,0,1307.6218561101002,1,1,Grammomys surdaster,Grammomys,Murinae,Muridae,Rodentia,14,47,74.32
813,GPSGPQGPSGAPGPK,254,268,0,1323.6160061101002,2,1,Grammomys surdaster,Grammomys,Murinae,Muridae,Rodentia,14,47,69.44
814,GPSGPQGPSGAPGPK,254,268,0,1338.6261401101,3,0,Grammomys surdaster,Grammomys,Murinae,Muridae,Rodentia,14,47,68.22
815,GPSGPQGPSGAPGPK,254,268,0,1339.6101561101002,3,1,Grammomys surdaster,Grammomys,Murinae,Muridae,Rodentia,14,47,36.51
816,GPSGPQGPSGAPGPK,254,268,0,1355.6043061101002,4,1,Grammomys surdaster,Grammomys,Murinae,Muridae,Rodentia,14,47,5.53
817,GPSGPQGPSGAPGPK,254,268,0,1354.6202901101,4,0,Grammomys surdaster,Grammomys,Murinae,Muridae,Rodentia,14,47,5.2
818,GANGAPGIAGAPGFPGARGPSGPQGPSGAPGPK,236,268,1,2874.373465258479,4,1,Grammomys surdaster,Grammomys,Murinae,Muridae,Rodentia,32,45,17.08
819,GANGAPGIAGAPGFPGARGPSGPQGPSGAPGPK,236,268,1,2921.3718992584795,7,0,Grammomys surdaster,Grammomys,Murinae,Muridae,Rodentia,32,45,0.15
820,GANGAPGIAGAPGFPGAR,236,253,0,1586.75346629885,3,1,Grammomys surdaster,Grammomys,Murinae,Muridae,Rodentia,17,44,82.83
821,GANGAPGIAGAPGFPGAR,236,253,0,1585.76945029885,3,0,Grammomys surdaster,Grammomys,Murinae,Muridae,Rodentia,17,44,82.26
822,GANGAPGIAGAPGFPGAR,236,253,0,1569.77530029885,2,0,Grammomys surdaster,Grammomys,Murinae,Muridae,Rodentia,17,44,20.61
823,GANGAPGIAGAPGFPGAR,236,253,0,1570.75931629885,2,1,Grammomys surdaster,Grammomys,Murinae,Muridae,Rodentia,17,44,11.57
824,GEPGPPGPAGAAGPAGNPGADGQPGAKGANGAPGIAGAPGFPGAR,209,253,1,3884.7652895064098,7,2,Grammomys surdaster,Grammomys,Murinae,Muridae,Rodentia,44,43,39.93
825,GEPGPPGPAGAAGPAGNPGADGQPGAK,209,235,0,2316.0456483580297,4,0,Grammomys surdaster,Grammomys,Murinae,Muridae,Rodentia,26,42,66.19
826,GEPGPPGPAGAAGPAGNPGADGQPGAK,209,235,0,2317.0296643580295,4,1,Grammomys surdaster,Grammomys,Murinae,Muridae,Rodentia,26,42,63.43
827,GEPGPPGPAGAAGPAGNPGADGQPGAK,209,235,0,2332.0397983580297,5,0,Grammomys surdaster,Grammomys,Murinae,Muridae,Rodentia,26,42,54.14
828,GEPGPPGPAGAAGPAGNPGADGQPGAK,209,235,0,2333.0238143580295,5,1,Grammomys surdaster,Grammomys,Murinae,Muridae,Rodentia,26,42,44.93
829,GEPGPPGPAGAAGPAGNPGADGQPGAK,209,235,0,2348.0339483580296,6,0,Grammomys surdaster,Grammomys,Murinae,Muridae,Rodentia,26,42,35.96
830,GEPGPPGPAGAAGPAGNPGADGQPGAK,209,235,0,2301.0355143580296,3,1,Grammomys surdaster,Grammomys,Murinae,Muridae,Rodentia,26,42,35.32
831,GEPGPPGPAGAAGPAGNPGADGQPGAK,209,235,0,2300.0514983580297,3,0,Grammomys surdaster,Grammomys,Murinae,Muridae,Rodentia,26,42,34.9
832,GEPGPPGPAGAAGPAGNPGADGQPGAK,209,235,0,2318.01368035803,4,2,Grammomys surdaster,Grammomys,Murinae,Muridae,Rodentia,26,42,26.84
833,GEPGPPGPAGAAGPAGNPGADGQPGAK,209,235,0,2302.01953035803,3,2,Grammomys surdaster,Grammomys,Murinae,Muridae,Rodentia,26,42,14.53
834,GEPGPPGPAGAAGPAGNPGADGQPGAK,209,235,0,2284.0573483580297,2,0,Grammomys surdaster,Grammomys,Murinae,Muridae,Rodentia,26,42,1.42
835,GEPGPPGPAGAAGPAGNPGADGQPGAK,209,235,0,2285.0413643580296,2,1,Grammomys surdaster,Grammomys,Murinae,Muridae,Rodentia,26,42,0.73
836,GEPGPPGPAGAAGPAGNPGADGQPGAK,209,235,0,2334.00783035803,5,2,Grammomys surdaster,Grammomys,Murinae,Muridae,Rodentia,26,42,0.5
837,GSEGPQGVRGEPGPPGPAGAAGPAGNPGADGQPGAK,200,235,1,3184.4495433026996,4,1,Grammomys surdaster,Grammomys,Murinae,Muridae,Rodentia,35,41,53.77
838,GSEGPQGVRGEPGPPGPAGAAGPAGNPGADGQPGAK,200,235,1,3183.4655273026997,4,0,Grammomys surdaster,Grammomys,Murinae,Muridae,Rodentia,35,41,48.95
839,GSEGPQGVRGEPGPPGPAGAAGPAGNPGADGQPGAK,200,235,1,3199.4596773026997,5,0,Grammomys surdaster,Grammomys,Murinae,Muridae,Rodentia,35,41,44.35
840,GSEGPQGVRGEPGPPGPAGAAGPAGNPGADGQPGAK,200,235,1,3168.4553933026996,3,1,Grammomys surdaster,Grammomys,Murinae,Muridae,Rodentia,35,41,38.57
841,GSEGPQGVRGEPGPPGPAGAAGPAGNPGADGQPGAK,200,235,1,3170.4234253027,3,3,Grammomys surdaster,Grammomys,Murinae,Muridae,Rodentia,35,41,31.41
842,GSEGPQGVRGEPGPPGPAGAAGPAGNPGADGQPGAK,200,235,1,3167.4713773026997,3,0,Grammomys surdaster,Grammomys,Murinae,Muridae,Rodentia,35,41,28.05
843,GSEGPQGVRGEPGPPGPAGAAGPAGNPGADGQPGAK,200,235,1,3200.4436933026996,5,1,Grammomys surdaster,Grammomys,Murinae,Muridae,Rodentia,35,41,21.46
844,GSEGPQGVRGEPGPPGPAGAAGPAGNPGADGQPGAK,200,235,1,3169.4394093027,3,2,Grammomys surdaster,Grammomys,Murinae,Muridae,Rodentia,35,41,15.06
845,GSEGPQGVRGEPGPPGPAGAAGPAGNPGADGQPGAK,200,235,1,3185.4335593027,4,2,Grammomys surdaster,Grammomys,Murinae,Muridae,Rodentia,35,41,5.61
846,GSEGPQGVRGEPGPPGPAGAAGPAGNPGADGQPGAK,200,235,1,3201.4277093027,5,2,Grammomys surdaster,Grammomys,Murinae,Muridae,Rodentia,35,41,0.79
847,GSEGPQGVRGEPGPPGPAGAAGPAGNPGADGQPGAK,200,235,1,3153.4452593027,2,2,Grammomys surdaster,Grammomys,Murinae,Muridae,Rodentia,35,41,0.3
848,GSEGPQGVR,200,208,0,886.4377200951399,0,0,Grammomys surdaster,Grammomys,Murinae,Muridae,Rodentia,8,40,72.74
849,GSEGPQGVR,200,208,0,887.4217360951399,0,1,Grammomys surdaster,Grammomys,Murinae,Muridae,Rodentia,8,40,52.04
850,GEAGPQGARGSEGPQGVR,191,208,1,1709.83138429197,0,0,Grammomys surdaster,Grammomys,Murinae,Muridae,Rodentia,17,39,37.31
851,GEAGPQGARGSEGPQGVR,191,208,1,1710.81540029197,0,1,Grammomys surdaster,Grammomys,Murinae,Muridae,Rodentia,17,39,17.99
852,GEAGPQGARGSEGPQGVR,191,208,1,1726.80955029197,1,1,Grammomys surdaster,Grammomys,Murinae,Muridae,Rodentia,17,39,5.03
853,GEAGPQGAR,191,199,0,842.4115053472999,0,0,Grammomys surdaster,Grammomys,Murinae,Muridae,Rodentia,8,38,41.39
854,GEAGPQGAR,191,199,0,843.3955213472999,0,1,Grammomys surdaster,Grammomys,Murinae,Muridae,Rodentia,8,38,35.95
855,GNDGAVGAAGPPGPTGPTGPPGFPGAVGAKGEAGPQGAR,161,199,1,3416.607106573259,4,1,Grammomys surdaster,Grammomys,Murinae,Muridae,Rodentia,38,37,54.74
856,GNDGAVGAAGPPGPTGPTGPPGFPGAVGAKGEAGPQGAR,161,199,1,3400.6129565732595,3,1,Grammomys surdaster,Grammomys,Murinae,Muridae,Rodentia,38,37,44.01
857,GNDGAVGAAGPPGPTGPTGPPGFPGAVGAKGEAGPQGAR,161,199,1,3399.6289405732596,3,0,Grammomys surdaster,Grammomys,Murinae,Muridae,Rodentia,38,37,36.37
858,GNDGAVGAAGPPGPTGPTGPPGFPGAVGAKGEAGPQGAR,161,199,1,3415.6230905732596,4,0,Grammomys surdaster,Grammomys,Murinae,Muridae,Rodentia,38,37,30.19
859,GNDGAVGAAGPPGPTGPTGPPGFPGAVGAKGEAGPQGAR,161,199,1,3384.6188065732595,2,1,Grammomys surdaster,Grammomys,Murinae,Muridae,Rodentia,38,37,8.4
860,GNDGAVGAAGPPGPTGPTGPPGFPGAVGAKGEAGPQGAR,161,199,1,3465.57357257326,7,2,Grammomys surdaster,Grammomys,Murinae,Muridae,Rodentia,38,37,5.22
861,GNDGAVGAAGPPGPTGPTGPPGFPGAVGAKGEAGPQGAR,161,199,1,3447.6113905732595,6,0,Grammomys surdaster,Grammomys,Murinae,Muridae,Rodentia,38,37,1.65
862,GNDGAVGAAGPPGPTGPTGPPGFPGAVGAK,161,190,0,2592.2294263764297,4,0,Grammomys surdaster,Grammomys,Murinae,Muridae,Rodentia,29,36,73.36
863,GNDGAVGAAGPPGPTGPTGPPGFPGAVGAK,161,190,0,2560.2411263764297,2,0,Grammomys surdaster,Grammomys,Murinae,Muridae,Rodentia,29,36,66.72
864,GNDGAVGAAGPPGPTGPTGPPGFPGAVGAK,161,190,0,2576.2352763764297,3,0,Grammomys surdaster,Grammomys,Murinae,Muridae,Rodentia,29,36,64.65
865,GNDGAVGAAGPPGPTGPTGPPGFPGAVGAK,161,190,0,2577.2192923764296,3,1,Grammomys surdaster,Grammomys,Murinae,Muridae,Rodentia,29,36,60.37
866,GNDGAVGAAGPPGPTGPTGPPGFPGAVGAK,161,190,0,2593.2134423764296,4,1,Grammomys surdaster,Grammomys,Murinae,Muridae,Rodentia,29,36,59.19
867,GNDGAVGAAGPPGPTGPTGPPGFPGAVGAK,161,190,0,2544.2469763764298,1,0,Grammomys surdaster,Grammomys,Murinae,Muridae,Rodentia,29,36,27.59
868,GNDGAVGAAGPPGPTGPTGPPGFPGAVGAK,161,190,0,2561.2251423764296,2,1,Grammomys surdaster,Grammomys,Murinae,Muridae,Rodentia,29,36,25.01
869,GRPGPPGTAGARGNDGAVGAAGPPGPTGPTGPPGFPGAVGAK,149,190,1,3683.7758668902898,5,1,Grammomys surdaster,Grammomys,Murinae,Muridae,Rodentia,41,34,24.23
870,GRPGPPGTAGAR,149,160,0,1125.57441566433,2,0,Grammomys surdaster,Grammomys,Murinae,Muridae,Rodentia,11,33,54.71
871,GRPGPPGTAGAR,149,160,0,1109.58026566433,1,0,Grammomys surdaster,Grammomys,Murinae,Muridae,Rodentia,11,33,35.46
872,GRPGPPGTAGAR,149,160,0,1141.56856566433,3,0,Grammomys surdaster,Grammomys,Murinae,Muridae,Rodentia,11,33,25.12
873,GLPGERGRPGPPGTAGAR,143,160,1,1734.89787504302,2,0,Grammomys surdaster,Grammomys,Murinae,Muridae,Rodentia,17,31,28.48
874,GLPGERGRPGPPGTAGAR,143,160,1,1750.89202504302,3,0,Grammomys surdaster,Grammomys,Murinae,Muridae,Rodentia,17,31,23.09
875,GEPGSPGENGAPGQMGPRGLPGER,125,148,1,2352.0610174959097,3,0,Grammomys surdaster,Grammomys,Murinae,Muridae,Rodentia,23,29,1.4
876,GEPGSPGENGAPGQMGPR,125,142,0,1742.73755811722,3,0,Grammomys surdaster,Grammomys,Murinae,Muridae,Rodentia,17,28,90.41
877,GEPGSPGENGAPGQMGPR,125,142,0,1743.72157411722,3,1,Grammomys surdaster,Grammomys,Murinae,Muridae,Rodentia,17,28,88.08
878,GEPGSPGENGAPGQMGPR,125,142,0,1759.71572411722,4,1,Grammomys surdaster,Grammomys,Murinae,Muridae,Rodentia,17,28,84.32
879,GEPGSPGENGAPGQMGPR,125,142,0,1744.70559011722,3,2,Grammomys surdaster,Grammomys,Murinae,Muridae,Rodentia,17,28,79.02
880,GEPGSPGENGAPGQMGPR,125,142,0,1758.73170811722,4,0,Grammomys surdaster,Grammomys,Murinae,Muridae,Rodentia,17,28,73.58
881,GEPGSPGENGAPGQMGPR,125,142,0,1760.69974011722,4,2,Grammomys surdaster,Grammomys,Murinae,Muridae,Rodentia,17,28,69.52
882,GEPGSPGENGAPGQMGPR,125,142,0,1774.72585811722,5,0,Grammomys surdaster,Grammomys,Murinae,Muridae,Rodentia,17,28,61.0
883,GEPGSPGENGAPGQMGPR,125,142,0,1727.7274241172202,2,1,Grammomys surdaster,Grammomys,Murinae,Muridae,Rodentia,17,28,32.02
884,GEPGSPGENGAPGQMGPR,125,142,0,1775.70987411722,5,1,Grammomys surdaster,Grammomys,Murinae,Muridae,Rodentia,17,28,29.97
885,GEPGSPGENGAPGQMGPR,125,142,0,1726.74340811722,2,0,Grammomys surdaster,Grammomys,Murinae,Muridae,Rodentia,17,28,4.74
886,GEPGSPGENGAPGQMGPR,125,142,0,1728.71144011722,2,2,Grammomys surdaster,Grammomys,Murinae,Muridae,Rodentia,17,28,4.0
887,GEPGSPGENGAPGQMGPR,125,142,0,1711.7332741172202,1,1,Grammomys surdaster,Grammomys,Murinae,Muridae,Rodentia,17,28,2.49
888,GDAGPAGPKGEPGSPGENGAPGQMGPR,116,142,1,2494.0876265838797,3,1,Grammomys surdaster,Grammomys,Murinae,Muridae,Rodentia,26,26,63.16
889,GDAGPAGPKGEPGSPGENGAPGQMGPR,116,142,1,2509.09776058388,4,0,Grammomys surdaster,Grammomys,Murinae,Muridae,Rodentia,26,26,51.41
890,GDAGPAGPKGEPGSPGENGAPGQMGPR,116,142,1,2526.0759265838797,5,1,Grammomys surdaster,Grammomys,Murinae,Muridae,Rodentia,26,26,49.61
891,GDAGPAGPKGEPGSPGENGAPGQMGPR,116,142,1,2510.0817765838797,4,1,Grammomys surdaster,Grammomys,Murinae,Muridae,Rodentia,26,26,46.32
892,GDAGPAGPKGEPGSPGENGAPGQMGPR,116,142,1,2493.10361058388,3,0,Grammomys surdaster,Grammomys,Murinae,Muridae,Rodentia,26,26,46.3
893,GDAGPAGPKGEPGSPGENGAPGQMGPR,116,142,1,2525.09191058388,5,0,Grammomys surdaster,Grammomys,Murinae,Muridae,Rodentia,26,26,39.95
894,GDAGPAGPKGEPGSPGENGAPGQMGPR,116,142,1,2527.05994258388,5,2,Grammomys surdaster,Grammomys,Murinae,Muridae,Rodentia,26,26,37.04
895,GDAGPAGPKGEPGSPGENGAPGQMGPR,116,142,1,2511.06579258388,4,2,Grammomys surdaster,Grammomys,Murinae,Muridae,Rodentia,26,26,35.95
896,GDAGPAGPKGEPGSPGENGAPGQMGPR,116,142,1,2495.07164258388,3,2,Grammomys surdaster,Grammomys,Murinae,Muridae,Rodentia,26,26,33.77
897,GDAGPAGPKGEPGSPGENGAPGQMGPR,116,142,1,2542.0700765838797,6,1,Grammomys surdaster,Grammomys,Murinae,Muridae,Rodentia,26,26,22.52
898,GDAGPAGPKGEPGSPGENGAPGQMGPR,116,142,1,2477.10946058388,2,0,Grammomys surdaster,Grammomys,Murinae,Muridae,Rodentia,26,26,1.76
899,GDAGPAGPK,116,124,0,769.38389361713,0,0,Grammomys surdaster,Grammomys,Murinae,Muridae,Rodentia,8,25,24.78
900,GDAGPAGPK,116,124,0,801.3721936171299,2,0,Grammomys surdaster,Grammomys,Murinae,Muridae,Rodentia,8,25,10.48
901,GDAGPAGPK,116,124,0,785.37804361713,1,0,Grammomys surdaster,Grammomys,Murinae,Muridae,Rodentia,8,25,6.9
902,GFSGLDGAKGDAGPAGPK,107,124,1,1617.78596089577,1,0,Grammomys surdaster,Grammomys,Murinae,Muridae,Rodentia,17,23,79.88
903,GFSGLDGAKGDAGPAGPK,107,124,1,1601.79181089577,0,0,Grammomys surdaster,Grammomys,Murinae,Muridae,Rodentia,17,23,78.62
904,GFSGLDGAK,107,115,0,867.4199084291099,1,0,Grammomys surdaster,Grammomys,Murinae,Muridae,Rodentia,8,22,46.11
905,GFSGLDGAK,107,115,0,851.4257584291099,0,0,Grammomys surdaster,Grammomys,Murinae,Muridae,Rodentia,8,22,41.79
906,GHRGFSGLDGAK,104,115,1,1201.60724503173,0,0,Grammomys surdaster,Grammomys,Murinae,Muridae,Rodentia,11,21,48.14
907,GLPGTAGLPGMKGHR,92,106,1,1512.75567846744,4,0,Grammomys surdaster,Grammomys,Murinae,Muridae,Rodentia,14,20,9.47
908,GLPGTAGLPGMKGHR,92,106,1,1496.76152846744,3,0,Grammomys surdaster,Grammomys,Murinae,Muridae,Rodentia,14,20,8.18
909,GLPGTAGLPGMK,92,103,0,1130.58589186482,2,0,Grammomys surdaster,Grammomys,Murinae,Muridae,Rodentia,11,19,50.66
910,GLPGTAGLPGMK,92,103,0,1146.58004186482,3,0,Grammomys surdaster,Grammomys,Murinae,Muridae,Rodentia,11,19,37.56
911,GLPGTAGLPGMK,92,103,0,1162.57419186482,4,0,Grammomys surdaster,Grammomys,Murinae,Muridae,Rodentia,11,19,22.27
912,GPPGPQGARGLPGTAGLPGMK,83,103,1,1980.9776928866704,4,1,Grammomys surdaster,Grammomys,Murinae,Muridae,Rodentia,20,17,5.71
913,GPPGPQGARGLPGTAGLPGMK,83,103,1,1932.01122688667,1,0,Grammomys surdaster,Grammomys,Murinae,Muridae,Rodentia,20,17,4.55
914,GPPGPQGAR,83,91,0,852.4314761723199,1,0,Grammomys surdaster,Grammomys,Murinae,Muridae,Rodentia,8,16,39.1
915,GPPGPQGAR,83,91,0,853.4154921723199,1,1,Grammomys surdaster,Grammomys,Murinae,Muridae,Rodentia,8,16,30.08
916,GPPGPQGAR,83,91,0,884.4197761723199,3,0,Grammomys surdaster,Grammomys,Murinae,Muridae,Rodentia,8,16,14.66
917,GPPGPQGAR,83,91,0,836.4373261723199,0,0,Grammomys surdaster,Grammomys,Murinae,Muridae,Rodentia,8,16,1.92
918,GPPGPQGAR,83,91,0,868.4256261723199,2,0,Grammomys surdaster,Grammomys,Murinae,Muridae,Rodentia,8,16,1.67
919,NGDDGEAGKPGRPGER,67,82,0,1627.74113596167,1,0,Grammomys surdaster,Grammomys,Murinae,Muridae,Rodentia,15,10,45.54
920,NGDDGEAGKPGRPGER,67,82,0,1628.72515196167,1,1,Grammomys surdaster,Grammomys,Murinae,Muridae,Rodentia,15,10,41.7
921,NGDDGEAGKPGRPGER,67,82,0,1644.71930196167,2,1,Grammomys surdaster,Grammomys,Murinae,Muridae,Rodentia,15,10,31.64
922,NGDDGEAGKPGRPGER,67,82,0,1643.73528596167,2,0,Grammomys surdaster,Grammomys,Murinae,Muridae,Rodentia,15,10,27.09
923,GPPGPPGK,59,66,0,738.37655072158,2,0,Grammomys surdaster,Grammomys,Murinae,Muridae,Rodentia,7,8,42.83
924,GPPGPPGK,59,66,0,754.37070072158,3,0,Grammomys surdaster,Grammomys,Murinae,Muridae,Rodentia,7,8,9.31
925,GPPGPPGK,59,66,0,722.38240072158,1,0,Grammomys surdaster,Grammomys,Murinae,Muridae,Rodentia,7,8,7.47
926,GLPGPPGAPGPQGFQGPPGEPGEPGASGPMGPRGPPGPPGK,26,66,1,3835.7547749721,9,0,Grammomys surdaster,Grammomys,Murinae,Muridae,Rodentia,40,7,9.73
927,GLPGPPGAPGPQGFQGPPGEPGEPGASGPMGPRGPPGPPGK,26,66,1,3773.7462069721,5,2,Grammomys surdaster,Grammomys,Murinae,Muridae,Rodentia,40,7,3.11
928,GLPGPPGAPGPQGFQGPPGEPGEPGASGPMGPRGPPGPPGK,26,66,1,3787.7723249721,6,0,Grammomys surdaster,Grammomys,Murinae,Muridae,Rodentia,40,7,1.75
929,GLPGPPGAPGPQGFQGPPGEPGEPGASGPMGPR,26,58,0,3132.3902154009897,8,0,Grammomys surdaster,Grammomys,Murinae,Muridae,Rodentia,32,6,25.15
930,GLPGPPGAPGPQGFQGPPGEPGEPGASGPMGPR,26,58,0,3116.3960654009898,7,0,Grammomys surdaster,Grammomys,Murinae,Muridae,Rodentia,32,6,23.88
931,GLPGPPGAPGPQGFQGPPGEPGEPGASGPMGPR,26,58,0,3100.4019154009898,6,0,Grammomys surdaster,Grammomys,Murinae,Muridae,Rodentia,32,6,23.18
932,GLPGPPGAPGPQGFQGPPGEPGEPGASGPMGPR,26,58,0,3084.40776540099,5,0,Grammomys surdaster,Grammomys,Murinae,Muridae,Rodentia,32,6,19.61
933,GLPGPPGAPGPQGFQGPPGEPGEPGASGPMGPR,26,58,0,3101.3859314009896,6,1,Grammomys surdaster,Grammomys,Murinae,Muridae,Rodentia,32,6,19.6
934,GLPGPPGAPGPQGFQGPPGEPGEPGASGPMGPR,26,58,0,3068.41361540099,4,0,Grammomys surdaster,Grammomys,Murinae,Muridae,Rodentia,32,6,19.42
935,GLPGPPGAPGPQGFQGPPGEPGEPGASGPMGPR,26,58,0,3085.3917814009897,5,1,Grammomys surdaster,Grammomys,Murinae,Muridae,Rodentia,32,6,15.91
936,GLPGPPGAPGPQGFQGPPGEPGEPGASGPMGPR,26,58,0,3133.3742314009896,8,1,Grammomys surdaster,Grammomys,Murinae,Muridae,Rodentia,32,6,15.67
937,GLPGPPGAPGPQGFQGPPGEPGEPGASGPMGPR,26,58,0,3117.3800814009896,7,1,Grammomys surdaster,Grammomys,Murinae,Muridae,Rodentia,32,6,11.46
938,GLPGPPGAPGPQGFQGPPGEPGEPGASGPMGPR,26,58,0,3118.36409740099,7,2,Grammomys surdaster,Grammomys,Murinae,Muridae,Rodentia,32,6,10.05
939,GLPGPPGAPGPQGFQGPPGEPGEPGASGPMGPR,26,58,0,3052.41946540099,3,0,Grammomys surdaster,Grammomys,Murinae,Muridae,Rodentia,32,6,8.05
940,GLPGPPGAPGPQGFQGPPGEPGEPGASGPMGPR,26,58,0,3102.36994740099,6,2,Grammomys surdaster,Grammomys,Murinae,Muridae,Rodentia,32,6,5.98
941,GLPGPPGAPGPQGFQGPPGEPGEPGASGPMGPR,26,58,0,3165.3625314009896,10,1,Grammomys surdaster,Grammomys,Murinae,Muridae,Rodentia,32,6,3.27
942,GLPGPPGAPGPQGFQGPPGEPGEPGASGPMGPR,26,58,0,3037.4093314009897,2,1,Grammomys surdaster,Grammomys,Murinae,Muridae,Rodentia,32,6,0.11
943,SAGVSMPGPMGPSGPR,10,25,0,1500.69259518824,1,0,Grammomys surdaster,Grammomys,Murinae,Muridae,Rodentia,15,4,52.58
944,SAGVSMPGPMGPSGPR,10,25,0,1484.6984451882402,0,0,Grammomys surdaster,Grammomys,Murinae,Muridae,Rodentia,15,4,45.79
945,SAGVSMPGPMGPSGPR,10,25,0,1516.68674518824,2,0,Grammomys surdaster,Grammomys,Murinae,Muridae,Rodentia,15,4,38.58
946,SAGVSMPGPMGPSGPR,10,25,0,1532.68089518824,3,0,Grammomys surdaster,Grammomys,Murinae,Muridae,Rodentia,15,4,13.87
947,QMSYGYDEKSAGVSMPGPMGPSGPR,1,25,1,2618.13045592225,2,0,Grammomys surdaster,Grammomys,Murinae,Muridae,Rodentia,24,2,3.72
948,QMSYGYDEK,1,9,0,1120.46155188448,0,0,Grammomys surdaster,Grammomys,Murinae,Muridae,Rodentia,8,1,41.74
949,QMSYGYDEK,1,9,0,1136.45570188448,1,0,Grammomys surdaster,Grammomys,Murinae,Muridae,Rodentia,8,1,38.97
