,seq,seq_start,seq_end,missed_cleaves,mass1,nhyd,ndeam,species,genus,subfamily,family,order
0,QMSYGYDEK,1,9,0,1120.46155188448,0,0,Tupaia chinensis,Tupaia,,Tupaiidae,Scandentia
1,QMSYGYDEK,1,9,0,1121.4455678844802,0,1,Tupaia chinensis,Tupaia,,Tupaiidae,Scandentia
2,QMSYGYDEK,1,9,0,1136.45570188448,1,0,Tupaia chinensis,Tupaia,,Tupaiidae,Scandentia
3,QMSYGYDEK,1,9,0,1137.4397178844802,1,1,Tupaia chinensis,Tupaia,,Tupaiidae,Scandentia
4,QMSYGYDEK,1,9,0,1152.44985188448,2,0,Tupaia chinensis,Tupaia,,Tupaiidae,Scandentia
5,QMSYGYDEK,1,9,0,1153.4338678844802,2,1,Tupaia chinensis,Tupaia,,Tupaiidae,Scandentia
6,QMSYGYDEKSGGGISVPGPMGPSGPR,1,26,1,2611.1915486428197,0,0,Tupaia chinensis,Tupaia,,Tupaiidae,Scandentia
7,QMSYGYDEKSGGGISVPGPMGPSGPR,1,26,1,2612.1755646428196,0,1,Tupaia chinensis,Tupaia,,Tupaiidae,Scandentia
8,QMSYGYDEKSGGGISVPGPMGPSGPR,1,26,1,2627.1856986428197,1,0,Tupaia chinensis,Tupaia,,Tupaiidae,Scandentia
9,QMSYGYDEKSGGGISVPGPMGPSGPR,1,26,1,2628.1697146428196,1,1,Tupaia chinensis,Tupaia,,Tupaiidae,Scandentia
10,QMSYGYDEKSGGGISVPGPMGPSGPR,1,26,1,2643.1798486428197,2,0,Tupaia chinensis,Tupaia,,Tupaiidae,Scandentia
11,QMSYGYDEKSGGGISVPGPMGPSGPR,1,26,1,2644.1638646428196,2,1,Tupaia chinensis,Tupaia,,Tupaiidae,Scandentia
12,QMSYGYDEKSGGGISVPGPMGPSGPR,1,26,1,2659.1739986428197,3,0,Tupaia chinensis,Tupaia,,Tupaiidae,Scandentia
13,QMSYGYDEKSGGGISVPGPMGPSGPR,1,26,1,2660.1580146428196,3,1,Tupaia chinensis,Tupaia,,Tupaiidae,Scandentia
14,QMSYGYDEKSGGGISVPGPMGPSGPR,1,26,1,2675.1681486428197,4,0,Tupaia chinensis,Tupaia,,Tupaiidae,Scandentia
15,QMSYGYDEKSGGGISVPGPMGPSGPR,1,26,1,2676.1521646428196,4,1,Tupaia chinensis,Tupaia,,Tupaiidae,Scandentia
16,QMSYGYDEKSGGGISVPGPMGPSGPR,1,26,1,2691.1622986428197,5,0,Tupaia chinensis,Tupaia,,Tupaiidae,Scandentia
17,QMSYGYDEKSGGGISVPGPMGPSGPR,1,26,1,2692.1463146428196,5,1,Tupaia chinensis,Tupaia,,Tupaiidae,Scandentia
18,QMSYGYDEKSGGGISVPGPMGPSGPR,1,26,1,2707.1564486428197,6,0,Tupaia chinensis,Tupaia,,Tupaiidae,Scandentia
19,QMSYGYDEKSGGGISVPGPMGPSGPR,1,26,1,2708.1404646428196,6,1,Tupaia chinensis,Tupaia,,Tupaiidae,Scandentia
20,QMSYGYDEKSGGGISVPGPMGPSGPR,1,26,1,2723.1505986428197,7,0,Tupaia chinensis,Tupaia,,Tupaiidae,Scandentia
21,QMSYGYDEKSGGGISVPGPMGPSGPR,1,26,1,2724.1346146428195,7,1,Tupaia chinensis,Tupaia,,Tupaiidae,Scandentia
22,SGGGISVPGPMGPSGPR,10,26,0,1509.74783790881,0,0,Tupaia chinensis,Tupaia,,Tupaiidae,Scandentia
23,SGGGISVPGPMGPSGPR,10,26,0,1525.74198790881,1,0,Tupaia chinensis,Tupaia,,Tupaiidae,Scandentia
24,SGGGISVPGPMGPSGPR,10,26,0,1541.73613790881,2,0,Tupaia chinensis,Tupaia,,Tupaiidae,Scandentia
25,SGGGISVPGPMGPSGPR,10,26,0,1557.73028790881,3,0,Tupaia chinensis,Tupaia,,Tupaiidae,Scandentia
26,SGGGISVPGPMGPSGPR,10,26,0,1573.72443790881,4,0,Tupaia chinensis,Tupaia,,Tupaiidae,Scandentia
27,SGGGISVPGPMGPSGPR,10,26,0,1589.71858790881,5,0,Tupaia chinensis,Tupaia,,Tupaiidae,Scandentia
28,SGGGISVPGPMGPSGPRGLPGPPGAPGPQGFQGPPGEPGEPGASGPMGPR,10,59,1,4495.167012159331,0,0,Tupaia chinensis,Tupaia,,Tupaiidae,Scandentia
29,SGGGISVPGPMGPSGPRGLPGPPGAPGPQGFQGPPGEPGEPGASGPMGPR,10,59,1,4496.151028159331,0,1,Tupaia chinensis,Tupaia,,Tupaiidae,Scandentia
30,SGGGISVPGPMGPSGPRGLPGPPGAPGPQGFQGPPGEPGEPGASGPMGPR,10,59,1,4497.13504415933,0,2,Tupaia chinensis,Tupaia,,Tupaiidae,Scandentia
31,SGGGISVPGPMGPSGPRGLPGPPGAPGPQGFQGPPGEPGEPGASGPMGPR,10,59,1,4511.161162159331,1,0,Tupaia chinensis,Tupaia,,Tupaiidae,Scandentia
32,SGGGISVPGPMGPSGPRGLPGPPGAPGPQGFQGPPGEPGEPGASGPMGPR,10,59,1,4512.145178159331,1,1,Tupaia chinensis,Tupaia,,Tupaiidae,Scandentia
33,SGGGISVPGPMGPSGPRGLPGPPGAPGPQGFQGPPGEPGEPGASGPMGPR,10,59,1,4513.129194159331,1,2,Tupaia chinensis,Tupaia,,Tupaiidae,Scandentia
34,SGGGISVPGPMGPSGPRGLPGPPGAPGPQGFQGPPGEPGEPGASGPMGPR,10,59,1,4527.155312159331,2,0,Tupaia chinensis,Tupaia,,Tupaiidae,Scandentia
35,SGGGISVPGPMGPSGPRGLPGPPGAPGPQGFQGPPGEPGEPGASGPMGPR,10,59,1,4528.139328159331,2,1,Tupaia chinensis,Tupaia,,Tupaiidae,Scandentia
36,SGGGISVPGPMGPSGPRGLPGPPGAPGPQGFQGPPGEPGEPGASGPMGPR,10,59,1,4529.12334415933,2,2,Tupaia chinensis,Tupaia,,Tupaiidae,Scandentia
37,SGGGISVPGPMGPSGPRGLPGPPGAPGPQGFQGPPGEPGEPGASGPMGPR,10,59,1,4543.149462159331,3,0,Tupaia chinensis,Tupaia,,Tupaiidae,Scandentia
38,SGGGISVPGPMGPSGPRGLPGPPGAPGPQGFQGPPGEPGEPGASGPMGPR,10,59,1,4544.133478159331,3,1,Tupaia chinensis,Tupaia,,Tupaiidae,Scandentia
39,SGGGISVPGPMGPSGPRGLPGPPGAPGPQGFQGPPGEPGEPGASGPMGPR,10,59,1,4545.117494159331,3,2,Tupaia chinensis,Tupaia,,Tupaiidae,Scandentia
40,SGGGISVPGPMGPSGPRGLPGPPGAPGPQGFQGPPGEPGEPGASGPMGPR,10,59,1,4559.143612159331,4,0,Tupaia chinensis,Tupaia,,Tupaiidae,Scandentia
41,SGGGISVPGPMGPSGPRGLPGPPGAPGPQGFQGPPGEPGEPGASGPMGPR,10,59,1,4560.127628159331,4,1,Tupaia chinensis,Tupaia,,Tupaiidae,Scandentia
42,SGGGISVPGPMGPSGPRGLPGPPGAPGPQGFQGPPGEPGEPGASGPMGPR,10,59,1,4561.11164415933,4,2,Tupaia chinensis,Tupaia,,Tupaiidae,Scandentia
43,SGGGISVPGPMGPSGPRGLPGPPGAPGPQGFQGPPGEPGEPGASGPMGPR,10,59,1,4575.137762159331,5,0,Tupaia chinensis,Tupaia,,Tupaiidae,Scandentia
44,SGGGISVPGPMGPSGPRGLPGPPGAPGPQGFQGPPGEPGEPGASGPMGPR,10,59,1,4576.121778159331,5,1,Tupaia chinensis,Tupaia,,Tupaiidae,Scandentia
45,SGGGISVPGPMGPSGPRGLPGPPGAPGPQGFQGPPGEPGEPGASGPMGPR,10,59,1,4577.105794159331,5,2,Tupaia chinensis,Tupaia,,Tupaiidae,Scandentia
46,SGGGISVPGPMGPSGPRGLPGPPGAPGPQGFQGPPGEPGEPGASGPMGPR,10,59,1,4591.131912159331,6,0,Tupaia chinensis,Tupaia,,Tupaiidae,Scandentia
47,SGGGISVPGPMGPSGPRGLPGPPGAPGPQGFQGPPGEPGEPGASGPMGPR,10,59,1,4592.115928159331,6,1,Tupaia chinensis,Tupaia,,Tupaiidae,Scandentia
48,SGGGISVPGPMGPSGPRGLPGPPGAPGPQGFQGPPGEPGEPGASGPMGPR,10,59,1,4593.09994415933,6,2,Tupaia chinensis,Tupaia,,Tupaiidae,Scandentia
49,SGGGISVPGPMGPSGPRGLPGPPGAPGPQGFQGPPGEPGEPGASGPMGPR,10,59,1,4607.126062159331,7,0,Tupaia chinensis,Tupaia,,Tupaiidae,Scandentia
50,SGGGISVPGPMGPSGPRGLPGPPGAPGPQGFQGPPGEPGEPGASGPMGPR,10,59,1,4608.110078159331,7,1,Tupaia chinensis,Tupaia,,Tupaiidae,Scandentia
51,SGGGISVPGPMGPSGPRGLPGPPGAPGPQGFQGPPGEPGEPGASGPMGPR,10,59,1,4609.094094159331,7,2,Tupaia chinensis,Tupaia,,Tupaiidae,Scandentia
52,SGGGISVPGPMGPSGPRGLPGPPGAPGPQGFQGPPGEPGEPGASGPMGPR,10,59,1,4623.120212159331,8,0,Tupaia chinensis,Tupaia,,Tupaiidae,Scandentia
53,SGGGISVPGPMGPSGPRGLPGPPGAPGPQGFQGPPGEPGEPGASGPMGPR,10,59,1,4624.104228159331,8,1,Tupaia chinensis,Tupaia,,Tupaiidae,Scandentia
54,SGGGISVPGPMGPSGPRGLPGPPGAPGPQGFQGPPGEPGEPGASGPMGPR,10,59,1,4625.08824415933,8,2,Tupaia chinensis,Tupaia,,Tupaiidae,Scandentia
55,SGGGISVPGPMGPSGPRGLPGPPGAPGPQGFQGPPGEPGEPGASGPMGPR,10,59,1,4639.114362159331,9,0,Tupaia chinensis,Tupaia,,Tupaiidae,Scandentia
56,SGGGISVPGPMGPSGPRGLPGPPGAPGPQGFQGPPGEPGEPGASGPMGPR,10,59,1,4640.098378159331,9,1,Tupaia chinensis,Tupaia,,Tupaiidae,Scandentia
57,SGGGISVPGPMGPSGPRGLPGPPGAPGPQGFQGPPGEPGEPGASGPMGPR,10,59,1,4641.082394159331,9,2,Tupaia chinensis,Tupaia,,Tupaiidae,Scandentia
58,SGGGISVPGPMGPSGPRGLPGPPGAPGPQGFQGPPGEPGEPGASGPMGPR,10,59,1,4655.1085121593305,10,0,Tupaia chinensis,Tupaia,,Tupaiidae,Scandentia
59,SGGGISVPGPMGPSGPRGLPGPPGAPGPQGFQGPPGEPGEPGASGPMGPR,10,59,1,4656.092528159331,10,1,Tupaia chinensis,Tupaia,,Tupaiidae,Scandentia
60,SGGGISVPGPMGPSGPRGLPGPPGAPGPQGFQGPPGEPGEPGASGPMGPR,10,59,1,4657.07654415933,10,2,Tupaia chinensis,Tupaia,,Tupaiidae,Scandentia
61,SGGGISVPGPMGPSGPRGLPGPPGAPGPQGFQGPPGEPGEPGASGPMGPR,10,59,1,4671.102662159331,11,0,Tupaia chinensis,Tupaia,,Tupaiidae,Scandentia
62,SGGGISVPGPMGPSGPRGLPGPPGAPGPQGFQGPPGEPGEPGASGPMGPR,10,59,1,4672.086678159331,11,1,Tupaia chinensis,Tupaia,,Tupaiidae,Scandentia
63,SGGGISVPGPMGPSGPRGLPGPPGAPGPQGFQGPPGEPGEPGASGPMGPR,10,59,1,4673.070694159331,11,2,Tupaia chinensis,Tupaia,,Tupaiidae,Scandentia
64,SGGGISVPGPMGPSGPRGLPGPPGAPGPQGFQGPPGEPGEPGASGPMGPR,10,59,1,4687.0968121593305,12,0,Tupaia chinensis,Tupaia,,Tupaiidae,Scandentia
65,SGGGISVPGPMGPSGPRGLPGPPGAPGPQGFQGPPGEPGEPGASGPMGPR,10,59,1,4688.080828159331,12,1,Tupaia chinensis,Tupaia,,Tupaiidae,Scandentia
66,SGGGISVPGPMGPSGPRGLPGPPGAPGPQGFQGPPGEPGEPGASGPMGPR,10,59,1,4689.06484415933,12,2,Tupaia chinensis,Tupaia,,Tupaiidae,Scandentia
67,SGGGISVPGPMGPSGPRGLPGPPGAPGPQGFQGPPGEPGEPGASGPMGPR,10,59,1,4703.090962159331,13,0,Tupaia chinensis,Tupaia,,Tupaiidae,Scandentia
68,SGGGISVPGPMGPSGPRGLPGPPGAPGPQGFQGPPGEPGEPGASGPMGPR,10,59,1,4704.074978159331,13,1,Tupaia chinensis,Tupaia,,Tupaiidae,Scandentia
69,SGGGISVPGPMGPSGPRGLPGPPGAPGPQGFQGPPGEPGEPGASGPMGPR,10,59,1,4705.058994159331,13,2,Tupaia chinensis,Tupaia,,Tupaiidae,Scandentia
70,SGGGISVPGPMGPSGPRGLPGPPGAPGPQGFQGPPGEPGEPGASGPMGPR,10,59,1,4719.0851121593305,14,0,Tupaia chinensis,Tupaia,,Tupaiidae,Scandentia
71,SGGGISVPGPMGPSGPRGLPGPPGAPGPQGFQGPPGEPGEPGASGPMGPR,10,59,1,4720.069128159331,14,1,Tupaia chinensis,Tupaia,,Tupaiidae,Scandentia
72,SGGGISVPGPMGPSGPRGLPGPPGAPGPQGFQGPPGEPGEPGASGPMGPR,10,59,1,4721.05314415933,14,2,Tupaia chinensis,Tupaia,,Tupaiidae,Scandentia
73,SGGGISVPGPMGPSGPRGLPGPPGAPGPQGFQGPPGEPGEPGASGPMGPR,10,59,1,4735.079262159331,15,0,Tupaia chinensis,Tupaia,,Tupaiidae,Scandentia
74,SGGGISVPGPMGPSGPRGLPGPPGAPGPQGFQGPPGEPGEPGASGPMGPR,10,59,1,4736.063278159331,15,1,Tupaia chinensis,Tupaia,,Tupaiidae,Scandentia
75,SGGGISVPGPMGPSGPRGLPGPPGAPGPQGFQGPPGEPGEPGASGPMGPR,10,59,1,4737.047294159331,15,2,Tupaia chinensis,Tupaia,,Tupaiidae,Scandentia
76,SGGGISVPGPMGPSGPRGLPGPPGAPGPQGFQGPPGEPGEPGASGPMGPR,10,59,1,4751.0734121593305,16,0,Tupaia chinensis,Tupaia,,Tupaiidae,Scandentia
77,SGGGISVPGPMGPSGPRGLPGPPGAPGPQGFQGPPGEPGEPGASGPMGPR,10,59,1,4752.057428159331,16,1,Tupaia chinensis,Tupaia,,Tupaiidae,Scandentia
78,SGGGISVPGPMGPSGPRGLPGPPGAPGPQGFQGPPGEPGEPGASGPMGPR,10,59,1,4753.04144415933,16,2,Tupaia chinensis,Tupaia,,Tupaiidae,Scandentia
79,SGGGISVPGPMGPSGPRGLPGPPGAPGPQGFQGPPGEPGEPGASGPMGPR,10,59,1,4767.067562159331,17,0,Tupaia chinensis,Tupaia,,Tupaiidae,Scandentia
80,SGGGISVPGPMGPSGPRGLPGPPGAPGPQGFQGPPGEPGEPGASGPMGPR,10,59,1,4768.051578159331,17,1,Tupaia chinensis,Tupaia,,Tupaiidae,Scandentia
81,SGGGISVPGPMGPSGPRGLPGPPGAPGPQGFQGPPGEPGEPGASGPMGPR,10,59,1,4769.035594159331,17,2,Tupaia chinensis,Tupaia,,Tupaiidae,Scandentia
82,GLPGPPGAPGPQGFQGPPGEPGEPGASGPMGPR,27,59,0,3004.43701540099,0,0,Tupaia chinensis,Tupaia,,Tupaiidae,Scandentia
83,GLPGPPGAPGPQGFQGPPGEPGEPGASGPMGPR,27,59,0,3005.4210314009897,0,1,Tupaia chinensis,Tupaia,,Tupaiidae,Scandentia
84,GLPGPPGAPGPQGFQGPPGEPGEPGASGPMGPR,27,59,0,3006.40504740099,0,2,Tupaia chinensis,Tupaia,,Tupaiidae,Scandentia
85,GLPGPPGAPGPQGFQGPPGEPGEPGASGPMGPR,27,59,0,3020.43116540099,1,0,Tupaia chinensis,Tupaia,,Tupaiidae,Scandentia
86,GLPGPPGAPGPQGFQGPPGEPGEPGASGPMGPR,27,59,0,3021.4151814009897,1,1,Tupaia chinensis,Tupaia,,Tupaiidae,Scandentia
87,GLPGPPGAPGPQGFQGPPGEPGEPGASGPMGPR,27,59,0,3022.39919740099,1,2,Tupaia chinensis,Tupaia,,Tupaiidae,Scandentia
88,GLPGPPGAPGPQGFQGPPGEPGEPGASGPMGPR,27,59,0,3036.42531540099,2,0,Tupaia chinensis,Tupaia,,Tupaiidae,Scandentia
89,GLPGPPGAPGPQGFQGPPGEPGEPGASGPMGPR,27,59,0,3037.4093314009897,2,1,Tupaia chinensis,Tupaia,,Tupaiidae,Scandentia
90,GLPGPPGAPGPQGFQGPPGEPGEPGASGPMGPR,27,59,0,3038.39334740099,2,2,Tupaia chinensis,Tupaia,,Tupaiidae,Scandentia
91,GLPGPPGAPGPQGFQGPPGEPGEPGASGPMGPR,27,59,0,3052.41946540099,3,0,Tupaia chinensis,Tupaia,,Tupaiidae,Scandentia
92,GLPGPPGAPGPQGFQGPPGEPGEPGASGPMGPR,27,59,0,3053.4034814009897,3,1,Tupaia chinensis,Tupaia,,Tupaiidae,Scandentia
93,GLPGPPGAPGPQGFQGPPGEPGEPGASGPMGPR,27,59,0,3054.38749740099,3,2,Tupaia chinensis,Tupaia,,Tupaiidae,Scandentia
94,GLPGPPGAPGPQGFQGPPGEPGEPGASGPMGPR,27,59,0,3068.41361540099,4,0,Tupaia chinensis,Tupaia,,Tupaiidae,Scandentia
95,GLPGPPGAPGPQGFQGPPGEPGEPGASGPMGPR,27,59,0,3069.3976314009897,4,1,Tupaia chinensis,Tupaia,,Tupaiidae,Scandentia
96,GLPGPPGAPGPQGFQGPPGEPGEPGASGPMGPR,27,59,0,3070.38164740099,4,2,Tupaia chinensis,Tupaia,,Tupaiidae,Scandentia
97,GLPGPPGAPGPQGFQGPPGEPGEPGASGPMGPR,27,59,0,3084.40776540099,5,0,Tupaia chinensis,Tupaia,,Tupaiidae,Scandentia
98,GLPGPPGAPGPQGFQGPPGEPGEPGASGPMGPR,27,59,0,3085.3917814009897,5,1,Tupaia chinensis,Tupaia,,Tupaiidae,Scandentia
99,GLPGPPGAPGPQGFQGPPGEPGEPGASGPMGPR,27,59,0,3086.37579740099,5,2,Tupaia chinensis,Tupaia,,Tupaiidae,Scandentia
100,GLPGPPGAPGPQGFQGPPGEPGEPGASGPMGPR,27,59,0,3100.4019154009898,6,0,Tupaia chinensis,Tupaia,,Tupaiidae,Scandentia
101,GLPGPPGAPGPQGFQGPPGEPGEPGASGPMGPR,27,59,0,3101.3859314009896,6,1,Tupaia chinensis,Tupaia,,Tupaiidae,Scandentia
102,GLPGPPGAPGPQGFQGPPGEPGEPGASGPMGPR,27,59,0,3102.36994740099,6,2,Tupaia chinensis,Tupaia,,Tupaiidae,Scandentia
103,GLPGPPGAPGPQGFQGPPGEPGEPGASGPMGPR,27,59,0,3116.3960654009898,7,0,Tupaia chinensis,Tupaia,,Tupaiidae,Scandentia
104,GLPGPPGAPGPQGFQGPPGEPGEPGASGPMGPR,27,59,0,3117.3800814009896,7,1,Tupaia chinensis,Tupaia,,Tupaiidae,Scandentia
105,GLPGPPGAPGPQGFQGPPGEPGEPGASGPMGPR,27,59,0,3118.36409740099,7,2,Tupaia chinensis,Tupaia,,Tupaiidae,Scandentia
106,GLPGPPGAPGPQGFQGPPGEPGEPGASGPMGPR,27,59,0,3132.3902154009897,8,0,Tupaia chinensis,Tupaia,,Tupaiidae,Scandentia
107,GLPGPPGAPGPQGFQGPPGEPGEPGASGPMGPR,27,59,0,3133.3742314009896,8,1,Tupaia chinensis,Tupaia,,Tupaiidae,Scandentia
108,GLPGPPGAPGPQGFQGPPGEPGEPGASGPMGPR,27,59,0,3134.35824740099,8,2,Tupaia chinensis,Tupaia,,Tupaiidae,Scandentia
109,GLPGPPGAPGPQGFQGPPGEPGEPGASGPMGPR,27,59,0,3148.3843654009897,9,0,Tupaia chinensis,Tupaia,,Tupaiidae,Scandentia
110,GLPGPPGAPGPQGFQGPPGEPGEPGASGPMGPR,27,59,0,3149.3683814009896,9,1,Tupaia chinensis,Tupaia,,Tupaiidae,Scandentia
111,GLPGPPGAPGPQGFQGPPGEPGEPGASGPMGPR,27,59,0,3150.35239740099,9,2,Tupaia chinensis,Tupaia,,Tupaiidae,Scandentia
112,GLPGPPGAPGPQGFQGPPGEPGEPGASGPMGPR,27,59,0,3164.3785154009897,10,0,Tupaia chinensis,Tupaia,,Tupaiidae,Scandentia
113,GLPGPPGAPGPQGFQGPPGEPGEPGASGPMGPR,27,59,0,3165.3625314009896,10,1,Tupaia chinensis,Tupaia,,Tupaiidae,Scandentia
114,GLPGPPGAPGPQGFQGPPGEPGEPGASGPMGPR,27,59,0,3166.34654740099,10,2,Tupaia chinensis,Tupaia,,Tupaiidae,Scandentia
115,GLPGPPGAPGPQGFQGPPGEPGEPGASGPMGPR,27,59,0,3180.3726654009897,11,0,Tupaia chinensis,Tupaia,,Tupaiidae,Scandentia
116,GLPGPPGAPGPQGFQGPPGEPGEPGASGPMGPR,27,59,0,3181.3566814009896,11,1,Tupaia chinensis,Tupaia,,Tupaiidae,Scandentia
117,GLPGPPGAPGPQGFQGPPGEPGEPGASGPMGPR,27,59,0,3182.34069740099,11,2,Tupaia chinensis,Tupaia,,Tupaiidae,Scandentia
118,GLPGPPGAPGPQGFQGPPGEPGEPGASGPMGPR,27,59,0,3196.3668154009897,12,0,Tupaia chinensis,Tupaia,,Tupaiidae,Scandentia
119,GLPGPPGAPGPQGFQGPPGEPGEPGASGPMGPR,27,59,0,3197.3508314009896,12,1,Tupaia chinensis,Tupaia,,Tupaiidae,Scandentia
120,GLPGPPGAPGPQGFQGPPGEPGEPGASGPMGPR,27,59,0,3198.33484740099,12,2,Tupaia chinensis,Tupaia,,Tupaiidae,Scandentia
121,GLPGPPGAPGPQGFQGPPGEPGEPGASGPMGPRGPPGPPGK,27,67,1,3691.8074249721,0,0,Tupaia chinensis,Tupaia,,Tupaiidae,Scandentia
122,GLPGPPGAPGPQGFQGPPGEPGEPGASGPMGPRGPPGPPGK,27,67,1,3692.7914409720997,0,1,Tupaia chinensis,Tupaia,,Tupaiidae,Scandentia
123,GLPGPPGAPGPQGFQGPPGEPGEPGASGPMGPRGPPGPPGK,27,67,1,3693.7754569721,0,2,Tupaia chinensis,Tupaia,,Tupaiidae,Scandentia
124,GLPGPPGAPGPQGFQGPPGEPGEPGASGPMGPRGPPGPPGK,27,67,1,3707.8015749721,1,0,Tupaia chinensis,Tupaia,,Tupaiidae,Scandentia
125,GLPGPPGAPGPQGFQGPPGEPGEPGASGPMGPRGPPGPPGK,27,67,1,3708.7855909720997,1,1,Tupaia chinensis,Tupaia,,Tupaiidae,Scandentia
126,GLPGPPGAPGPQGFQGPPGEPGEPGASGPMGPRGPPGPPGK,27,67,1,3709.7696069721,1,2,Tupaia chinensis,Tupaia,,Tupaiidae,Scandentia
127,GLPGPPGAPGPQGFQGPPGEPGEPGASGPMGPRGPPGPPGK,27,67,1,3723.7957249721,2,0,Tupaia chinensis,Tupaia,,Tupaiidae,Scandentia
128,GLPGPPGAPGPQGFQGPPGEPGEPGASGPMGPRGPPGPPGK,27,67,1,3724.7797409720997,2,1,Tupaia chinensis,Tupaia,,Tupaiidae,Scandentia
129,GLPGPPGAPGPQGFQGPPGEPGEPGASGPMGPRGPPGPPGK,27,67,1,3725.7637569721,2,2,Tupaia chinensis,Tupaia,,Tupaiidae,Scandentia
130,GLPGPPGAPGPQGFQGPPGEPGEPGASGPMGPRGPPGPPGK,27,67,1,3739.7898749721,3,0,Tupaia chinensis,Tupaia,,Tupaiidae,Scandentia
131,GLPGPPGAPGPQGFQGPPGEPGEPGASGPMGPRGPPGPPGK,27,67,1,3740.7738909720997,3,1,Tupaia chinensis,Tupaia,,Tupaiidae,Scandentia
132,GLPGPPGAPGPQGFQGPPGEPGEPGASGPMGPRGPPGPPGK,27,67,1,3741.7579069721,3,2,Tupaia chinensis,Tupaia,,Tupaiidae,Scandentia
133,GLPGPPGAPGPQGFQGPPGEPGEPGASGPMGPRGPPGPPGK,27,67,1,3755.7840249721,4,0,Tupaia chinensis,Tupaia,,Tupaiidae,Scandentia
134,GLPGPPGAPGPQGFQGPPGEPGEPGASGPMGPRGPPGPPGK,27,67,1,3756.7680409720997,4,1,Tupaia chinensis,Tupaia,,Tupaiidae,Scandentia
135,GLPGPPGAPGPQGFQGPPGEPGEPGASGPMGPRGPPGPPGK,27,67,1,3757.7520569721,4,2,Tupaia chinensis,Tupaia,,Tupaiidae,Scandentia
136,GLPGPPGAPGPQGFQGPPGEPGEPGASGPMGPRGPPGPPGK,27,67,1,3771.7781749721,5,0,Tupaia chinensis,Tupaia,,Tupaiidae,Scandentia
137,GLPGPPGAPGPQGFQGPPGEPGEPGASGPMGPRGPPGPPGK,27,67,1,3772.7621909720997,5,1,Tupaia chinensis,Tupaia,,Tupaiidae,Scandentia
138,GLPGPPGAPGPQGFQGPPGEPGEPGASGPMGPRGPPGPPGK,27,67,1,3773.7462069721,5,2,Tupaia chinensis,Tupaia,,Tupaiidae,Scandentia
139,GLPGPPGAPGPQGFQGPPGEPGEPGASGPMGPRGPPGPPGK,27,67,1,3787.7723249721,6,0,Tupaia chinensis,Tupaia,,Tupaiidae,Scandentia
140,GLPGPPGAPGPQGFQGPPGEPGEPGASGPMGPRGPPGPPGK,27,67,1,3788.7563409720997,6,1,Tupaia chinensis,Tupaia,,Tupaiidae,Scandentia
141,GLPGPPGAPGPQGFQGPPGEPGEPGASGPMGPRGPPGPPGK,27,67,1,3789.7403569721,6,2,Tupaia chinensis,Tupaia,,Tupaiidae,Scandentia
142,GLPGPPGAPGPQGFQGPPGEPGEPGASGPMGPRGPPGPPGK,27,67,1,3803.7664749721,7,0,Tupaia chinensis,Tupaia,,Tupaiidae,Scandentia
143,GLPGPPGAPGPQGFQGPPGEPGEPGASGPMGPRGPPGPPGK,27,67,1,3804.7504909720997,7,1,Tupaia chinensis,Tupaia,,Tupaiidae,Scandentia
144,GLPGPPGAPGPQGFQGPPGEPGEPGASGPMGPRGPPGPPGK,27,67,1,3805.7345069721,7,2,Tupaia chinensis,Tupaia,,Tupaiidae,Scandentia
145,GLPGPPGAPGPQGFQGPPGEPGEPGASGPMGPRGPPGPPGK,27,67,1,3819.7606249721,8,0,Tupaia chinensis,Tupaia,,Tupaiidae,Scandentia
146,GLPGPPGAPGPQGFQGPPGEPGEPGASGPMGPRGPPGPPGK,27,67,1,3820.7446409720997,8,1,Tupaia chinensis,Tupaia,,Tupaiidae,Scandentia
147,GLPGPPGAPGPQGFQGPPGEPGEPGASGPMGPRGPPGPPGK,27,67,1,3821.7286569721,8,2,Tupaia chinensis,Tupaia,,Tupaiidae,Scandentia
148,GLPGPPGAPGPQGFQGPPGEPGEPGASGPMGPRGPPGPPGK,27,67,1,3835.7547749720998,9,0,Tupaia chinensis,Tupaia,,Tupaiidae,Scandentia
149,GLPGPPGAPGPQGFQGPPGEPGEPGASGPMGPRGPPGPPGK,27,67,1,3836.7387909720997,9,1,Tupaia chinensis,Tupaia,,Tupaiidae,Scandentia
150,GLPGPPGAPGPQGFQGPPGEPGEPGASGPMGPRGPPGPPGK,27,67,1,3837.7228069721,9,2,Tupaia chinensis,Tupaia,,Tupaiidae,Scandentia
151,GLPGPPGAPGPQGFQGPPGEPGEPGASGPMGPRGPPGPPGK,27,67,1,3851.7489249720998,10,0,Tupaia chinensis,Tupaia,,Tupaiidae,Scandentia
152,GLPGPPGAPGPQGFQGPPGEPGEPGASGPMGPRGPPGPPGK,27,67,1,3852.7329409720996,10,1,Tupaia chinensis,Tupaia,,Tupaiidae,Scandentia
153,GLPGPPGAPGPQGFQGPPGEPGEPGASGPMGPRGPPGPPGK,27,67,1,3853.7169569721,10,2,Tupaia chinensis,Tupaia,,Tupaiidae,Scandentia
154,GLPGPPGAPGPQGFQGPPGEPGEPGASGPMGPRGPPGPPGK,27,67,1,3867.7430749720997,11,0,Tupaia chinensis,Tupaia,,Tupaiidae,Scandentia
155,GLPGPPGAPGPQGFQGPPGEPGEPGASGPMGPRGPPGPPGK,27,67,1,3868.7270909720996,11,1,Tupaia chinensis,Tupaia,,Tupaiidae,Scandentia
156,GLPGPPGAPGPQGFQGPPGEPGEPGASGPMGPRGPPGPPGK,27,67,1,3869.7111069721,11,2,Tupaia chinensis,Tupaia,,Tupaiidae,Scandentia
157,GLPGPPGAPGPQGFQGPPGEPGEPGASGPMGPRGPPGPPGK,27,67,1,3883.7372249720997,12,0,Tupaia chinensis,Tupaia,,Tupaiidae,Scandentia
158,GLPGPPGAPGPQGFQGPPGEPGEPGASGPMGPRGPPGPPGK,27,67,1,3884.7212409720996,12,1,Tupaia chinensis,Tupaia,,Tupaiidae,Scandentia
159,GLPGPPGAPGPQGFQGPPGEPGEPGASGPMGPRGPPGPPGK,27,67,1,3885.7052569721,12,2,Tupaia chinensis,Tupaia,,Tupaiidae,Scandentia
160,GLPGPPGAPGPQGFQGPPGEPGEPGASGPMGPRGPPGPPGK,27,67,1,3899.7313749720997,13,0,Tupaia chinensis,Tupaia,,Tupaiidae,Scandentia
161,GLPGPPGAPGPQGFQGPPGEPGEPGASGPMGPRGPPGPPGK,27,67,1,3900.7153909720996,13,1,Tupaia chinensis,Tupaia,,Tupaiidae,Scandentia
162,GLPGPPGAPGPQGFQGPPGEPGEPGASGPMGPRGPPGPPGK,27,67,1,3901.6994069721,13,2,Tupaia chinensis,Tupaia,,Tupaiidae,Scandentia
163,GLPGPPGAPGPQGFQGPPGEPGEPGASGPMGPRGPPGPPGK,27,67,1,3915.7255249720997,14,0,Tupaia chinensis,Tupaia,,Tupaiidae,Scandentia
164,GLPGPPGAPGPQGFQGPPGEPGEPGASGPMGPRGPPGPPGK,27,67,1,3916.7095409720996,14,1,Tupaia chinensis,Tupaia,,Tupaiidae,Scandentia
165,GLPGPPGAPGPQGFQGPPGEPGEPGASGPMGPRGPPGPPGK,27,67,1,3917.6935569721,14,2,Tupaia chinensis,Tupaia,,Tupaiidae,Scandentia
166,GLPGPPGAPGPQGFQGPPGEPGEPGASGPMGPRGPPGPPGK,27,67,1,3931.7196749720997,15,0,Tupaia chinensis,Tupaia,,Tupaiidae,Scandentia
167,GLPGPPGAPGPQGFQGPPGEPGEPGASGPMGPRGPPGPPGK,27,67,1,3932.7036909720996,15,1,Tupaia chinensis,Tupaia,,Tupaiidae,Scandentia
168,GLPGPPGAPGPQGFQGPPGEPGEPGASGPMGPRGPPGPPGK,27,67,1,3933.6877069721,15,2,Tupaia chinensis,Tupaia,,Tupaiidae,Scandentia
169,GLPGPPGAPGPQGFQGPPGEPGEPGASGPMGPRGPPGPPGK,27,67,1,3947.7138249720997,16,0,Tupaia chinensis,Tupaia,,Tupaiidae,Scandentia
170,GLPGPPGAPGPQGFQGPPGEPGEPGASGPMGPRGPPGPPGK,27,67,1,3948.6978409720996,16,1,Tupaia chinensis,Tupaia,,Tupaiidae,Scandentia
171,GLPGPPGAPGPQGFQGPPGEPGEPGASGPMGPRGPPGPPGK,27,67,1,3949.6818569721,16,2,Tupaia chinensis,Tupaia,,Tupaiidae,Scandentia
172,GLPGPPGAPGPQGFQGPPGEPGEPGASGPMGPRGPPGPPGK,27,67,1,3963.7079749720997,17,0,Tupaia chinensis,Tupaia,,Tupaiidae,Scandentia
173,GLPGPPGAPGPQGFQGPPGEPGEPGASGPMGPRGPPGPPGK,27,67,1,3964.6919909720996,17,1,Tupaia chinensis,Tupaia,,Tupaiidae,Scandentia
174,GLPGPPGAPGPQGFQGPPGEPGEPGASGPMGPRGPPGPPGK,27,67,1,3965.6760069721,17,2,Tupaia chinensis,Tupaia,,Tupaiidae,Scandentia
175,GPPGPPGK,60,67,0,706.38825072158,0,0,Tupaia chinensis,Tupaia,,Tupaiidae,Scandentia
176,GPPGPPGK,60,67,0,722.38240072158,1,0,Tupaia chinensis,Tupaia,,Tupaiidae,Scandentia
177,GPPGPPGK,60,67,0,738.37655072158,2,0,Tupaia chinensis,Tupaia,,Tupaiidae,Scandentia
178,GPPGPPGK,60,67,0,754.37070072158,3,0,Tupaia chinensis,Tupaia,,Tupaiidae,Scandentia
179,GPPGPPGK,60,67,0,770.36485072158,4,0,Tupaia chinensis,Tupaia,,Tupaiidae,Scandentia
180,GPPGPPGK,60,67,0,786.35900072158,5,0,Tupaia chinensis,Tupaia,,Tupaiidae,Scandentia
181,GPPGPPGKNGDDGEAGKPGRPGER,60,83,1,2299.11739553278,0,0,Tupaia chinensis,Tupaia,,Tupaiidae,Scandentia
182,GPPGPPGKNGDDGEAGKPGRPGER,60,83,1,2300.10141153278,0,1,Tupaia chinensis,Tupaia,,Tupaiidae,Scandentia
183,GPPGPPGKNGDDGEAGKPGRPGER,60,83,1,2315.11154553278,1,0,Tupaia chinensis,Tupaia,,Tupaiidae,Scandentia
184,GPPGPPGKNGDDGEAGKPGRPGER,60,83,1,2316.09556153278,1,1,Tupaia chinensis,Tupaia,,Tupaiidae,Scandentia
185,GPPGPPGKNGDDGEAGKPGRPGER,60,83,1,2331.10569553278,2,0,Tupaia chinensis,Tupaia,,Tupaiidae,Scandentia
186,GPPGPPGKNGDDGEAGKPGRPGER,60,83,1,2332.08971153278,2,1,Tupaia chinensis,Tupaia,,Tupaiidae,Scandentia
187,GPPGPPGKNGDDGEAGKPGRPGER,60,83,1,2347.09984553278,3,0,Tupaia chinensis,Tupaia,,Tupaiidae,Scandentia
188,GPPGPPGKNGDDGEAGKPGRPGER,60,83,1,2348.08386153278,3,1,Tupaia chinensis,Tupaia,,Tupaiidae,Scandentia
189,GPPGPPGKNGDDGEAGKPGRPGER,60,83,1,2363.09399553278,4,0,Tupaia chinensis,Tupaia,,Tupaiidae,Scandentia
190,GPPGPPGKNGDDGEAGKPGRPGER,60,83,1,2364.07801153278,4,1,Tupaia chinensis,Tupaia,,Tupaiidae,Scandentia
191,GPPGPPGKNGDDGEAGKPGRPGER,60,83,1,2379.08814553278,5,0,Tupaia chinensis,Tupaia,,Tupaiidae,Scandentia
192,GPPGPPGKNGDDGEAGKPGRPGER,60,83,1,2380.07216153278,5,1,Tupaia chinensis,Tupaia,,Tupaiidae,Scandentia
193,GPPGPPGKNGDDGEAGKPGRPGER,60,83,1,2395.08229553278,6,0,Tupaia chinensis,Tupaia,,Tupaiidae,Scandentia
194,GPPGPPGKNGDDGEAGKPGRPGER,60,83,1,2396.0663115327798,6,1,Tupaia chinensis,Tupaia,,Tupaiidae,Scandentia
195,GPPGPPGKNGDDGEAGKPGRPGER,60,83,1,2411.07644553278,7,0,Tupaia chinensis,Tupaia,,Tupaiidae,Scandentia
196,GPPGPPGKNGDDGEAGKPGRPGER,60,83,1,2412.0604615327798,7,1,Tupaia chinensis,Tupaia,,Tupaiidae,Scandentia
197,GPPGPPGKNGDDGEAGKPGRPGER,60,83,1,2427.07059553278,8,0,Tupaia chinensis,Tupaia,,Tupaiidae,Scandentia
198,GPPGPPGKNGDDGEAGKPGRPGER,60,83,1,2428.0546115327797,8,1,Tupaia chinensis,Tupaia,,Tupaiidae,Scandentia
199,NGDDGEAGKPGRPGER,68,83,0,1611.74698596167,0,0,Tupaia chinensis,Tupaia,,Tupaiidae,Scandentia
200,NGDDGEAGKPGRPGER,68,83,0,1612.73100196167,0,1,Tupaia chinensis,Tupaia,,Tupaiidae,Scandentia
201,NGDDGEAGKPGRPGER,68,83,0,1627.74113596167,1,0,Tupaia chinensis,Tupaia,,Tupaiidae,Scandentia
202,NGDDGEAGKPGRPGER,68,83,0,1628.72515196167,1,1,Tupaia chinensis,Tupaia,,Tupaiidae,Scandentia
203,NGDDGEAGKPGRPGER,68,83,0,1643.73528596167,2,0,Tupaia chinensis,Tupaia,,Tupaiidae,Scandentia
204,NGDDGEAGKPGRPGER,68,83,0,1644.71930196167,2,1,Tupaia chinensis,Tupaia,,Tupaiidae,Scandentia
205,NGDDGEAGKPGRPGER,68,83,0,1659.7294359616699,3,0,Tupaia chinensis,Tupaia,,Tupaiidae,Scandentia
206,NGDDGEAGKPGRPGER,68,83,0,1660.71345196167,3,1,Tupaia chinensis,Tupaia,,Tupaiidae,Scandentia
207,NGDDGEAGKPGRPGERGPPGPQGAR,68,92,1,2429.1664709835195,0,0,Tupaia chinensis,Tupaia,,Tupaiidae,Scandentia
208,NGDDGEAGKPGRPGERGPPGPQGAR,68,92,1,2430.1504869835194,0,1,Tupaia chinensis,Tupaia,,Tupaiidae,Scandentia
209,NGDDGEAGKPGRPGERGPPGPQGAR,68,92,1,2431.1345029835197,0,2,Tupaia chinensis,Tupaia,,Tupaiidae,Scandentia
210,NGDDGEAGKPGRPGERGPPGPQGAR,68,92,1,2445.1606209835195,1,0,Tupaia chinensis,Tupaia,,Tupaiidae,Scandentia
211,NGDDGEAGKPGRPGERGPPGPQGAR,68,92,1,2446.1446369835194,1,1,Tupaia chinensis,Tupaia,,Tupaiidae,Scandentia
212,NGDDGEAGKPGRPGERGPPGPQGAR,68,92,1,2447.1286529835197,1,2,Tupaia chinensis,Tupaia,,Tupaiidae,Scandentia
213,NGDDGEAGKPGRPGERGPPGPQGAR,68,92,1,2461.1547709835195,2,0,Tupaia chinensis,Tupaia,,Tupaiidae,Scandentia
214,NGDDGEAGKPGRPGERGPPGPQGAR,68,92,1,2462.1387869835194,2,1,Tupaia chinensis,Tupaia,,Tupaiidae,Scandentia
215,NGDDGEAGKPGRPGERGPPGPQGAR,68,92,1,2463.1228029835197,2,2,Tupaia chinensis,Tupaia,,Tupaiidae,Scandentia
216,NGDDGEAGKPGRPGERGPPGPQGAR,68,92,1,2477.1489209835195,3,0,Tupaia chinensis,Tupaia,,Tupaiidae,Scandentia
217,NGDDGEAGKPGRPGERGPPGPQGAR,68,92,1,2478.1329369835194,3,1,Tupaia chinensis,Tupaia,,Tupaiidae,Scandentia
218,NGDDGEAGKPGRPGERGPPGPQGAR,68,92,1,2479.1169529835197,3,2,Tupaia chinensis,Tupaia,,Tupaiidae,Scandentia
219,NGDDGEAGKPGRPGERGPPGPQGAR,68,92,1,2493.1430709835195,4,0,Tupaia chinensis,Tupaia,,Tupaiidae,Scandentia
220,NGDDGEAGKPGRPGERGPPGPQGAR,68,92,1,2494.1270869835193,4,1,Tupaia chinensis,Tupaia,,Tupaiidae,Scandentia
221,NGDDGEAGKPGRPGERGPPGPQGAR,68,92,1,2495.1111029835197,4,2,Tupaia chinensis,Tupaia,,Tupaiidae,Scandentia
222,NGDDGEAGKPGRPGERGPPGPQGAR,68,92,1,2509.1372209835195,5,0,Tupaia chinensis,Tupaia,,Tupaiidae,Scandentia
223,NGDDGEAGKPGRPGERGPPGPQGAR,68,92,1,2510.1212369835193,5,1,Tupaia chinensis,Tupaia,,Tupaiidae,Scandentia
224,NGDDGEAGKPGRPGERGPPGPQGAR,68,92,1,2511.1052529835197,5,2,Tupaia chinensis,Tupaia,,Tupaiidae,Scandentia
225,NGDDGEAGKPGRPGERGPPGPQGAR,68,92,1,2525.1313709835194,6,0,Tupaia chinensis,Tupaia,,Tupaiidae,Scandentia
226,NGDDGEAGKPGRPGERGPPGPQGAR,68,92,1,2526.1153869835193,6,1,Tupaia chinensis,Tupaia,,Tupaiidae,Scandentia
227,NGDDGEAGKPGRPGERGPPGPQGAR,68,92,1,2527.0994029835197,6,2,Tupaia chinensis,Tupaia,,Tupaiidae,Scandentia
228,GPPGPQGAR,84,92,0,836.4373261723199,0,0,Tupaia chinensis,Tupaia,,Tupaiidae,Scandentia
229,GPPGPQGAR,84,92,0,837.4213421723199,0,1,Tupaia chinensis,Tupaia,,Tupaiidae,Scandentia
230,GPPGPQGAR,84,92,0,852.4314761723199,1,0,Tupaia chinensis,Tupaia,,Tupaiidae,Scandentia
231,GPPGPQGAR,84,92,0,853.4154921723199,1,1,Tupaia chinensis,Tupaia,,Tupaiidae,Scandentia
232,GPPGPQGAR,84,92,0,868.4256261723199,2,0,Tupaia chinensis,Tupaia,,Tupaiidae,Scandentia
233,GPPGPQGAR,84,92,0,869.4096421723199,2,1,Tupaia chinensis,Tupaia,,Tupaiidae,Scandentia
234,GPPGPQGAR,84,92,0,884.4197761723199,3,0,Tupaia chinensis,Tupaia,,Tupaiidae,Scandentia
235,GPPGPQGAR,84,92,0,885.4037921723199,3,1,Tupaia chinensis,Tupaia,,Tupaiidae,Scandentia
236,GPPGPQGARGLPGTAGLPGMK,84,104,1,1916.01707688667,0,0,Tupaia chinensis,Tupaia,,Tupaiidae,Scandentia
237,GPPGPQGARGLPGTAGLPGMK,84,104,1,1917.0010928866702,0,1,Tupaia chinensis,Tupaia,,Tupaiidae,Scandentia
238,GPPGPQGARGLPGTAGLPGMK,84,104,1,1932.01122688667,1,0,Tupaia chinensis,Tupaia,,Tupaiidae,Scandentia
239,GPPGPQGARGLPGTAGLPGMK,84,104,1,1932.9952428866702,1,1,Tupaia chinensis,Tupaia,,Tupaiidae,Scandentia
240,GPPGPQGARGLPGTAGLPGMK,84,104,1,1948.00537688667,2,0,Tupaia chinensis,Tupaia,,Tupaiidae,Scandentia
241,GPPGPQGARGLPGTAGLPGMK,84,104,1,1948.9893928866702,2,1,Tupaia chinensis,Tupaia,,Tupaiidae,Scandentia
242,GPPGPQGARGLPGTAGLPGMK,84,104,1,1963.99952688667,3,0,Tupaia chinensis,Tupaia,,Tupaiidae,Scandentia
243,GPPGPQGARGLPGTAGLPGMK,84,104,1,1964.9835428866702,3,1,Tupaia chinensis,Tupaia,,Tupaiidae,Scandentia
244,GPPGPQGARGLPGTAGLPGMK,84,104,1,1979.99367688667,4,0,Tupaia chinensis,Tupaia,,Tupaiidae,Scandentia
245,GPPGPQGARGLPGTAGLPGMK,84,104,1,1980.9776928866702,4,1,Tupaia chinensis,Tupaia,,Tupaiidae,Scandentia
246,GPPGPQGARGLPGTAGLPGMK,84,104,1,1995.98782688667,5,0,Tupaia chinensis,Tupaia,,Tupaiidae,Scandentia
247,GPPGPQGARGLPGTAGLPGMK,84,104,1,1996.9718428866702,5,1,Tupaia chinensis,Tupaia,,Tupaiidae,Scandentia
248,GPPGPQGARGLPGTAGLPGMK,84,104,1,2011.98197688667,6,0,Tupaia chinensis,Tupaia,,Tupaiidae,Scandentia
249,GPPGPQGARGLPGTAGLPGMK,84,104,1,2012.9659928866702,6,1,Tupaia chinensis,Tupaia,,Tupaiidae,Scandentia
250,GPPGPQGARGLPGTAGLPGMK,84,104,1,2027.97612688667,7,0,Tupaia chinensis,Tupaia,,Tupaiidae,Scandentia
251,GPPGPQGARGLPGTAGLPGMK,84,104,1,2028.9601428866702,7,1,Tupaia chinensis,Tupaia,,Tupaiidae,Scandentia
252,GLPGTAGLPGMK,93,104,0,1098.59759186482,0,0,Tupaia chinensis,Tupaia,,Tupaiidae,Scandentia
253,GLPGTAGLPGMK,93,104,0,1114.59174186482,1,0,Tupaia chinensis,Tupaia,,Tupaiidae,Scandentia
254,GLPGTAGLPGMK,93,104,0,1130.58589186482,2,0,Tupaia chinensis,Tupaia,,Tupaiidae,Scandentia
255,GLPGTAGLPGMK,93,104,0,1146.58004186482,3,0,Tupaia chinensis,Tupaia,,Tupaiidae,Scandentia
256,GLPGTAGLPGMK,93,104,0,1162.57419186482,4,0,Tupaia chinensis,Tupaia,,Tupaiidae,Scandentia
257,GLPGTAGLPGMKGHR,93,107,1,1448.77907846744,0,0,Tupaia chinensis,Tupaia,,Tupaiidae,Scandentia
258,GLPGTAGLPGMKGHR,93,107,1,1464.77322846744,1,0,Tupaia chinensis,Tupaia,,Tupaiidae,Scandentia
259,GLPGTAGLPGMKGHR,93,107,1,1480.76737846744,2,0,Tupaia chinensis,Tupaia,,Tupaiidae,Scandentia
260,GLPGTAGLPGMKGHR,93,107,1,1496.76152846744,3,0,Tupaia chinensis,Tupaia,,Tupaiidae,Scandentia
261,GLPGTAGLPGMKGHR,93,107,1,1512.75567846744,4,0,Tupaia chinensis,Tupaia,,Tupaiidae,Scandentia
262,GHRGFSGLDGAK,105,116,1,1201.60724503173,0,0,Tupaia chinensis,Tupaia,,Tupaiidae,Scandentia
263,GHRGFSGLDGAK,105,116,1,1217.60139503173,1,0,Tupaia chinensis,Tupaia,,Tupaiidae,Scandentia
264,GHR,105,107,0,369.19932775309,0,0,Tupaia chinensis,Tupaia,,Tupaiidae,Scandentia
265,GFSGLDGAKGDAGPAGPK,108,125,1,1601.7918108957701,0,0,Tupaia chinensis,Tupaia,,Tupaiidae,Scandentia
266,GFSGLDGAKGDAGPAGPK,108,125,1,1617.7859608957701,1,0,Tupaia chinensis,Tupaia,,Tupaiidae,Scandentia
267,GFSGLDGAKGDAGPAGPK,108,125,1,1633.7801108957701,2,0,Tupaia chinensis,Tupaia,,Tupaiidae,Scandentia
268,GFSGLDGAKGDAGPAGPK,108,125,1,1649.77426089577,3,0,Tupaia chinensis,Tupaia,,Tupaiidae,Scandentia
269,GFSGLDGAKGDAGPAGPK,108,125,1,1665.76841089577,4,0,Tupaia chinensis,Tupaia,,Tupaiidae,Scandentia
270,GFSGLDGAK,108,116,0,851.4257584291099,0,0,Tupaia chinensis,Tupaia,,Tupaiidae,Scandentia
271,GFSGLDGAK,108,116,0,867.4199084291099,1,0,Tupaia chinensis,Tupaia,,Tupaiidae,Scandentia
272,GDAGPAGPKGEPGSPGENGAPGQMGPR,117,143,1,2445.12116058388,0,0,Tupaia chinensis,Tupaia,,Tupaiidae,Scandentia
273,GDAGPAGPKGEPGSPGENGAPGQMGPR,117,143,1,2446.1051765838797,0,1,Tupaia chinensis,Tupaia,,Tupaiidae,Scandentia
274,GDAGPAGPKGEPGSPGENGAPGQMGPR,117,143,1,2447.08919258388,0,2,Tupaia chinensis,Tupaia,,Tupaiidae,Scandentia
275,GDAGPAGPKGEPGSPGENGAPGQMGPR,117,143,1,2461.11531058388,1,0,Tupaia chinensis,Tupaia,,Tupaiidae,Scandentia
276,GDAGPAGPKGEPGSPGENGAPGQMGPR,117,143,1,2462.0993265838797,1,1,Tupaia chinensis,Tupaia,,Tupaiidae,Scandentia
277,GDAGPAGPKGEPGSPGENGAPGQMGPR,117,143,1,2463.08334258388,1,2,Tupaia chinensis,Tupaia,,Tupaiidae,Scandentia
278,GDAGPAGPKGEPGSPGENGAPGQMGPR,117,143,1,2477.10946058388,2,0,Tupaia chinensis,Tupaia,,Tupaiidae,Scandentia
279,GDAGPAGPKGEPGSPGENGAPGQMGPR,117,143,1,2478.0934765838797,2,1,Tupaia chinensis,Tupaia,,Tupaiidae,Scandentia
280,GDAGPAGPKGEPGSPGENGAPGQMGPR,117,143,1,2479.07749258388,2,2,Tupaia chinensis,Tupaia,,Tupaiidae,Scandentia
281,GDAGPAGPKGEPGSPGENGAPGQMGPR,117,143,1,2493.10361058388,3,0,Tupaia chinensis,Tupaia,,Tupaiidae,Scandentia
282,GDAGPAGPKGEPGSPGENGAPGQMGPR,117,143,1,2494.0876265838797,3,1,Tupaia chinensis,Tupaia,,Tupaiidae,Scandentia
283,GDAGPAGPKGEPGSPGENGAPGQMGPR,117,143,1,2495.07164258388,3,2,Tupaia chinensis,Tupaia,,Tupaiidae,Scandentia
284,GDAGPAGPKGEPGSPGENGAPGQMGPR,117,143,1,2509.09776058388,4,0,Tupaia chinensis,Tupaia,,Tupaiidae,Scandentia
285,GDAGPAGPKGEPGSPGENGAPGQMGPR,117,143,1,2510.0817765838797,4,1,Tupaia chinensis,Tupaia,,Tupaiidae,Scandentia
286,GDAGPAGPKGEPGSPGENGAPGQMGPR,117,143,1,2511.06579258388,4,2,Tupaia chinensis,Tupaia,,Tupaiidae,Scandentia
287,GDAGPAGPKGEPGSPGENGAPGQMGPR,117,143,1,2525.09191058388,5,0,Tupaia chinensis,Tupaia,,Tupaiidae,Scandentia
288,GDAGPAGPKGEPGSPGENGAPGQMGPR,117,143,1,2526.0759265838797,5,1,Tupaia chinensis,Tupaia,,Tupaiidae,Scandentia
289,GDAGPAGPKGEPGSPGENGAPGQMGPR,117,143,1,2527.05994258388,5,2,Tupaia chinensis,Tupaia,,Tupaiidae,Scandentia
290,GDAGPAGPKGEPGSPGENGAPGQMGPR,117,143,1,2541.0860605838798,6,0,Tupaia chinensis,Tupaia,,Tupaiidae,Scandentia
291,GDAGPAGPKGEPGSPGENGAPGQMGPR,117,143,1,2542.0700765838797,6,1,Tupaia chinensis,Tupaia,,Tupaiidae,Scandentia
292,GDAGPAGPKGEPGSPGENGAPGQMGPR,117,143,1,2543.05409258388,6,2,Tupaia chinensis,Tupaia,,Tupaiidae,Scandentia
293,GDAGPAGPKGEPGSPGENGAPGQMGPR,117,143,1,2557.0802105838798,7,0,Tupaia chinensis,Tupaia,,Tupaiidae,Scandentia
294,GDAGPAGPKGEPGSPGENGAPGQMGPR,117,143,1,2558.0642265838796,7,1,Tupaia chinensis,Tupaia,,Tupaiidae,Scandentia
295,GDAGPAGPKGEPGSPGENGAPGQMGPR,117,143,1,2559.04824258388,7,2,Tupaia chinensis,Tupaia,,Tupaiidae,Scandentia
296,GDAGPAGPKGEPGSPGENGAPGQMGPR,117,143,1,2573.0743605838798,8,0,Tupaia chinensis,Tupaia,,Tupaiidae,Scandentia
297,GDAGPAGPKGEPGSPGENGAPGQMGPR,117,143,1,2574.0583765838796,8,1,Tupaia chinensis,Tupaia,,Tupaiidae,Scandentia
298,GDAGPAGPKGEPGSPGENGAPGQMGPR,117,143,1,2575.04239258388,8,2,Tupaia chinensis,Tupaia,,Tupaiidae,Scandentia
299,GDAGPAGPK,117,125,0,769.38389361713,0,0,Tupaia chinensis,Tupaia,,Tupaiidae,Scandentia
300,GDAGPAGPK,117,125,0,785.37804361713,1,0,Tupaia chinensis,Tupaia,,Tupaiidae,Scandentia
301,GDAGPAGPK,117,125,0,801.3721936171299,2,0,Tupaia chinensis,Tupaia,,Tupaiidae,Scandentia
302,GDAGPAGPK,117,125,0,817.3663436171299,3,0,Tupaia chinensis,Tupaia,,Tupaiidae,Scandentia
303,GEPGSPGENGAPGQMGPRGLPGESGRPGAPGPAGAR,126,161,1,3279.56719470674,0,0,Tupaia chinensis,Tupaia,,Tupaiidae,Scandentia
304,GEPGSPGENGAPGQMGPRGLPGESGRPGAPGPAGAR,126,161,1,3280.5512107067398,0,1,Tupaia chinensis,Tupaia,,Tupaiidae,Scandentia
305,GEPGSPGENGAPGQMGPRGLPGESGRPGAPGPAGAR,126,161,1,3281.53522670674,0,2,Tupaia chinensis,Tupaia,,Tupaiidae,Scandentia
306,GEPGSPGENGAPGQMGPRGLPGESGRPGAPGPAGAR,126,161,1,3295.56134470674,1,0,Tupaia chinensis,Tupaia,,Tupaiidae,Scandentia
307,GEPGSPGENGAPGQMGPRGLPGESGRPGAPGPAGAR,126,161,1,3296.5453607067398,1,1,Tupaia chinensis,Tupaia,,Tupaiidae,Scandentia
308,GEPGSPGENGAPGQMGPRGLPGESGRPGAPGPAGAR,126,161,1,3297.52937670674,1,2,Tupaia chinensis,Tupaia,,Tupaiidae,Scandentia
309,GEPGSPGENGAPGQMGPRGLPGESGRPGAPGPAGAR,126,161,1,3311.55549470674,2,0,Tupaia chinensis,Tupaia,,Tupaiidae,Scandentia
310,GEPGSPGENGAPGQMGPRGLPGESGRPGAPGPAGAR,126,161,1,3312.5395107067397,2,1,Tupaia chinensis,Tupaia,,Tupaiidae,Scandentia
311,GEPGSPGENGAPGQMGPRGLPGESGRPGAPGPAGAR,126,161,1,3313.52352670674,2,2,Tupaia chinensis,Tupaia,,Tupaiidae,Scandentia
312,GEPGSPGENGAPGQMGPRGLPGESGRPGAPGPAGAR,126,161,1,3327.54964470674,3,0,Tupaia chinensis,Tupaia,,Tupaiidae,Scandentia
313,GEPGSPGENGAPGQMGPRGLPGESGRPGAPGPAGAR,126,161,1,3328.5336607067397,3,1,Tupaia chinensis,Tupaia,,Tupaiidae,Scandentia
314,GEPGSPGENGAPGQMGPRGLPGESGRPGAPGPAGAR,126,161,1,3329.51767670674,3,2,Tupaia chinensis,Tupaia,,Tupaiidae,Scandentia
315,GEPGSPGENGAPGQMGPRGLPGESGRPGAPGPAGAR,126,161,1,3343.54379470674,4,0,Tupaia chinensis,Tupaia,,Tupaiidae,Scandentia
316,GEPGSPGENGAPGQMGPRGLPGESGRPGAPGPAGAR,126,161,1,3344.5278107067397,4,1,Tupaia chinensis,Tupaia,,Tupaiidae,Scandentia
317,GEPGSPGENGAPGQMGPRGLPGESGRPGAPGPAGAR,126,161,1,3345.51182670674,4,2,Tupaia chinensis,Tupaia,,Tupaiidae,Scandentia
318,GEPGSPGENGAPGQMGPRGLPGESGRPGAPGPAGAR,126,161,1,3359.53794470674,5,0,Tupaia chinensis,Tupaia,,Tupaiidae,Scandentia
319,GEPGSPGENGAPGQMGPRGLPGESGRPGAPGPAGAR,126,161,1,3360.5219607067397,5,1,Tupaia chinensis,Tupaia,,Tupaiidae,Scandentia
320,GEPGSPGENGAPGQMGPRGLPGESGRPGAPGPAGAR,126,161,1,3361.50597670674,5,2,Tupaia chinensis,Tupaia,,Tupaiidae,Scandentia
321,GEPGSPGENGAPGQMGPRGLPGESGRPGAPGPAGAR,126,161,1,3375.53209470674,6,0,Tupaia chinensis,Tupaia,,Tupaiidae,Scandentia
322,GEPGSPGENGAPGQMGPRGLPGESGRPGAPGPAGAR,126,161,1,3376.5161107067397,6,1,Tupaia chinensis,Tupaia,,Tupaiidae,Scandentia
323,GEPGSPGENGAPGQMGPRGLPGESGRPGAPGPAGAR,126,161,1,3377.50012670674,6,2,Tupaia chinensis,Tupaia,,Tupaiidae,Scandentia
324,GEPGSPGENGAPGQMGPRGLPGESGRPGAPGPAGAR,126,161,1,3391.52624470674,7,0,Tupaia chinensis,Tupaia,,Tupaiidae,Scandentia
325,GEPGSPGENGAPGQMGPRGLPGESGRPGAPGPAGAR,126,161,1,3392.5102607067397,7,1,Tupaia chinensis,Tupaia,,Tupaiidae,Scandentia
326,GEPGSPGENGAPGQMGPRGLPGESGRPGAPGPAGAR,126,161,1,3393.49427670674,7,2,Tupaia chinensis,Tupaia,,Tupaiidae,Scandentia
327,GEPGSPGENGAPGQMGPRGLPGESGRPGAPGPAGAR,126,161,1,3407.52039470674,8,0,Tupaia chinensis,Tupaia,,Tupaiidae,Scandentia
328,GEPGSPGENGAPGQMGPRGLPGESGRPGAPGPAGAR,126,161,1,3408.5044107067397,8,1,Tupaia chinensis,Tupaia,,Tupaiidae,Scandentia
329,GEPGSPGENGAPGQMGPRGLPGESGRPGAPGPAGAR,126,161,1,3409.48842670674,8,2,Tupaia chinensis,Tupaia,,Tupaiidae,Scandentia
330,GEPGSPGENGAPGQMGPRGLPGESGRPGAPGPAGAR,126,161,1,3423.51454470674,9,0,Tupaia chinensis,Tupaia,,Tupaiidae,Scandentia
331,GEPGSPGENGAPGQMGPRGLPGESGRPGAPGPAGAR,126,161,1,3424.4985607067397,9,1,Tupaia chinensis,Tupaia,,Tupaiidae,Scandentia
332,GEPGSPGENGAPGQMGPRGLPGESGRPGAPGPAGAR,126,161,1,3425.48257670674,9,2,Tupaia chinensis,Tupaia,,Tupaiidae,Scandentia
333,GEPGSPGENGAPGQMGPR,126,143,0,1694.75510811722,0,0,Tupaia chinensis,Tupaia,,Tupaiidae,Scandentia
334,GEPGSPGENGAPGQMGPR,126,143,0,1695.7391241172202,0,1,Tupaia chinensis,Tupaia,,Tupaiidae,Scandentia
335,GEPGSPGENGAPGQMGPR,126,143,0,1696.72314011722,0,2,Tupaia chinensis,Tupaia,,Tupaiidae,Scandentia
336,GEPGSPGENGAPGQMGPR,126,143,0,1710.74925811722,1,0,Tupaia chinensis,Tupaia,,Tupaiidae,Scandentia
337,GEPGSPGENGAPGQMGPR,126,143,0,1711.7332741172202,1,1,Tupaia chinensis,Tupaia,,Tupaiidae,Scandentia
338,GEPGSPGENGAPGQMGPR,126,143,0,1712.71729011722,1,2,Tupaia chinensis,Tupaia,,Tupaiidae,Scandentia
339,GEPGSPGENGAPGQMGPR,126,143,0,1726.74340811722,2,0,Tupaia chinensis,Tupaia,,Tupaiidae,Scandentia
340,GEPGSPGENGAPGQMGPR,126,143,0,1727.7274241172202,2,1,Tupaia chinensis,Tupaia,,Tupaiidae,Scandentia
341,GEPGSPGENGAPGQMGPR,126,143,0,1728.71144011722,2,2,Tupaia chinensis,Tupaia,,Tupaiidae,Scandentia
342,GEPGSPGENGAPGQMGPR,126,143,0,1742.73755811722,3,0,Tupaia chinensis,Tupaia,,Tupaiidae,Scandentia
343,GEPGSPGENGAPGQMGPR,126,143,0,1743.7215741172201,3,1,Tupaia chinensis,Tupaia,,Tupaiidae,Scandentia
344,GEPGSPGENGAPGQMGPR,126,143,0,1744.70559011722,3,2,Tupaia chinensis,Tupaia,,Tupaiidae,Scandentia
345,GEPGSPGENGAPGQMGPR,126,143,0,1758.73170811722,4,0,Tupaia chinensis,Tupaia,,Tupaiidae,Scandentia
346,GEPGSPGENGAPGQMGPR,126,143,0,1759.7157241172201,4,1,Tupaia chinensis,Tupaia,,Tupaiidae,Scandentia
347,GEPGSPGENGAPGQMGPR,126,143,0,1760.69974011722,4,2,Tupaia chinensis,Tupaia,,Tupaiidae,Scandentia
348,GEPGSPGENGAPGQMGPR,126,143,0,1774.72585811722,5,0,Tupaia chinensis,Tupaia,,Tupaiidae,Scandentia
349,GEPGSPGENGAPGQMGPR,126,143,0,1775.7098741172201,5,1,Tupaia chinensis,Tupaia,,Tupaiidae,Scandentia
350,GEPGSPGENGAPGQMGPR,126,143,0,1776.69389011722,5,2,Tupaia chinensis,Tupaia,,Tupaiidae,Scandentia
351,GLPGESGRPGAPGPAGAR,144,161,0,1603.8299277399901,0,0,Tupaia chinensis,Tupaia,,Tupaiidae,Scandentia
352,GLPGESGRPGAPGPAGAR,144,161,0,1619.8240777399901,1,0,Tupaia chinensis,Tupaia,,Tupaiidae,Scandentia
353,GLPGESGRPGAPGPAGAR,144,161,0,1635.81822773999,2,0,Tupaia chinensis,Tupaia,,Tupaiidae,Scandentia
354,GLPGESGRPGAPGPAGAR,144,161,0,1651.81237773999,3,0,Tupaia chinensis,Tupaia,,Tupaiidae,Scandentia
355,GLPGESGRPGAPGPAGAR,144,161,0,1667.80652773999,4,0,Tupaia chinensis,Tupaia,,Tupaiidae,Scandentia
356,GLPGESGRPGAPGPAGARGNDGATGAAGPPGPTGPAGPPGFPGAVGAK,144,191,1,4085.03361283767,0,0,Tupaia chinensis,Tupaia,,Tupaiidae,Scandentia
357,GLPGESGRPGAPGPAGARGNDGATGAAGPPGPTGPAGPPGFPGAVGAK,144,191,1,4086.0176288376697,0,1,Tupaia chinensis,Tupaia,,Tupaiidae,Scandentia
358,GLPGESGRPGAPGPAGARGNDGATGAAGPPGPTGPAGPPGFPGAVGAK,144,191,1,4101.02776283767,1,0,Tupaia chinensis,Tupaia,,Tupaiidae,Scandentia
359,GLPGESGRPGAPGPAGARGNDGATGAAGPPGPTGPAGPPGFPGAVGAK,144,191,1,4102.01177883767,1,1,Tupaia chinensis,Tupaia,,Tupaiidae,Scandentia
360,GLPGESGRPGAPGPAGARGNDGATGAAGPPGPTGPAGPPGFPGAVGAK,144,191,1,4117.02191283767,2,0,Tupaia chinensis,Tupaia,,Tupaiidae,Scandentia
361,GLPGESGRPGAPGPAGARGNDGATGAAGPPGPTGPAGPPGFPGAVGAK,144,191,1,4118.005928837671,2,1,Tupaia chinensis,Tupaia,,Tupaiidae,Scandentia
362,GLPGESGRPGAPGPAGARGNDGATGAAGPPGPTGPAGPPGFPGAVGAK,144,191,1,4133.01606283767,3,0,Tupaia chinensis,Tupaia,,Tupaiidae,Scandentia
363,GLPGESGRPGAPGPAGARGNDGATGAAGPPGPTGPAGPPGFPGAVGAK,144,191,1,4134.00007883767,3,1,Tupaia chinensis,Tupaia,,Tupaiidae,Scandentia
364,GLPGESGRPGAPGPAGARGNDGATGAAGPPGPTGPAGPPGFPGAVGAK,144,191,1,4149.01021283767,4,0,Tupaia chinensis,Tupaia,,Tupaiidae,Scandentia
365,GLPGESGRPGAPGPAGARGNDGATGAAGPPGPTGPAGPPGFPGAVGAK,144,191,1,4149.994228837671,4,1,Tupaia chinensis,Tupaia,,Tupaiidae,Scandentia
366,GLPGESGRPGAPGPAGARGNDGATGAAGPPGPTGPAGPPGFPGAVGAK,144,191,1,4165.00436283767,5,0,Tupaia chinensis,Tupaia,,Tupaiidae,Scandentia
367,GLPGESGRPGAPGPAGARGNDGATGAAGPPGPTGPAGPPGFPGAVGAK,144,191,1,4165.98837883767,5,1,Tupaia chinensis,Tupaia,,Tupaiidae,Scandentia
368,GLPGESGRPGAPGPAGARGNDGATGAAGPPGPTGPAGPPGFPGAVGAK,144,191,1,4180.99851283767,6,0,Tupaia chinensis,Tupaia,,Tupaiidae,Scandentia
369,GLPGESGRPGAPGPAGARGNDGATGAAGPPGPTGPAGPPGFPGAVGAK,144,191,1,4181.9825288376705,6,1,Tupaia chinensis,Tupaia,,Tupaiidae,Scandentia
370,GLPGESGRPGAPGPAGARGNDGATGAAGPPGPTGPAGPPGFPGAVGAK,144,191,1,4196.99266283767,7,0,Tupaia chinensis,Tupaia,,Tupaiidae,Scandentia
371,GLPGESGRPGAPGPAGARGNDGATGAAGPPGPTGPAGPPGFPGAVGAK,144,191,1,4197.97667883767,7,1,Tupaia chinensis,Tupaia,,Tupaiidae,Scandentia
372,GLPGESGRPGAPGPAGARGNDGATGAAGPPGPTGPAGPPGFPGAVGAK,144,191,1,4212.98681283767,8,0,Tupaia chinensis,Tupaia,,Tupaiidae,Scandentia
373,GLPGESGRPGAPGPAGARGNDGATGAAGPPGPTGPAGPPGFPGAVGAK,144,191,1,4213.9708288376705,8,1,Tupaia chinensis,Tupaia,,Tupaiidae,Scandentia
374,GLPGESGRPGAPGPAGARGNDGATGAAGPPGPTGPAGPPGFPGAVGAK,144,191,1,4228.98096283767,9,0,Tupaia chinensis,Tupaia,,Tupaiidae,Scandentia
375,GLPGESGRPGAPGPAGARGNDGATGAAGPPGPTGPAGPPGFPGAVGAK,144,191,1,4229.96497883767,9,1,Tupaia chinensis,Tupaia,,Tupaiidae,Scandentia
376,GLPGESGRPGAPGPAGARGNDGATGAAGPPGPTGPAGPPGFPGAVGAK,144,191,1,4244.97511283767,10,0,Tupaia chinensis,Tupaia,,Tupaiidae,Scandentia
377,GLPGESGRPGAPGPAGARGNDGATGAAGPPGPTGPAGPPGFPGAVGAK,144,191,1,4245.9591288376705,10,1,Tupaia chinensis,Tupaia,,Tupaiidae,Scandentia
378,GLPGESGRPGAPGPAGARGNDGATGAAGPPGPTGPAGPPGFPGAVGAK,144,191,1,4260.96926283767,11,0,Tupaia chinensis,Tupaia,,Tupaiidae,Scandentia
379,GLPGESGRPGAPGPAGARGNDGATGAAGPPGPTGPAGPPGFPGAVGAK,144,191,1,4261.95327883767,11,1,Tupaia chinensis,Tupaia,,Tupaiidae,Scandentia
380,GLPGESGRPGAPGPAGARGNDGATGAAGPPGPTGPAGPPGFPGAVGAK,144,191,1,4276.96341283767,12,0,Tupaia chinensis,Tupaia,,Tupaiidae,Scandentia
381,GLPGESGRPGAPGPAGARGNDGATGAAGPPGPTGPAGPPGFPGAVGAK,144,191,1,4277.9474288376705,12,1,Tupaia chinensis,Tupaia,,Tupaiidae,Scandentia
382,GNDGATGAAGPPGPTGPAGPPGFPGAVGAK,162,191,0,2500.22152624815,0,0,Tupaia chinensis,Tupaia,,Tupaiidae,Scandentia
383,GNDGATGAAGPPGPTGPAGPPGFPGAVGAK,162,191,0,2501.20554224815,0,1,Tupaia chinensis,Tupaia,,Tupaiidae,Scandentia
384,GNDGATGAAGPPGPTGPAGPPGFPGAVGAK,162,191,0,2516.21567624815,1,0,Tupaia chinensis,Tupaia,,Tupaiidae,Scandentia
385,GNDGATGAAGPPGPTGPAGPPGFPGAVGAK,162,191,0,2517.19969224815,1,1,Tupaia chinensis,Tupaia,,Tupaiidae,Scandentia
386,GNDGATGAAGPPGPTGPAGPPGFPGAVGAK,162,191,0,2532.20982624815,2,0,Tupaia chinensis,Tupaia,,Tupaiidae,Scandentia
387,GNDGATGAAGPPGPTGPAGPPGFPGAVGAK,162,191,0,2533.19384224815,2,1,Tupaia chinensis,Tupaia,,Tupaiidae,Scandentia
388,GNDGATGAAGPPGPTGPAGPPGFPGAVGAK,162,191,0,2548.20397624815,3,0,Tupaia chinensis,Tupaia,,Tupaiidae,Scandentia
389,GNDGATGAAGPPGPTGPAGPPGFPGAVGAK,162,191,0,2549.18799224815,3,1,Tupaia chinensis,Tupaia,,Tupaiidae,Scandentia
390,GNDGATGAAGPPGPTGPAGPPGFPGAVGAK,162,191,0,2564.19812624815,4,0,Tupaia chinensis,Tupaia,,Tupaiidae,Scandentia
391,GNDGATGAAGPPGPTGPAGPPGFPGAVGAK,162,191,0,2565.18214224815,4,1,Tupaia chinensis,Tupaia,,Tupaiidae,Scandentia
392,GNDGATGAAGPPGPTGPAGPPGFPGAVGAK,162,191,0,2580.19227624815,5,0,Tupaia chinensis,Tupaia,,Tupaiidae,Scandentia
393,GNDGATGAAGPPGPTGPAGPPGFPGAVGAK,162,191,0,2581.17629224815,5,1,Tupaia chinensis,Tupaia,,Tupaiidae,Scandentia
394,GNDGATGAAGPPGPTGPAGPPGFPGAVGAK,162,191,0,2596.18642624815,6,0,Tupaia chinensis,Tupaia,,Tupaiidae,Scandentia
395,GNDGATGAAGPPGPTGPAGPPGFPGAVGAK,162,191,0,2597.17044224815,6,1,Tupaia chinensis,Tupaia,,Tupaiidae,Scandentia
396,GNDGATGAAGPPGPTGPAGPPGFPGAVGAK,162,191,0,2612.18057624815,7,0,Tupaia chinensis,Tupaia,,Tupaiidae,Scandentia
397,GNDGATGAAGPPGPTGPAGPPGFPGAVGAK,162,191,0,2613.16459224815,7,1,Tupaia chinensis,Tupaia,,Tupaiidae,Scandentia
398,GNDGATGAAGPPGPTGPAGPPGFPGAVGAK,162,191,0,2628.17472624815,8,0,Tupaia chinensis,Tupaia,,Tupaiidae,Scandentia
399,GNDGATGAAGPPGPTGPAGPPGFPGAVGAK,162,191,0,2629.15874224815,8,1,Tupaia chinensis,Tupaia,,Tupaiidae,Scandentia
400,GNDGATGAAGPPGPTGPAGPPGFPGAVGAKGEAGPQGAR,162,200,1,3323.61519044498,0,0,Tupaia chinensis,Tupaia,,Tupaiidae,Scandentia
401,GNDGATGAAGPPGPTGPAGPPGFPGAVGAKGEAGPQGAR,162,200,1,3324.5992064449797,0,1,Tupaia chinensis,Tupaia,,Tupaiidae,Scandentia
402,GNDGATGAAGPPGPTGPAGPPGFPGAVGAKGEAGPQGAR,162,200,1,3325.58322244498,0,2,Tupaia chinensis,Tupaia,,Tupaiidae,Scandentia
403,GNDGATGAAGPPGPTGPAGPPGFPGAVGAKGEAGPQGAR,162,200,1,3339.60934044498,1,0,Tupaia chinensis,Tupaia,,Tupaiidae,Scandentia
404,GNDGATGAAGPPGPTGPAGPPGFPGAVGAKGEAGPQGAR,162,200,1,3340.5933564449797,1,1,Tupaia chinensis,Tupaia,,Tupaiidae,Scandentia
405,GNDGATGAAGPPGPTGPAGPPGFPGAVGAKGEAGPQGAR,162,200,1,3341.57737244498,1,2,Tupaia chinensis,Tupaia,,Tupaiidae,Scandentia
406,GNDGATGAAGPPGPTGPAGPPGFPGAVGAKGEAGPQGAR,162,200,1,3355.60349044498,2,0,Tupaia chinensis,Tupaia,,Tupaiidae,Scandentia
407,GNDGATGAAGPPGPTGPAGPPGFPGAVGAKGEAGPQGAR,162,200,1,3356.5875064449797,2,1,Tupaia chinensis,Tupaia,,Tupaiidae,Scandentia
408,GNDGATGAAGPPGPTGPAGPPGFPGAVGAKGEAGPQGAR,162,200,1,3357.57152244498,2,2,Tupaia chinensis,Tupaia,,Tupaiidae,Scandentia
409,GNDGATGAAGPPGPTGPAGPPGFPGAVGAKGEAGPQGAR,162,200,1,3371.59764044498,3,0,Tupaia chinensis,Tupaia,,Tupaiidae,Scandentia
410,GNDGATGAAGPPGPTGPAGPPGFPGAVGAKGEAGPQGAR,162,200,1,3372.5816564449797,3,1,Tupaia chinensis,Tupaia,,Tupaiidae,Scandentia
411,GNDGATGAAGPPGPTGPAGPPGFPGAVGAKGEAGPQGAR,162,200,1,3373.56567244498,3,2,Tupaia chinensis,Tupaia,,Tupaiidae,Scandentia
412,GNDGATGAAGPPGPTGPAGPPGFPGAVGAKGEAGPQGAR,162,200,1,3387.59179044498,4,0,Tupaia chinensis,Tupaia,,Tupaiidae,Scandentia
413,GNDGATGAAGPPGPTGPAGPPGFPGAVGAKGEAGPQGAR,162,200,1,3388.5758064449797,4,1,Tupaia chinensis,Tupaia,,Tupaiidae,Scandentia
414,GNDGATGAAGPPGPTGPAGPPGFPGAVGAKGEAGPQGAR,162,200,1,3389.55982244498,4,2,Tupaia chinensis,Tupaia,,Tupaiidae,Scandentia
415,GNDGATGAAGPPGPTGPAGPPGFPGAVGAKGEAGPQGAR,162,200,1,3403.5859404449798,5,0,Tupaia chinensis,Tupaia,,Tupaiidae,Scandentia
416,GNDGATGAAGPPGPTGPAGPPGFPGAVGAKGEAGPQGAR,162,200,1,3404.5699564449797,5,1,Tupaia chinensis,Tupaia,,Tupaiidae,Scandentia
417,GNDGATGAAGPPGPTGPAGPPGFPGAVGAKGEAGPQGAR,162,200,1,3405.55397244498,5,2,Tupaia chinensis,Tupaia,,Tupaiidae,Scandentia
418,GNDGATGAAGPPGPTGPAGPPGFPGAVGAKGEAGPQGAR,162,200,1,3419.5800904449798,6,0,Tupaia chinensis,Tupaia,,Tupaiidae,Scandentia
419,GNDGATGAAGPPGPTGPAGPPGFPGAVGAKGEAGPQGAR,162,200,1,3420.5641064449796,6,1,Tupaia chinensis,Tupaia,,Tupaiidae,Scandentia
420,GNDGATGAAGPPGPTGPAGPPGFPGAVGAKGEAGPQGAR,162,200,1,3421.54812244498,6,2,Tupaia chinensis,Tupaia,,Tupaiidae,Scandentia
421,GNDGATGAAGPPGPTGPAGPPGFPGAVGAKGEAGPQGAR,162,200,1,3435.5742404449798,7,0,Tupaia chinensis,Tupaia,,Tupaiidae,Scandentia
422,GNDGATGAAGPPGPTGPAGPPGFPGAVGAKGEAGPQGAR,162,200,1,3436.5582564449796,7,1,Tupaia chinensis,Tupaia,,Tupaiidae,Scandentia
423,GNDGATGAAGPPGPTGPAGPPGFPGAVGAKGEAGPQGAR,162,200,1,3437.54227244498,7,2,Tupaia chinensis,Tupaia,,Tupaiidae,Scandentia
424,GNDGATGAAGPPGPTGPAGPPGFPGAVGAKGEAGPQGAR,162,200,1,3451.5683904449797,8,0,Tupaia chinensis,Tupaia,,Tupaiidae,Scandentia
425,GNDGATGAAGPPGPTGPAGPPGFPGAVGAKGEAGPQGAR,162,200,1,3452.5524064449796,8,1,Tupaia chinensis,Tupaia,,Tupaiidae,Scandentia
426,GNDGATGAAGPPGPTGPAGPPGFPGAVGAKGEAGPQGAR,162,200,1,3453.53642244498,8,2,Tupaia chinensis,Tupaia,,Tupaiidae,Scandentia
427,GNDGATGAAGPPGPTGPAGPPGFPGAVGAKGEAGPQGAR,162,200,1,3467.5625404449797,9,0,Tupaia chinensis,Tupaia,,Tupaiidae,Scandentia
428,GNDGATGAAGPPGPTGPAGPPGFPGAVGAKGEAGPQGAR,162,200,1,3468.5465564449796,9,1,Tupaia chinensis,Tupaia,,Tupaiidae,Scandentia
429,GNDGATGAAGPPGPTGPAGPPGFPGAVGAKGEAGPQGAR,162,200,1,3469.53057244498,9,2,Tupaia chinensis,Tupaia,,Tupaiidae,Scandentia
430,GEAGPQGAR,192,200,0,842.4115053472999,0,0,Tupaia chinensis,Tupaia,,Tupaiidae,Scandentia
431,GEAGPQGAR,192,200,0,843.3955213472999,0,1,Tupaia chinensis,Tupaia,,Tupaiidae,Scandentia
432,GEAGPQGAR,192,200,0,858.4056553472999,1,0,Tupaia chinensis,Tupaia,,Tupaiidae,Scandentia
433,GEAGPQGAR,192,200,0,859.3896713472999,1,1,Tupaia chinensis,Tupaia,,Tupaiidae,Scandentia
434,GEAGPQGARGSEGPQGVR,192,209,1,1709.83138429197,0,0,Tupaia chinensis,Tupaia,,Tupaiidae,Scandentia
435,GEAGPQGARGSEGPQGVR,192,209,1,1710.81540029197,0,1,Tupaia chinensis,Tupaia,,Tupaiidae,Scandentia
436,GEAGPQGARGSEGPQGVR,192,209,1,1711.79941629197,0,2,Tupaia chinensis,Tupaia,,Tupaiidae,Scandentia
437,GEAGPQGARGSEGPQGVR,192,209,1,1725.82553429197,1,0,Tupaia chinensis,Tupaia,,Tupaiidae,Scandentia
438,GEAGPQGARGSEGPQGVR,192,209,1,1726.80955029197,1,1,Tupaia chinensis,Tupaia,,Tupaiidae,Scandentia
439,GEAGPQGARGSEGPQGVR,192,209,1,1727.79356629197,1,2,Tupaia chinensis,Tupaia,,Tupaiidae,Scandentia
440,GEAGPQGARGSEGPQGVR,192,209,1,1741.81968429197,2,0,Tupaia chinensis,Tupaia,,Tupaiidae,Scandentia
441,GEAGPQGARGSEGPQGVR,192,209,1,1742.80370029197,2,1,Tupaia chinensis,Tupaia,,Tupaiidae,Scandentia
442,GEAGPQGARGSEGPQGVR,192,209,1,1743.78771629197,2,2,Tupaia chinensis,Tupaia,,Tupaiidae,Scandentia
443,GSEGPQGVR,201,209,0,886.4377200951399,0,0,Tupaia chinensis,Tupaia,,Tupaiidae,Scandentia
444,GSEGPQGVR,201,209,0,887.4217360951399,0,1,Tupaia chinensis,Tupaia,,Tupaiidae,Scandentia
445,GSEGPQGVR,201,209,0,902.4318700951399,1,0,Tupaia chinensis,Tupaia,,Tupaiidae,Scandentia
446,GSEGPQGVR,201,209,0,903.4158860951399,1,1,Tupaia chinensis,Tupaia,,Tupaiidae,Scandentia
447,GSEGPQGVRGEPGPPGPAGAAGPAGNPGADGQPGAK,201,236,1,3119.4889273026997,0,0,Tupaia chinensis,Tupaia,,Tupaiidae,Scandentia
448,GSEGPQGVRGEPGPPGPAGAAGPAGNPGADGQPGAK,201,236,1,3120.4729433026996,0,1,Tupaia chinensis,Tupaia,,Tupaiidae,Scandentia
449,GSEGPQGVRGEPGPPGPAGAAGPAGNPGADGQPGAK,201,236,1,3121.4569593027,0,2,Tupaia chinensis,Tupaia,,Tupaiidae,Scandentia
450,GSEGPQGVRGEPGPPGPAGAAGPAGNPGADGQPGAK,201,236,1,3122.4409753027,0,3,Tupaia chinensis,Tupaia,,Tupaiidae,Scandentia
451,GSEGPQGVRGEPGPPGPAGAAGPAGNPGADGQPGAK,201,236,1,3135.4830773026997,1,0,Tupaia chinensis,Tupaia,,Tupaiidae,Scandentia
452,GSEGPQGVRGEPGPPGPAGAAGPAGNPGADGQPGAK,201,236,1,3136.4670933026996,1,1,Tupaia chinensis,Tupaia,,Tupaiidae,Scandentia
453,GSEGPQGVRGEPGPPGPAGAAGPAGNPGADGQPGAK,201,236,1,3137.4511093027,1,2,Tupaia chinensis,Tupaia,,Tupaiidae,Scandentia
454,GSEGPQGVRGEPGPPGPAGAAGPAGNPGADGQPGAK,201,236,1,3138.4351253027,1,3,Tupaia chinensis,Tupaia,,Tupaiidae,Scandentia
455,GSEGPQGVRGEPGPPGPAGAAGPAGNPGADGQPGAK,201,236,1,3151.4772273026997,2,0,Tupaia chinensis,Tupaia,,Tupaiidae,Scandentia
456,GSEGPQGVRGEPGPPGPAGAAGPAGNPGADGQPGAK,201,236,1,3152.4612433026996,2,1,Tupaia chinensis,Tupaia,,Tupaiidae,Scandentia
457,GSEGPQGVRGEPGPPGPAGAAGPAGNPGADGQPGAK,201,236,1,3153.4452593027,2,2,Tupaia chinensis,Tupaia,,Tupaiidae,Scandentia
458,GSEGPQGVRGEPGPPGPAGAAGPAGNPGADGQPGAK,201,236,1,3154.4292753027,2,3,Tupaia chinensis,Tupaia,,Tupaiidae,Scandentia
459,GSEGPQGVRGEPGPPGPAGAAGPAGNPGADGQPGAK,201,236,1,3167.4713773026997,3,0,Tupaia chinensis,Tupaia,,Tupaiidae,Scandentia
460,GSEGPQGVRGEPGPPGPAGAAGPAGNPGADGQPGAK,201,236,1,3168.4553933026996,3,1,Tupaia chinensis,Tupaia,,Tupaiidae,Scandentia
461,GSEGPQGVRGEPGPPGPAGAAGPAGNPGADGQPGAK,201,236,1,3169.4394093027,3,2,Tupaia chinensis,Tupaia,,Tupaiidae,Scandentia
462,GSEGPQGVRGEPGPPGPAGAAGPAGNPGADGQPGAK,201,236,1,3170.4234253027,3,3,Tupaia chinensis,Tupaia,,Tupaiidae,Scandentia
463,GSEGPQGVRGEPGPPGPAGAAGPAGNPGADGQPGAK,201,236,1,3183.4655273026997,4,0,Tupaia chinensis,Tupaia,,Tupaiidae,Scandentia
464,GSEGPQGVRGEPGPPGPAGAAGPAGNPGADGQPGAK,201,236,1,3184.4495433026996,4,1,Tupaia chinensis,Tupaia,,Tupaiidae,Scandentia
465,GSEGPQGVRGEPGPPGPAGAAGPAGNPGADGQPGAK,201,236,1,3185.4335593027,4,2,Tupaia chinensis,Tupaia,,Tupaiidae,Scandentia
466,GSEGPQGVRGEPGPPGPAGAAGPAGNPGADGQPGAK,201,236,1,3186.4175753027,4,3,Tupaia chinensis,Tupaia,,Tupaiidae,Scandentia
467,GSEGPQGVRGEPGPPGPAGAAGPAGNPGADGQPGAK,201,236,1,3199.4596773026997,5,0,Tupaia chinensis,Tupaia,,Tupaiidae,Scandentia
468,GSEGPQGVRGEPGPPGPAGAAGPAGNPGADGQPGAK,201,236,1,3200.4436933026996,5,1,Tupaia chinensis,Tupaia,,Tupaiidae,Scandentia
469,GSEGPQGVRGEPGPPGPAGAAGPAGNPGADGQPGAK,201,236,1,3201.4277093027,5,2,Tupaia chinensis,Tupaia,,Tupaiidae,Scandentia
470,GSEGPQGVRGEPGPPGPAGAAGPAGNPGADGQPGAK,201,236,1,3202.4117253027,5,3,Tupaia chinensis,Tupaia,,Tupaiidae,Scandentia
471,GSEGPQGVRGEPGPPGPAGAAGPAGNPGADGQPGAK,201,236,1,3215.4538273026997,6,0,Tupaia chinensis,Tupaia,,Tupaiidae,Scandentia
472,GSEGPQGVRGEPGPPGPAGAAGPAGNPGADGQPGAK,201,236,1,3216.4378433026995,6,1,Tupaia chinensis,Tupaia,,Tupaiidae,Scandentia
473,GSEGPQGVRGEPGPPGPAGAAGPAGNPGADGQPGAK,201,236,1,3217.4218593027,6,2,Tupaia chinensis,Tupaia,,Tupaiidae,Scandentia
474,GSEGPQGVRGEPGPPGPAGAAGPAGNPGADGQPGAK,201,236,1,3218.4058753026998,6,3,Tupaia chinensis,Tupaia,,Tupaiidae,Scandentia
475,GSEGPQGVRGEPGPPGPAGAAGPAGNPGADGQPGAK,201,236,1,3231.4479773026997,7,0,Tupaia chinensis,Tupaia,,Tupaiidae,Scandentia
476,GSEGPQGVRGEPGPPGPAGAAGPAGNPGADGQPGAK,201,236,1,3232.4319933026995,7,1,Tupaia chinensis,Tupaia,,Tupaiidae,Scandentia
477,GSEGPQGVRGEPGPPGPAGAAGPAGNPGADGQPGAK,201,236,1,3233.4160093027,7,2,Tupaia chinensis,Tupaia,,Tupaiidae,Scandentia
478,GSEGPQGVRGEPGPPGPAGAAGPAGNPGADGQPGAK,201,236,1,3234.4000253026998,7,3,Tupaia chinensis,Tupaia,,Tupaiidae,Scandentia
479,GSEGPQGVRGEPGPPGPAGAAGPAGNPGADGQPGAK,201,236,1,3247.4421273026996,8,0,Tupaia chinensis,Tupaia,,Tupaiidae,Scandentia
480,GSEGPQGVRGEPGPPGPAGAAGPAGNPGADGQPGAK,201,236,1,3248.4261433026995,8,1,Tupaia chinensis,Tupaia,,Tupaiidae,Scandentia
481,GSEGPQGVRGEPGPPGPAGAAGPAGNPGADGQPGAK,201,236,1,3249.4101593027,8,2,Tupaia chinensis,Tupaia,,Tupaiidae,Scandentia
482,GSEGPQGVRGEPGPPGPAGAAGPAGNPGADGQPGAK,201,236,1,3250.3941753026998,8,3,Tupaia chinensis,Tupaia,,Tupaiidae,Scandentia
483,GSEGPQGVRGEPGPPGPAGAAGPAGNPGADGQPGAK,201,236,1,3263.4362773026996,9,0,Tupaia chinensis,Tupaia,,Tupaiidae,Scandentia
484,GSEGPQGVRGEPGPPGPAGAAGPAGNPGADGQPGAK,201,236,1,3264.4202933026995,9,1,Tupaia chinensis,Tupaia,,Tupaiidae,Scandentia
485,GSEGPQGVRGEPGPPGPAGAAGPAGNPGADGQPGAK,201,236,1,3265.4043093027,9,2,Tupaia chinensis,Tupaia,,Tupaiidae,Scandentia
486,GSEGPQGVRGEPGPPGPAGAAGPAGNPGADGQPGAK,201,236,1,3266.3883253026997,9,3,Tupaia chinensis,Tupaia,,Tupaiidae,Scandentia
487,GEPGPPGPAGAAGPAGNPGADGQPGAKGANGAPGIAGAPGFPGAR,210,254,1,3770.8382075064096,0,0,Tupaia chinensis,Tupaia,,Tupaiidae,Scandentia
488,GEPGPPGPAGAAGPAGNPGADGQPGAKGANGAPGIAGAPGFPGAR,210,254,1,3771.8222235064095,0,1,Tupaia chinensis,Tupaia,,Tupaiidae,Scandentia
489,GEPGPPGPAGAAGPAGNPGADGQPGAKGANGAPGIAGAPGFPGAR,210,254,1,3772.80623950641,0,2,Tupaia chinensis,Tupaia,,Tupaiidae,Scandentia
490,GEPGPPGPAGAAGPAGNPGADGQPGAKGANGAPGIAGAPGFPGAR,210,254,1,3773.7902555064097,0,3,Tupaia chinensis,Tupaia,,Tupaiidae,Scandentia
491,GEPGPPGPAGAAGPAGNPGADGQPGAKGANGAPGIAGAPGFPGAR,210,254,1,3786.8323575064096,1,0,Tupaia chinensis,Tupaia,,Tupaiidae,Scandentia
492,GEPGPPGPAGAAGPAGNPGADGQPGAKGANGAPGIAGAPGFPGAR,210,254,1,3787.8163735064095,1,1,Tupaia chinensis,Tupaia,,Tupaiidae,Scandentia
493,GEPGPPGPAGAAGPAGNPGADGQPGAKGANGAPGIAGAPGFPGAR,210,254,1,3788.80038950641,1,2,Tupaia chinensis,Tupaia,,Tupaiidae,Scandentia
494,GEPGPPGPAGAAGPAGNPGADGQPGAKGANGAPGIAGAPGFPGAR,210,254,1,3789.7844055064097,1,3,Tupaia chinensis,Tupaia,,Tupaiidae,Scandentia
495,GEPGPPGPAGAAGPAGNPGADGQPGAKGANGAPGIAGAPGFPGAR,210,254,1,3802.8265075064096,2,0,Tupaia chinensis,Tupaia,,Tupaiidae,Scandentia
496,GEPGPPGPAGAAGPAGNPGADGQPGAKGANGAPGIAGAPGFPGAR,210,254,1,3803.8105235064095,2,1,Tupaia chinensis,Tupaia,,Tupaiidae,Scandentia
497,GEPGPPGPAGAAGPAGNPGADGQPGAKGANGAPGIAGAPGFPGAR,210,254,1,3804.79453950641,2,2,Tupaia chinensis,Tupaia,,Tupaiidae,Scandentia
498,GEPGPPGPAGAAGPAGNPGADGQPGAKGANGAPGIAGAPGFPGAR,210,254,1,3805.7785555064097,2,3,Tupaia chinensis,Tupaia,,Tupaiidae,Scandentia
499,GEPGPPGPAGAAGPAGNPGADGQPGAKGANGAPGIAGAPGFPGAR,210,254,1,3818.8206575064096,3,0,Tupaia chinensis,Tupaia,,Tupaiidae,Scandentia
500,GEPGPPGPAGAAGPAGNPGADGQPGAKGANGAPGIAGAPGFPGAR,210,254,1,3819.8046735064095,3,1,Tupaia chinensis,Tupaia,,Tupaiidae,Scandentia
501,GEPGPPGPAGAAGPAGNPGADGQPGAKGANGAPGIAGAPGFPGAR,210,254,1,3820.78868950641,3,2,Tupaia chinensis,Tupaia,,Tupaiidae,Scandentia
502,GEPGPPGPAGAAGPAGNPGADGQPGAKGANGAPGIAGAPGFPGAR,210,254,1,3821.7727055064097,3,3,Tupaia chinensis,Tupaia,,Tupaiidae,Scandentia
503,GEPGPPGPAGAAGPAGNPGADGQPGAKGANGAPGIAGAPGFPGAR,210,254,1,3834.8148075064096,4,0,Tupaia chinensis,Tupaia,,Tupaiidae,Scandentia
504,GEPGPPGPAGAAGPAGNPGADGQPGAKGANGAPGIAGAPGFPGAR,210,254,1,3835.7988235064095,4,1,Tupaia chinensis,Tupaia,,Tupaiidae,Scandentia
505,GEPGPPGPAGAAGPAGNPGADGQPGAKGANGAPGIAGAPGFPGAR,210,254,1,3836.78283950641,4,2,Tupaia chinensis,Tupaia,,Tupaiidae,Scandentia
506,GEPGPPGPAGAAGPAGNPGADGQPGAKGANGAPGIAGAPGFPGAR,210,254,1,3837.7668555064097,4,3,Tupaia chinensis,Tupaia,,Tupaiidae,Scandentia
507,GEPGPPGPAGAAGPAGNPGADGQPGAKGANGAPGIAGAPGFPGAR,210,254,1,3850.8089575064096,5,0,Tupaia chinensis,Tupaia,,Tupaiidae,Scandentia
508,GEPGPPGPAGAAGPAGNPGADGQPGAKGANGAPGIAGAPGFPGAR,210,254,1,3851.7929735064095,5,1,Tupaia chinensis,Tupaia,,Tupaiidae,Scandentia
509,GEPGPPGPAGAAGPAGNPGADGQPGAKGANGAPGIAGAPGFPGAR,210,254,1,3852.77698950641,5,2,Tupaia chinensis,Tupaia,,Tupaiidae,Scandentia
510,GEPGPPGPAGAAGPAGNPGADGQPGAKGANGAPGIAGAPGFPGAR,210,254,1,3853.7610055064097,5,3,Tupaia chinensis,Tupaia,,Tupaiidae,Scandentia
511,GEPGPPGPAGAAGPAGNPGADGQPGAKGANGAPGIAGAPGFPGAR,210,254,1,3866.8031075064096,6,0,Tupaia chinensis,Tupaia,,Tupaiidae,Scandentia
512,GEPGPPGPAGAAGPAGNPGADGQPGAKGANGAPGIAGAPGFPGAR,210,254,1,3867.7871235064094,6,1,Tupaia chinensis,Tupaia,,Tupaiidae,Scandentia
513,GEPGPPGPAGAAGPAGNPGADGQPGAKGANGAPGIAGAPGFPGAR,210,254,1,3868.77113950641,6,2,Tupaia chinensis,Tupaia,,Tupaiidae,Scandentia
514,GEPGPPGPAGAAGPAGNPGADGQPGAKGANGAPGIAGAPGFPGAR,210,254,1,3869.7551555064097,6,3,Tupaia chinensis,Tupaia,,Tupaiidae,Scandentia
515,GEPGPPGPAGAAGPAGNPGADGQPGAKGANGAPGIAGAPGFPGAR,210,254,1,3882.7972575064096,7,0,Tupaia chinensis,Tupaia,,Tupaiidae,Scandentia
516,GEPGPPGPAGAAGPAGNPGADGQPGAKGANGAPGIAGAPGFPGAR,210,254,1,3883.7812735064094,7,1,Tupaia chinensis,Tupaia,,Tupaiidae,Scandentia
517,GEPGPPGPAGAAGPAGNPGADGQPGAKGANGAPGIAGAPGFPGAR,210,254,1,3884.7652895064098,7,2,Tupaia chinensis,Tupaia,,Tupaiidae,Scandentia
518,GEPGPPGPAGAAGPAGNPGADGQPGAKGANGAPGIAGAPGFPGAR,210,254,1,3885.7493055064097,7,3,Tupaia chinensis,Tupaia,,Tupaiidae,Scandentia
519,GEPGPPGPAGAAGPAGNPGADGQPGAKGANGAPGIAGAPGFPGAR,210,254,1,3898.7914075064095,8,0,Tupaia chinensis,Tupaia,,Tupaiidae,Scandentia
520,GEPGPPGPAGAAGPAGNPGADGQPGAKGANGAPGIAGAPGFPGAR,210,254,1,3899.7754235064094,8,1,Tupaia chinensis,Tupaia,,Tupaiidae,Scandentia
521,GEPGPPGPAGAAGPAGNPGADGQPGAKGANGAPGIAGAPGFPGAR,210,254,1,3900.7594395064098,8,2,Tupaia chinensis,Tupaia,,Tupaiidae,Scandentia
522,GEPGPPGPAGAAGPAGNPGADGQPGAKGANGAPGIAGAPGFPGAR,210,254,1,3901.7434555064096,8,3,Tupaia chinensis,Tupaia,,Tupaiidae,Scandentia
523,GEPGPPGPAGAAGPAGNPGADGQPGAKGANGAPGIAGAPGFPGAR,210,254,1,3914.7855575064095,9,0,Tupaia chinensis,Tupaia,,Tupaiidae,Scandentia
524,GEPGPPGPAGAAGPAGNPGADGQPGAKGANGAPGIAGAPGFPGAR,210,254,1,3915.7695735064094,9,1,Tupaia chinensis,Tupaia,,Tupaiidae,Scandentia
525,GEPGPPGPAGAAGPAGNPGADGQPGAKGANGAPGIAGAPGFPGAR,210,254,1,3916.7535895064098,9,2,Tupaia chinensis,Tupaia,,Tupaiidae,Scandentia
526,GEPGPPGPAGAAGPAGNPGADGQPGAKGANGAPGIAGAPGFPGAR,210,254,1,3917.7376055064096,9,3,Tupaia chinensis,Tupaia,,Tupaiidae,Scandentia
527,GEPGPPGPAGAAGPAGNPGADGQPGAKGANGAPGIAGAPGFPGAR,210,254,1,3930.7797075064095,10,0,Tupaia chinensis,Tupaia,,Tupaiidae,Scandentia
528,GEPGPPGPAGAAGPAGNPGADGQPGAKGANGAPGIAGAPGFPGAR,210,254,1,3931.7637235064094,10,1,Tupaia chinensis,Tupaia,,Tupaiidae,Scandentia
529,GEPGPPGPAGAAGPAGNPGADGQPGAKGANGAPGIAGAPGFPGAR,210,254,1,3932.7477395064097,10,2,Tupaia chinensis,Tupaia,,Tupaiidae,Scandentia
530,GEPGPPGPAGAAGPAGNPGADGQPGAKGANGAPGIAGAPGFPGAR,210,254,1,3933.7317555064096,10,3,Tupaia chinensis,Tupaia,,Tupaiidae,Scandentia
531,GEPGPPGPAGAAGPAGNPGADGQPGAKGANGAPGIAGAPGFPGAR,210,254,1,3946.7738575064095,11,0,Tupaia chinensis,Tupaia,,Tupaiidae,Scandentia
532,GEPGPPGPAGAAGPAGNPGADGQPGAKGANGAPGIAGAPGFPGAR,210,254,1,3947.7578735064094,11,1,Tupaia chinensis,Tupaia,,Tupaiidae,Scandentia
533,GEPGPPGPAGAAGPAGNPGADGQPGAKGANGAPGIAGAPGFPGAR,210,254,1,3948.7418895064097,11,2,Tupaia chinensis,Tupaia,,Tupaiidae,Scandentia
534,GEPGPPGPAGAAGPAGNPGADGQPGAKGANGAPGIAGAPGFPGAR,210,254,1,3949.7259055064096,11,3,Tupaia chinensis,Tupaia,,Tupaiidae,Scandentia
535,GEPGPPGPAGAAGPAGNPGADGQPGAK,210,236,0,2252.0690483580297,0,0,Tupaia chinensis,Tupaia,,Tupaiidae,Scandentia
536,GEPGPPGPAGAAGPAGNPGADGQPGAK,210,236,0,2253.0530643580296,0,1,Tupaia chinensis,Tupaia,,Tupaiidae,Scandentia
537,GEPGPPGPAGAAGPAGNPGADGQPGAK,210,236,0,2254.03708035803,0,2,Tupaia chinensis,Tupaia,,Tupaiidae,Scandentia
538,GEPGPPGPAGAAGPAGNPGADGQPGAK,210,236,0,2268.0631983580297,1,0,Tupaia chinensis,Tupaia,,Tupaiidae,Scandentia
539,GEPGPPGPAGAAGPAGNPGADGQPGAK,210,236,0,2269.0472143580296,1,1,Tupaia chinensis,Tupaia,,Tupaiidae,Scandentia
540,GEPGPPGPAGAAGPAGNPGADGQPGAK,210,236,0,2270.03123035803,1,2,Tupaia chinensis,Tupaia,,Tupaiidae,Scandentia
541,GEPGPPGPAGAAGPAGNPGADGQPGAK,210,236,0,2284.0573483580297,2,0,Tupaia chinensis,Tupaia,,Tupaiidae,Scandentia
542,GEPGPPGPAGAAGPAGNPGADGQPGAK,210,236,0,2285.0413643580296,2,1,Tupaia chinensis,Tupaia,,Tupaiidae,Scandentia
543,GEPGPPGPAGAAGPAGNPGADGQPGAK,210,236,0,2286.02538035803,2,2,Tupaia chinensis,Tupaia,,Tupaiidae,Scandentia
544,GEPGPPGPAGAAGPAGNPGADGQPGAK,210,236,0,2300.0514983580297,3,0,Tupaia chinensis,Tupaia,,Tupaiidae,Scandentia
545,GEPGPPGPAGAAGPAGNPGADGQPGAK,210,236,0,2301.0355143580296,3,1,Tupaia chinensis,Tupaia,,Tupaiidae,Scandentia
546,GEPGPPGPAGAAGPAGNPGADGQPGAK,210,236,0,2302.01953035803,3,2,Tupaia chinensis,Tupaia,,Tupaiidae,Scandentia
547,GEPGPPGPAGAAGPAGNPGADGQPGAK,210,236,0,2316.0456483580297,4,0,Tupaia chinensis,Tupaia,,Tupaiidae,Scandentia
548,GEPGPPGPAGAAGPAGNPGADGQPGAK,210,236,0,2317.0296643580295,4,1,Tupaia chinensis,Tupaia,,Tupaiidae,Scandentia
549,GEPGPPGPAGAAGPAGNPGADGQPGAK,210,236,0,2318.01368035803,4,2,Tupaia chinensis,Tupaia,,Tupaiidae,Scandentia
550,GEPGPPGPAGAAGPAGNPGADGQPGAK,210,236,0,2332.0397983580297,5,0,Tupaia chinensis,Tupaia,,Tupaiidae,Scandentia
551,GEPGPPGPAGAAGPAGNPGADGQPGAK,210,236,0,2333.0238143580295,5,1,Tupaia chinensis,Tupaia,,Tupaiidae,Scandentia
552,GEPGPPGPAGAAGPAGNPGADGQPGAK,210,236,0,2334.00783035803,5,2,Tupaia chinensis,Tupaia,,Tupaiidae,Scandentia
553,GEPGPPGPAGAAGPAGNPGADGQPGAK,210,236,0,2348.0339483580296,6,0,Tupaia chinensis,Tupaia,,Tupaiidae,Scandentia
554,GEPGPPGPAGAAGPAGNPGADGQPGAK,210,236,0,2349.0179643580295,6,1,Tupaia chinensis,Tupaia,,Tupaiidae,Scandentia
555,GEPGPPGPAGAAGPAGNPGADGQPGAK,210,236,0,2350.00198035803,6,2,Tupaia chinensis,Tupaia,,Tupaiidae,Scandentia
556,GEPGPPGPAGAAGPAGNPGADGQPGAK,210,236,0,2364.0280983580296,7,0,Tupaia chinensis,Tupaia,,Tupaiidae,Scandentia
557,GEPGPPGPAGAAGPAGNPGADGQPGAK,210,236,0,2365.0121143580295,7,1,Tupaia chinensis,Tupaia,,Tupaiidae,Scandentia
558,GEPGPPGPAGAAGPAGNPGADGQPGAK,210,236,0,2365.99613035803,7,2,Tupaia chinensis,Tupaia,,Tupaiidae,Scandentia
559,GEPGPPGPAGAAGPAGNPGADGQPGAK,210,236,0,2380.0222483580296,8,0,Tupaia chinensis,Tupaia,,Tupaiidae,Scandentia
560,GEPGPPGPAGAAGPAGNPGADGQPGAK,210,236,0,2381.0062643580295,8,1,Tupaia chinensis,Tupaia,,Tupaiidae,Scandentia
561,GEPGPPGPAGAAGPAGNPGADGQPGAK,210,236,0,2381.99028035803,8,2,Tupaia chinensis,Tupaia,,Tupaiidae,Scandentia
562,GANGAPGIAGAPGFPGAR,237,254,0,1537.78700029885,0,0,Tupaia chinensis,Tupaia,,Tupaiidae,Scandentia
563,GANGAPGIAGAPGFPGAR,237,254,0,1538.77101629885,0,1,Tupaia chinensis,Tupaia,,Tupaiidae,Scandentia
564,GANGAPGIAGAPGFPGAR,237,254,0,1553.78115029885,1,0,Tupaia chinensis,Tupaia,,Tupaiidae,Scandentia
565,GANGAPGIAGAPGFPGAR,237,254,0,1554.76516629885,1,1,Tupaia chinensis,Tupaia,,Tupaiidae,Scandentia
566,GANGAPGIAGAPGFPGAR,237,254,0,1569.77530029885,2,0,Tupaia chinensis,Tupaia,,Tupaiidae,Scandentia
567,GANGAPGIAGAPGFPGAR,237,254,0,1570.75931629885,2,1,Tupaia chinensis,Tupaia,,Tupaiidae,Scandentia
568,GANGAPGIAGAPGFPGAR,237,254,0,1585.76945029885,3,0,Tupaia chinensis,Tupaia,,Tupaiidae,Scandentia
569,GANGAPGIAGAPGFPGAR,237,254,0,1586.75346629885,3,1,Tupaia chinensis,Tupaia,,Tupaiidae,Scandentia
570,GANGAPGIAGAPGFPGARGPSGPQGPSGPPGPK,237,269,1,2835.4284993226197,0,0,Tupaia chinensis,Tupaia,,Tupaiidae,Scandentia
571,GANGAPGIAGAPGFPGARGPSGPQGPSGPPGPK,237,269,1,2836.4125153226196,0,1,Tupaia chinensis,Tupaia,,Tupaiidae,Scandentia
572,GANGAPGIAGAPGFPGARGPSGPQGPSGPPGPK,237,269,1,2837.39653132262,0,2,Tupaia chinensis,Tupaia,,Tupaiidae,Scandentia
573,GANGAPGIAGAPGFPGARGPSGPQGPSGPPGPK,237,269,1,2851.4226493226197,1,0,Tupaia chinensis,Tupaia,,Tupaiidae,Scandentia
574,GANGAPGIAGAPGFPGARGPSGPQGPSGPPGPK,237,269,1,2852.4066653226196,1,1,Tupaia chinensis,Tupaia,,Tupaiidae,Scandentia
575,GANGAPGIAGAPGFPGARGPSGPQGPSGPPGPK,237,269,1,2853.39068132262,1,2,Tupaia chinensis,Tupaia,,Tupaiidae,Scandentia
576,GANGAPGIAGAPGFPGARGPSGPQGPSGPPGPK,237,269,1,2867.4167993226197,2,0,Tupaia chinensis,Tupaia,,Tupaiidae,Scandentia
577,GANGAPGIAGAPGFPGARGPSGPQGPSGPPGPK,237,269,1,2868.4008153226196,2,1,Tupaia chinensis,Tupaia,,Tupaiidae,Scandentia
578,GANGAPGIAGAPGFPGARGPSGPQGPSGPPGPK,237,269,1,2869.38483132262,2,2,Tupaia chinensis,Tupaia,,Tupaiidae,Scandentia
579,GANGAPGIAGAPGFPGARGPSGPQGPSGPPGPK,237,269,1,2883.4109493226197,3,0,Tupaia chinensis,Tupaia,,Tupaiidae,Scandentia
580,GANGAPGIAGAPGFPGARGPSGPQGPSGPPGPK,237,269,1,2884.3949653226196,3,1,Tupaia chinensis,Tupaia,,Tupaiidae,Scandentia
581,GANGAPGIAGAPGFPGARGPSGPQGPSGPPGPK,237,269,1,2885.37898132262,3,2,Tupaia chinensis,Tupaia,,Tupaiidae,Scandentia
582,GANGAPGIAGAPGFPGARGPSGPQGPSGPPGPK,237,269,1,2899.4050993226197,4,0,Tupaia chinensis,Tupaia,,Tupaiidae,Scandentia
583,GANGAPGIAGAPGFPGARGPSGPQGPSGPPGPK,237,269,1,2900.3891153226195,4,1,Tupaia chinensis,Tupaia,,Tupaiidae,Scandentia
584,GANGAPGIAGAPGFPGARGPSGPQGPSGPPGPK,237,269,1,2901.37313132262,4,2,Tupaia chinensis,Tupaia,,Tupaiidae,Scandentia
585,GANGAPGIAGAPGFPGARGPSGPQGPSGPPGPK,237,269,1,2915.3992493226197,5,0,Tupaia chinensis,Tupaia,,Tupaiidae,Scandentia
586,GANGAPGIAGAPGFPGARGPSGPQGPSGPPGPK,237,269,1,2916.3832653226195,5,1,Tupaia chinensis,Tupaia,,Tupaiidae,Scandentia
587,GANGAPGIAGAPGFPGARGPSGPQGPSGPPGPK,237,269,1,2917.36728132262,5,2,Tupaia chinensis,Tupaia,,Tupaiidae,Scandentia
588,GANGAPGIAGAPGFPGARGPSGPQGPSGPPGPK,237,269,1,2931.3933993226196,6,0,Tupaia chinensis,Tupaia,,Tupaiidae,Scandentia
589,GANGAPGIAGAPGFPGARGPSGPQGPSGPPGPK,237,269,1,2932.3774153226195,6,1,Tupaia chinensis,Tupaia,,Tupaiidae,Scandentia
590,GANGAPGIAGAPGFPGARGPSGPQGPSGPPGPK,237,269,1,2933.36143132262,6,2,Tupaia chinensis,Tupaia,,Tupaiidae,Scandentia
591,GANGAPGIAGAPGFPGARGPSGPQGPSGPPGPK,237,269,1,2947.3875493226196,7,0,Tupaia chinensis,Tupaia,,Tupaiidae,Scandentia
592,GANGAPGIAGAPGFPGARGPSGPQGPSGPPGPK,237,269,1,2948.3715653226195,7,1,Tupaia chinensis,Tupaia,,Tupaiidae,Scandentia
593,GANGAPGIAGAPGFPGARGPSGPQGPSGPPGPK,237,269,1,2949.35558132262,7,2,Tupaia chinensis,Tupaia,,Tupaiidae,Scandentia
594,GANGAPGIAGAPGFPGARGPSGPQGPSGPPGPK,237,269,1,2963.3816993226196,8,0,Tupaia chinensis,Tupaia,,Tupaiidae,Scandentia
595,GANGAPGIAGAPGFPGARGPSGPQGPSGPPGPK,237,269,1,2964.3657153226195,8,1,Tupaia chinensis,Tupaia,,Tupaiidae,Scandentia
596,GANGAPGIAGAPGFPGARGPSGPQGPSGPPGPK,237,269,1,2965.34973132262,8,2,Tupaia chinensis,Tupaia,,Tupaiidae,Scandentia
597,GANGAPGIAGAPGFPGARGPSGPQGPSGPPGPK,237,269,1,2979.3758493226196,9,0,Tupaia chinensis,Tupaia,,Tupaiidae,Scandentia
598,GANGAPGIAGAPGFPGARGPSGPQGPSGPPGPK,237,269,1,2980.3598653226195,9,1,Tupaia chinensis,Tupaia,,Tupaiidae,Scandentia
599,GANGAPGIAGAPGFPGARGPSGPQGPSGPPGPK,237,269,1,2981.34388132262,9,2,Tupaia chinensis,Tupaia,,Tupaiidae,Scandentia
600,GANGAPGIAGAPGFPGARGPSGPQGPSGPPGPK,237,269,1,2995.3699993226196,10,0,Tupaia chinensis,Tupaia,,Tupaiidae,Scandentia
601,GANGAPGIAGAPGFPGARGPSGPQGPSGPPGPK,237,269,1,2996.3540153226195,10,1,Tupaia chinensis,Tupaia,,Tupaiidae,Scandentia
602,GANGAPGIAGAPGFPGARGPSGPQGPSGPPGPK,237,269,1,2997.33803132262,10,2,Tupaia chinensis,Tupaia,,Tupaiidae,Scandentia
603,GPSGPQGPSGPPGPKGNSGEPGAPGNK,255,281,1,2382.14327592745,0,0,Tupaia chinensis,Tupaia,,Tupaiidae,Scandentia
604,GPSGPQGPSGPPGPKGNSGEPGAPGNK,255,281,1,2383.1272919274497,0,1,Tupaia chinensis,Tupaia,,Tupaiidae,Scandentia
605,GPSGPQGPSGPPGPKGNSGEPGAPGNK,255,281,1,2384.11130792745,0,2,Tupaia chinensis,Tupaia,,Tupaiidae,Scandentia
606,GPSGPQGPSGPPGPKGNSGEPGAPGNK,255,281,1,2385.09532392745,0,3,Tupaia chinensis,Tupaia,,Tupaiidae,Scandentia
607,GPSGPQGPSGPPGPKGNSGEPGAPGNK,255,281,1,2398.13742592745,1,0,Tupaia chinensis,Tupaia,,Tupaiidae,Scandentia
608,GPSGPQGPSGPPGPKGNSGEPGAPGNK,255,281,1,2399.1214419274497,1,1,Tupaia chinensis,Tupaia,,Tupaiidae,Scandentia
609,GPSGPQGPSGPPGPKGNSGEPGAPGNK,255,281,1,2400.10545792745,1,2,Tupaia chinensis,Tupaia,,Tupaiidae,Scandentia
610,GPSGPQGPSGPPGPKGNSGEPGAPGNK,255,281,1,2401.08947392745,1,3,Tupaia chinensis,Tupaia,,Tupaiidae,Scandentia
611,GPSGPQGPSGPPGPKGNSGEPGAPGNK,255,281,1,2414.13157592745,2,0,Tupaia chinensis,Tupaia,,Tupaiidae,Scandentia
612,GPSGPQGPSGPPGPKGNSGEPGAPGNK,255,281,1,2415.1155919274497,2,1,Tupaia chinensis,Tupaia,,Tupaiidae,Scandentia
613,GPSGPQGPSGPPGPKGNSGEPGAPGNK,255,281,1,2416.09960792745,2,2,Tupaia chinensis,Tupaia,,Tupaiidae,Scandentia
614,GPSGPQGPSGPPGPKGNSGEPGAPGNK,255,281,1,2417.08362392745,2,3,Tupaia chinensis,Tupaia,,Tupaiidae,Scandentia
615,GPSGPQGPSGPPGPKGNSGEPGAPGNK,255,281,1,2430.12572592745,3,0,Tupaia chinensis,Tupaia,,Tupaiidae,Scandentia
616,GPSGPQGPSGPPGPKGNSGEPGAPGNK,255,281,1,2431.1097419274497,3,1,Tupaia chinensis,Tupaia,,Tupaiidae,Scandentia
617,GPSGPQGPSGPPGPKGNSGEPGAPGNK,255,281,1,2432.09375792745,3,2,Tupaia chinensis,Tupaia,,Tupaiidae,Scandentia
618,GPSGPQGPSGPPGPKGNSGEPGAPGNK,255,281,1,2433.07777392745,3,3,Tupaia chinensis,Tupaia,,Tupaiidae,Scandentia
619,GPSGPQGPSGPPGPKGNSGEPGAPGNK,255,281,1,2446.11987592745,4,0,Tupaia chinensis,Tupaia,,Tupaiidae,Scandentia
620,GPSGPQGPSGPPGPKGNSGEPGAPGNK,255,281,1,2447.1038919274497,4,1,Tupaia chinensis,Tupaia,,Tupaiidae,Scandentia
621,GPSGPQGPSGPPGPKGNSGEPGAPGNK,255,281,1,2448.08790792745,4,2,Tupaia chinensis,Tupaia,,Tupaiidae,Scandentia
622,GPSGPQGPSGPPGPKGNSGEPGAPGNK,255,281,1,2449.07192392745,4,3,Tupaia chinensis,Tupaia,,Tupaiidae,Scandentia
623,GPSGPQGPSGPPGPKGNSGEPGAPGNK,255,281,1,2462.11402592745,5,0,Tupaia chinensis,Tupaia,,Tupaiidae,Scandentia
624,GPSGPQGPSGPPGPKGNSGEPGAPGNK,255,281,1,2463.0980419274497,5,1,Tupaia chinensis,Tupaia,,Tupaiidae,Scandentia
625,GPSGPQGPSGPPGPKGNSGEPGAPGNK,255,281,1,2464.08205792745,5,2,Tupaia chinensis,Tupaia,,Tupaiidae,Scandentia
626,GPSGPQGPSGPPGPKGNSGEPGAPGNK,255,281,1,2465.06607392745,5,3,Tupaia chinensis,Tupaia,,Tupaiidae,Scandentia
627,GPSGPQGPSGPPGPKGNSGEPGAPGNK,255,281,1,2478.10817592745,6,0,Tupaia chinensis,Tupaia,,Tupaiidae,Scandentia
628,GPSGPQGPSGPPGPKGNSGEPGAPGNK,255,281,1,2479.0921919274497,6,1,Tupaia chinensis,Tupaia,,Tupaiidae,Scandentia
629,GPSGPQGPSGPPGPKGNSGEPGAPGNK,255,281,1,2480.07620792745,6,2,Tupaia chinensis,Tupaia,,Tupaiidae,Scandentia
630,GPSGPQGPSGPPGPKGNSGEPGAPGNK,255,281,1,2481.06022392745,6,3,Tupaia chinensis,Tupaia,,Tupaiidae,Scandentia
631,GPSGPQGPSGPPGPKGNSGEPGAPGNK,255,281,1,2494.10232592745,7,0,Tupaia chinensis,Tupaia,,Tupaiidae,Scandentia
632,GPSGPQGPSGPPGPKGNSGEPGAPGNK,255,281,1,2495.0863419274497,7,1,Tupaia chinensis,Tupaia,,Tupaiidae,Scandentia
633,GPSGPQGPSGPPGPKGNSGEPGAPGNK,255,281,1,2496.07035792745,7,2,Tupaia chinensis,Tupaia,,Tupaiidae,Scandentia
634,GPSGPQGPSGPPGPKGNSGEPGAPGNK,255,281,1,2497.05437392745,7,3,Tupaia chinensis,Tupaia,,Tupaiidae,Scandentia
635,GPSGPQGPSGPPGPKGNSGEPGAPGNK,255,281,1,2510.09647592745,8,0,Tupaia chinensis,Tupaia,,Tupaiidae,Scandentia
636,GPSGPQGPSGPPGPKGNSGEPGAPGNK,255,281,1,2511.0804919274497,8,1,Tupaia chinensis,Tupaia,,Tupaiidae,Scandentia
637,GPSGPQGPSGPPGPKGNSGEPGAPGNK,255,281,1,2512.06450792745,8,2,Tupaia chinensis,Tupaia,,Tupaiidae,Scandentia
638,GPSGPQGPSGPPGPKGNSGEPGAPGNK,255,281,1,2513.04852392745,8,3,Tupaia chinensis,Tupaia,,Tupaiidae,Scandentia
639,GPSGPQGPSGPPGPKGNSGEPGAPGNK,255,281,1,2526.0906259274498,9,0,Tupaia chinensis,Tupaia,,Tupaiidae,Scandentia
640,GPSGPQGPSGPPGPKGNSGEPGAPGNK,255,281,1,2527.0746419274496,9,1,Tupaia chinensis,Tupaia,,Tupaiidae,Scandentia
641,GPSGPQGPSGPPGPKGNSGEPGAPGNK,255,281,1,2528.05865792745,9,2,Tupaia chinensis,Tupaia,,Tupaiidae,Scandentia
642,GPSGPQGPSGPPGPKGNSGEPGAPGNK,255,281,1,2529.04267392745,9,3,Tupaia chinensis,Tupaia,,Tupaiidae,Scandentia
643,GPSGPQGPSGPPGPKGNSGEPGAPGNK,255,281,1,2542.0847759274498,10,0,Tupaia chinensis,Tupaia,,Tupaiidae,Scandentia
644,GPSGPQGPSGPPGPKGNSGEPGAPGNK,255,281,1,2543.0687919274496,10,1,Tupaia chinensis,Tupaia,,Tupaiidae,Scandentia
645,GPSGPQGPSGPPGPKGNSGEPGAPGNK,255,281,1,2544.05280792745,10,2,Tupaia chinensis,Tupaia,,Tupaiidae,Scandentia
646,GPSGPQGPSGPPGPKGNSGEPGAPGNK,255,281,1,2545.03682392745,10,3,Tupaia chinensis,Tupaia,,Tupaiidae,Scandentia
647,GPSGPQGPSGPPGPK,255,269,0,1316.65934017424,0,0,Tupaia chinensis,Tupaia,,Tupaiidae,Scandentia
648,GPSGPQGPSGPPGPK,255,269,0,1317.6433561742401,0,1,Tupaia chinensis,Tupaia,,Tupaiidae,Scandentia
649,GPSGPQGPSGPPGPK,255,269,0,1332.65349017424,1,0,Tupaia chinensis,Tupaia,,Tupaiidae,Scandentia
650,GPSGPQGPSGPPGPK,255,269,0,1333.6375061742401,1,1,Tupaia chinensis,Tupaia,,Tupaiidae,Scandentia
651,GPSGPQGPSGPPGPK,255,269,0,1348.64764017424,2,0,Tupaia chinensis,Tupaia,,Tupaiidae,Scandentia
652,GPSGPQGPSGPPGPK,255,269,0,1349.63165617424,2,1,Tupaia chinensis,Tupaia,,Tupaiidae,Scandentia
653,GPSGPQGPSGPPGPK,255,269,0,1364.64179017424,3,0,Tupaia chinensis,Tupaia,,Tupaiidae,Scandentia
654,GPSGPQGPSGPPGPK,255,269,0,1365.62580617424,3,1,Tupaia chinensis,Tupaia,,Tupaiidae,Scandentia
655,GPSGPQGPSGPPGPK,255,269,0,1380.63594017424,4,0,Tupaia chinensis,Tupaia,,Tupaiidae,Scandentia
656,GPSGPQGPSGPPGPK,255,269,0,1381.61995617424,4,1,Tupaia chinensis,Tupaia,,Tupaiidae,Scandentia
657,GPSGPQGPSGPPGPK,255,269,0,1396.63009017424,5,0,Tupaia chinensis,Tupaia,,Tupaiidae,Scandentia
658,GPSGPQGPSGPPGPK,255,269,0,1397.61410617424,5,1,Tupaia chinensis,Tupaia,,Tupaiidae,Scandentia
659,GPSGPQGPSGPPGPK,255,269,0,1412.62424017424,6,0,Tupaia chinensis,Tupaia,,Tupaiidae,Scandentia
660,GPSGPQGPSGPPGPK,255,269,0,1413.60825617424,6,1,Tupaia chinensis,Tupaia,,Tupaiidae,Scandentia
661,GPSGPQGPSGPPGPK,255,269,0,1428.61839017424,7,0,Tupaia chinensis,Tupaia,,Tupaiidae,Scandentia
662,GPSGPQGPSGPPGPK,255,269,0,1429.60240617424,7,1,Tupaia chinensis,Tupaia,,Tupaiidae,Scandentia
663,GNSGEPGAPGNK,270,281,0,1084.5017769036801,0,0,Tupaia chinensis,Tupaia,,Tupaiidae,Scandentia
664,GNSGEPGAPGNK,270,281,0,1085.4857929036802,0,1,Tupaia chinensis,Tupaia,,Tupaiidae,Scandentia
665,GNSGEPGAPGNK,270,281,0,1086.4698089036801,0,2,Tupaia chinensis,Tupaia,,Tupaiidae,Scandentia
666,GNSGEPGAPGNK,270,281,0,1100.4959269036801,1,0,Tupaia chinensis,Tupaia,,Tupaiidae,Scandentia
667,GNSGEPGAPGNK,270,281,0,1101.4799429036802,1,1,Tupaia chinensis,Tupaia,,Tupaiidae,Scandentia
668,GNSGEPGAPGNK,270,281,0,1102.4639589036801,1,2,Tupaia chinensis,Tupaia,,Tupaiidae,Scandentia
669,GNSGEPGAPGNK,270,281,0,1116.4900769036801,2,0,Tupaia chinensis,Tupaia,,Tupaiidae,Scandentia
670,GNSGEPGAPGNK,270,281,0,1117.4740929036802,2,1,Tupaia chinensis,Tupaia,,Tupaiidae,Scandentia
671,GNSGEPGAPGNK,270,281,0,1118.45810890368,2,2,Tupaia chinensis,Tupaia,,Tupaiidae,Scandentia
672,GNSGEPGAPGNK,270,281,0,1132.48422690368,3,0,Tupaia chinensis,Tupaia,,Tupaiidae,Scandentia
673,GNSGEPGAPGNK,270,281,0,1133.4682429036802,3,1,Tupaia chinensis,Tupaia,,Tupaiidae,Scandentia
674,GNSGEPGAPGNK,270,281,0,1134.45225890368,3,2,Tupaia chinensis,Tupaia,,Tupaiidae,Scandentia
675,GNSGEPGAPGNKGDTGAK,270,287,1,1613.75140263577,0,0,Tupaia chinensis,Tupaia,,Tupaiidae,Scandentia
676,GNSGEPGAPGNKGDTGAK,270,287,1,1614.7354186357702,0,1,Tupaia chinensis,Tupaia,,Tupaiidae,Scandentia
677,GNSGEPGAPGNKGDTGAK,270,287,1,1615.71943463577,0,2,Tupaia chinensis,Tupaia,,Tupaiidae,Scandentia
678,GNSGEPGAPGNKGDTGAK,270,287,1,1629.74555263577,1,0,Tupaia chinensis,Tupaia,,Tupaiidae,Scandentia
679,GNSGEPGAPGNKGDTGAK,270,287,1,1630.7295686357702,1,1,Tupaia chinensis,Tupaia,,Tupaiidae,Scandentia
680,GNSGEPGAPGNKGDTGAK,270,287,1,1631.71358463577,1,2,Tupaia chinensis,Tupaia,,Tupaiidae,Scandentia
681,GNSGEPGAPGNKGDTGAK,270,287,1,1645.73970263577,2,0,Tupaia chinensis,Tupaia,,Tupaiidae,Scandentia
682,GNSGEPGAPGNKGDTGAK,270,287,1,1646.7237186357702,2,1,Tupaia chinensis,Tupaia,,Tupaiidae,Scandentia
683,GNSGEPGAPGNKGDTGAK,270,287,1,1647.70773463577,2,2,Tupaia chinensis,Tupaia,,Tupaiidae,Scandentia
684,GNSGEPGAPGNKGDTGAK,270,287,1,1661.73385263577,3,0,Tupaia chinensis,Tupaia,,Tupaiidae,Scandentia
685,GNSGEPGAPGNKGDTGAK,270,287,1,1662.7178686357702,3,1,Tupaia chinensis,Tupaia,,Tupaiidae,Scandentia
686,GNSGEPGAPGNKGDTGAK,270,287,1,1663.70188463577,3,2,Tupaia chinensis,Tupaia,,Tupaiidae,Scandentia
687,GNSGEPGAPGNKGDTGAK,270,287,1,1677.72800263577,4,0,Tupaia chinensis,Tupaia,,Tupaiidae,Scandentia
688,GNSGEPGAPGNKGDTGAK,270,287,1,1678.7120186357702,4,1,Tupaia chinensis,Tupaia,,Tupaiidae,Scandentia
689,GNSGEPGAPGNKGDTGAK,270,287,1,1679.69603463577,4,2,Tupaia chinensis,Tupaia,,Tupaiidae,Scandentia
690,GDTGAKGEPGPTGIQGPPGPAGEEGK,282,307,1,2361.13170818424,0,0,Tupaia chinensis,Tupaia,,Tupaiidae,Scandentia
691,GDTGAKGEPGPTGIQGPPGPAGEEGK,282,307,1,2362.1157241842398,0,1,Tupaia chinensis,Tupaia,,Tupaiidae,Scandentia
692,GDTGAKGEPGPTGIQGPPGPAGEEGK,282,307,1,2377.12585818424,1,0,Tupaia chinensis,Tupaia,,Tupaiidae,Scandentia
693,GDTGAKGEPGPTGIQGPPGPAGEEGK,282,307,1,2378.1098741842397,1,1,Tupaia chinensis,Tupaia,,Tupaiidae,Scandentia
694,GDTGAKGEPGPTGIQGPPGPAGEEGK,282,307,1,2393.12000818424,2,0,Tupaia chinensis,Tupaia,,Tupaiidae,Scandentia
695,GDTGAKGEPGPTGIQGPPGPAGEEGK,282,307,1,2394.1040241842397,2,1,Tupaia chinensis,Tupaia,,Tupaiidae,Scandentia
696,GDTGAKGEPGPTGIQGPPGPAGEEGK,282,307,1,2409.11415818424,3,0,Tupaia chinensis,Tupaia,,Tupaiidae,Scandentia
697,GDTGAKGEPGPTGIQGPPGPAGEEGK,282,307,1,2410.0981741842397,3,1,Tupaia chinensis,Tupaia,,Tupaiidae,Scandentia
698,GDTGAKGEPGPTGIQGPPGPAGEEGK,282,307,1,2425.10830818424,4,0,Tupaia chinensis,Tupaia,,Tupaiidae,Scandentia
699,GDTGAKGEPGPTGIQGPPGPAGEEGK,282,307,1,2426.0923241842397,4,1,Tupaia chinensis,Tupaia,,Tupaiidae,Scandentia
700,GDTGAKGEPGPTGIQGPPGPAGEEGK,282,307,1,2441.10245818424,5,0,Tupaia chinensis,Tupaia,,Tupaiidae,Scandentia
701,GDTGAKGEPGPTGIQGPPGPAGEEGK,282,307,1,2442.0864741842397,5,1,Tupaia chinensis,Tupaia,,Tupaiidae,Scandentia
702,GDTGAKGEPGPTGIQGPPGPAGEEGK,282,307,1,2457.09660818424,6,0,Tupaia chinensis,Tupaia,,Tupaiidae,Scandentia
703,GDTGAKGEPGPTGIQGPPGPAGEEGK,282,307,1,2458.0806241842397,6,1,Tupaia chinensis,Tupaia,,Tupaiidae,Scandentia
704,GDTGAKGEPGPTGIQGPPGPAGEEGK,282,307,1,2473.09075818424,7,0,Tupaia chinensis,Tupaia,,Tupaiidae,Scandentia
705,GDTGAKGEPGPTGIQGPPGPAGEEGK,282,307,1,2474.0747741842397,7,1,Tupaia chinensis,Tupaia,,Tupaiidae,Scandentia
706,GDTGAK,282,287,0,548.2674668825599,0,0,Tupaia chinensis,Tupaia,,Tupaiidae,Scandentia
707,GDTGAK,282,287,0,564.2616168825599,1,0,Tupaia chinensis,Tupaia,,Tupaiidae,Scandentia
708,GEPGPTGIQGPPGPAGEEGK,288,307,0,1831.88208245215,0,0,Tupaia chinensis,Tupaia,,Tupaiidae,Scandentia
709,GEPGPTGIQGPPGPAGEEGK,288,307,0,1832.86609845215,0,1,Tupaia chinensis,Tupaia,,Tupaiidae,Scandentia
710,GEPGPTGIQGPPGPAGEEGK,288,307,0,1847.87623245215,1,0,Tupaia chinensis,Tupaia,,Tupaiidae,Scandentia
711,GEPGPTGIQGPPGPAGEEGK,288,307,0,1848.86024845215,1,1,Tupaia chinensis,Tupaia,,Tupaiidae,Scandentia
712,GEPGPTGIQGPPGPAGEEGK,288,307,0,1863.87038245215,2,0,Tupaia chinensis,Tupaia,,Tupaiidae,Scandentia
713,GEPGPTGIQGPPGPAGEEGK,288,307,0,1864.85439845215,2,1,Tupaia chinensis,Tupaia,,Tupaiidae,Scandentia
714,GEPGPTGIQGPPGPAGEEGK,288,307,0,1879.86453245215,3,0,Tupaia chinensis,Tupaia,,Tupaiidae,Scandentia
715,GEPGPTGIQGPPGPAGEEGK,288,307,0,1880.84854845215,3,1,Tupaia chinensis,Tupaia,,Tupaiidae,Scandentia
716,GEPGPTGIQGPPGPAGEEGK,288,307,0,1895.8586824521499,4,0,Tupaia chinensis,Tupaia,,Tupaiidae,Scandentia
717,GEPGPTGIQGPPGPAGEEGK,288,307,0,1896.84269845215,4,1,Tupaia chinensis,Tupaia,,Tupaiidae,Scandentia
718,GEPGPTGIQGPPGPAGEEGK,288,307,0,1911.8528324521499,5,0,Tupaia chinensis,Tupaia,,Tupaiidae,Scandentia
719,GEPGPTGIQGPPGPAGEEGK,288,307,0,1912.83684845215,5,1,Tupaia chinensis,Tupaia,,Tupaiidae,Scandentia
720,GEPGPTGIQGPPGPAGEEGK,288,307,0,1927.8469824521499,6,0,Tupaia chinensis,Tupaia,,Tupaiidae,Scandentia
721,GEPGPTGIQGPPGPAGEEGK,288,307,0,1928.83099845215,6,1,Tupaia chinensis,Tupaia,,Tupaiidae,Scandentia
722,GEPGPTGIQGPPGPAGEEGKR,288,308,1,1987.9831934757499,0,0,Tupaia chinensis,Tupaia,,Tupaiidae,Scandentia
723,GEPGPTGIQGPPGPAGEEGKR,288,308,1,1988.96720947575,0,1,Tupaia chinensis,Tupaia,,Tupaiidae,Scandentia
724,GEPGPTGIQGPPGPAGEEGKR,288,308,1,2003.9773434757499,1,0,Tupaia chinensis,Tupaia,,Tupaiidae,Scandentia
725,GEPGPTGIQGPPGPAGEEGKR,288,308,1,2004.96135947575,1,1,Tupaia chinensis,Tupaia,,Tupaiidae,Scandentia
726,GEPGPTGIQGPPGPAGEEGKR,288,308,1,2019.9714934757499,2,0,Tupaia chinensis,Tupaia,,Tupaiidae,Scandentia
727,GEPGPTGIQGPPGPAGEEGKR,288,308,1,2020.95550947575,2,1,Tupaia chinensis,Tupaia,,Tupaiidae,Scandentia
728,GEPGPTGIQGPPGPAGEEGKR,288,308,1,2035.9656434757499,3,0,Tupaia chinensis,Tupaia,,Tupaiidae,Scandentia
729,GEPGPTGIQGPPGPAGEEGKR,288,308,1,2036.94965947575,3,1,Tupaia chinensis,Tupaia,,Tupaiidae,Scandentia
730,GEPGPTGIQGPPGPAGEEGKR,288,308,1,2051.95979347575,4,0,Tupaia chinensis,Tupaia,,Tupaiidae,Scandentia
731,GEPGPTGIQGPPGPAGEEGKR,288,308,1,2052.9438094757497,4,1,Tupaia chinensis,Tupaia,,Tupaiidae,Scandentia
732,GEPGPTGIQGPPGPAGEEGKR,288,308,1,2067.95394347575,5,0,Tupaia chinensis,Tupaia,,Tupaiidae,Scandentia
733,GEPGPTGIQGPPGPAGEEGKR,288,308,1,2068.9379594757497,5,1,Tupaia chinensis,Tupaia,,Tupaiidae,Scandentia
734,GEPGPTGIQGPPGPAGEEGKR,288,308,1,2083.94809347575,6,0,Tupaia chinensis,Tupaia,,Tupaiidae,Scandentia
735,GEPGPTGIQGPPGPAGEEGKR,288,308,1,2084.9321094757497,6,1,Tupaia chinensis,Tupaia,,Tupaiidae,Scandentia
736,RGAR,308,311,1,459.27864070295,0,0,Tupaia chinensis,Tupaia,,Tupaiidae,Scandentia
737,R,308,308,0,175.11895217407,0,0,Tupaia chinensis,Tupaia,,Tupaiidae,Scandentia
738,GAR,309,311,0,303.17752967935,0,0,Tupaia chinensis,Tupaia,,Tupaiidae,Scandentia
739,GARGEPGPAGLPGPPGER,309,326,1,1671.85614248783,0,0,Tupaia chinensis,Tupaia,,Tupaiidae,Scandentia
740,GARGEPGPAGLPGPPGER,309,326,1,1687.85029248783,1,0,Tupaia chinensis,Tupaia,,Tupaiidae,Scandentia
741,GARGEPGPAGLPGPPGER,309,326,1,1703.84444248783,2,0,Tupaia chinensis,Tupaia,,Tupaiidae,Scandentia
742,GARGEPGPAGLPGPPGER,309,326,1,1719.83859248783,3,0,Tupaia chinensis,Tupaia,,Tupaiidae,Scandentia
743,GARGEPGPAGLPGPPGER,309,326,1,1735.83274248783,4,0,Tupaia chinensis,Tupaia,,Tupaiidae,Scandentia
744,GARGEPGPAGLPGPPGER,309,326,1,1751.82689248783,5,0,Tupaia chinensis,Tupaia,,Tupaiidae,Scandentia
745,GEPGPAGLPGPPGER,312,326,0,1387.69645395895,0,0,Tupaia chinensis,Tupaia,,Tupaiidae,Scandentia
746,GEPGPAGLPGPPGER,312,326,0,1403.69060395895,1,0,Tupaia chinensis,Tupaia,,Tupaiidae,Scandentia
747,GEPGPAGLPGPPGER,312,326,0,1419.68475395895,2,0,Tupaia chinensis,Tupaia,,Tupaiidae,Scandentia
748,GEPGPAGLPGPPGER,312,326,0,1435.67890395895,3,0,Tupaia chinensis,Tupaia,,Tupaiidae,Scandentia
749,GEPGPAGLPGPPGER,312,326,0,1451.67305395895,4,0,Tupaia chinensis,Tupaia,,Tupaiidae,Scandentia
750,GEPGPAGLPGPPGER,312,326,0,1467.66720395895,5,0,Tupaia chinensis,Tupaia,,Tupaiidae,Scandentia
751,GEPGPAGLPGPPGERGGPGSR,312,332,1,1898.94674839738,0,0,Tupaia chinensis,Tupaia,,Tupaiidae,Scandentia
752,GEPGPAGLPGPPGERGGPGSR,312,332,1,1914.94089839738,1,0,Tupaia chinensis,Tupaia,,Tupaiidae,Scandentia
753,GEPGPAGLPGPPGERGGPGSR,312,332,1,1930.93504839738,2,0,Tupaia chinensis,Tupaia,,Tupaiidae,Scandentia
754,GEPGPAGLPGPPGERGGPGSR,312,332,1,1946.9291983973799,3,0,Tupaia chinensis,Tupaia,,Tupaiidae,Scandentia
755,GEPGPAGLPGPPGERGGPGSR,312,332,1,1962.9233483973799,4,0,Tupaia chinensis,Tupaia,,Tupaiidae,Scandentia
756,GEPGPAGLPGPPGERGGPGSR,312,332,1,1978.9174983973799,5,0,Tupaia chinensis,Tupaia,,Tupaiidae,Scandentia
757,GEPGPAGLPGPPGERGGPGSR,312,332,1,1994.9116483973798,6,0,Tupaia chinensis,Tupaia,,Tupaiidae,Scandentia
758,GGPGSRGFPGADGVAGPK,327,344,1,1583.79247960211,0,0,Tupaia chinensis,Tupaia,,Tupaiidae,Scandentia
759,GGPGSRGFPGADGVAGPK,327,344,1,1599.78662960211,1,0,Tupaia chinensis,Tupaia,,Tupaiidae,Scandentia
760,GGPGSRGFPGADGVAGPK,327,344,1,1615.78077960211,2,0,Tupaia chinensis,Tupaia,,Tupaiidae,Scandentia
761,GGPGSRGFPGADGVAGPK,327,344,1,1631.77492960211,3,0,Tupaia chinensis,Tupaia,,Tupaiidae,Scandentia
762,GGPGSRGFPGADGVAGPK,327,344,1,1647.76907960211,4,0,Tupaia chinensis,Tupaia,,Tupaiidae,Scandentia
763,GGPGSR,327,332,0,530.2681355889,0,0,Tupaia chinensis,Tupaia,,Tupaiidae,Scandentia
764,GGPGSR,327,332,0,546.2622855889,1,0,Tupaia chinensis,Tupaia,,Tupaiidae,Scandentia
765,GFPGADGVAGPKGPTGER,333,350,1,1669.82925903365,0,0,Tupaia chinensis,Tupaia,,Tupaiidae,Scandentia
766,GFPGADGVAGPKGPTGER,333,350,1,1685.82340903365,1,0,Tupaia chinensis,Tupaia,,Tupaiidae,Scandentia
767,GFPGADGVAGPKGPTGER,333,350,1,1701.81755903365,2,0,Tupaia chinensis,Tupaia,,Tupaiidae,Scandentia
768,GFPGADGVAGPKGPTGER,333,350,1,1717.81170903365,3,0,Tupaia chinensis,Tupaia,,Tupaiidae,Scandentia
769,GFPGADGVAGPKGPTGER,333,350,1,1733.80585903365,4,0,Tupaia chinensis,Tupaia,,Tupaiidae,Scandentia
770,GFPGADGVAGPK,333,344,0,1072.54218516368,0,0,Tupaia chinensis,Tupaia,,Tupaiidae,Scandentia
771,GFPGADGVAGPK,333,344,0,1088.53633516368,1,0,Tupaia chinensis,Tupaia,,Tupaiidae,Scandentia
772,GFPGADGVAGPK,333,344,0,1104.53048516368,2,0,Tupaia chinensis,Tupaia,,Tupaiidae,Scandentia
773,GFPGADGVAGPK,333,344,0,1120.52463516368,3,0,Tupaia chinensis,Tupaia,,Tupaiidae,Scandentia
774,GPTGERGSPGPAGPK,345,359,1,1364.69170293168,0,0,Tupaia chinensis,Tupaia,,Tupaiidae,Scandentia
775,GPTGERGSPGPAGPK,345,359,1,1380.68585293168,1,0,Tupaia chinensis,Tupaia,,Tupaiidae,Scandentia
776,GPTGERGSPGPAGPK,345,359,1,1396.68000293168,2,0,Tupaia chinensis,Tupaia,,Tupaiidae,Scandentia
777,GPTGERGSPGPAGPK,345,359,1,1412.67415293168,3,0,Tupaia chinensis,Tupaia,,Tupaiidae,Scandentia
778,GPTGERGSPGPAGPK,345,359,1,1428.66830293168,4,0,Tupaia chinensis,Tupaia,,Tupaiidae,Scandentia
779,GPTGERGSPGPAGPK,345,359,1,1444.66245293168,5,0,Tupaia chinensis,Tupaia,,Tupaiidae,Scandentia
780,GPTGER,345,350,0,616.3049150204399,0,0,Tupaia chinensis,Tupaia,,Tupaiidae,Scandentia
781,GPTGER,345,350,0,632.2990650204399,1,0,Tupaia chinensis,Tupaia,,Tupaiidae,Scandentia
782,GSPGPAGPKGSPGESGRPGEAGLPGAK,351,377,1,2372.19531150031,0,0,Tupaia chinensis,Tupaia,,Tupaiidae,Scandentia
783,GSPGPAGPKGSPGESGRPGEAGLPGAK,351,377,1,2388.18946150031,1,0,Tupaia chinensis,Tupaia,,Tupaiidae,Scandentia
784,GSPGPAGPKGSPGESGRPGEAGLPGAK,351,377,1,2404.18361150031,2,0,Tupaia chinensis,Tupaia,,Tupaiidae,Scandentia
785,GSPGPAGPKGSPGESGRPGEAGLPGAK,351,377,1,2420.1777615003098,3,0,Tupaia chinensis,Tupaia,,Tupaiidae,Scandentia
786,GSPGPAGPKGSPGESGRPGEAGLPGAK,351,377,1,2436.1719115003098,4,0,Tupaia chinensis,Tupaia,,Tupaiidae,Scandentia
787,GSPGPAGPKGSPGESGRPGEAGLPGAK,351,377,1,2452.1660615003098,5,0,Tupaia chinensis,Tupaia,,Tupaiidae,Scandentia
788,GSPGPAGPKGSPGESGRPGEAGLPGAK,351,377,1,2468.1602115003097,6,0,Tupaia chinensis,Tupaia,,Tupaiidae,Scandentia
789,GSPGPAGPKGSPGESGRPGEAGLPGAK,351,377,1,2484.1543615003097,7,0,Tupaia chinensis,Tupaia,,Tupaiidae,Scandentia
790,GSPGPAGPKGSPGESGRPGEAGLPGAK,351,377,1,2500.1485115003097,8,0,Tupaia chinensis,Tupaia,,Tupaiidae,Scandentia
791,GSPGPAGPK,351,359,0,767.4046290617099,0,0,Tupaia chinensis,Tupaia,,Tupaiidae,Scandentia
792,GSPGPAGPK,351,359,0,783.3987790617099,1,0,Tupaia chinensis,Tupaia,,Tupaiidae,Scandentia
793,GSPGPAGPK,351,359,0,799.3929290617099,2,0,Tupaia chinensis,Tupaia,,Tupaiidae,Scandentia
794,GSPGPAGPK,351,359,0,815.3870790617099,3,0,Tupaia chinensis,Tupaia,,Tupaiidae,Scandentia
795,GSPGPAGPK,351,359,0,831.3812290617099,4,0,Tupaia chinensis,Tupaia,,Tupaiidae,Scandentia
796,GSPGESGRPGEAGLPGAK,360,377,0,1623.80852358907,0,0,Tupaia chinensis,Tupaia,,Tupaiidae,Scandentia
797,GSPGESGRPGEAGLPGAK,360,377,0,1639.80267358907,1,0,Tupaia chinensis,Tupaia,,Tupaiidae,Scandentia
798,GSPGESGRPGEAGLPGAK,360,377,0,1655.79682358907,2,0,Tupaia chinensis,Tupaia,,Tupaiidae,Scandentia
799,GSPGESGRPGEAGLPGAK,360,377,0,1671.79097358907,3,0,Tupaia chinensis,Tupaia,,Tupaiidae,Scandentia
800,GSPGESGRPGEAGLPGAK,360,377,0,1687.78512358907,4,0,Tupaia chinensis,Tupaia,,Tupaiidae,Scandentia
801,GSPGESGRPGEAGLPGAKGLTGSPGSPGPDGK,360,391,1,2831.3918390303797,0,0,Tupaia chinensis,Tupaia,,Tupaiidae,Scandentia
802,GSPGESGRPGEAGLPGAKGLTGSPGSPGPDGK,360,391,1,2847.3859890303797,1,0,Tupaia chinensis,Tupaia,,Tupaiidae,Scandentia
803,GSPGESGRPGEAGLPGAKGLTGSPGSPGPDGK,360,391,1,2863.3801390303797,2,0,Tupaia chinensis,Tupaia,,Tupaiidae,Scandentia
804,GSPGESGRPGEAGLPGAKGLTGSPGSPGPDGK,360,391,1,2879.3742890303797,3,0,Tupaia chinensis,Tupaia,,Tupaiidae,Scandentia
805,GSPGESGRPGEAGLPGAKGLTGSPGSPGPDGK,360,391,1,2895.3684390303797,4,0,Tupaia chinensis,Tupaia,,Tupaiidae,Scandentia
806,GSPGESGRPGEAGLPGAKGLTGSPGSPGPDGK,360,391,1,2911.3625890303797,5,0,Tupaia chinensis,Tupaia,,Tupaiidae,Scandentia
807,GSPGESGRPGEAGLPGAKGLTGSPGSPGPDGK,360,391,1,2927.3567390303797,6,0,Tupaia chinensis,Tupaia,,Tupaiidae,Scandentia
808,GSPGESGRPGEAGLPGAKGLTGSPGSPGPDGK,360,391,1,2943.3508890303797,7,0,Tupaia chinensis,Tupaia,,Tupaiidae,Scandentia
809,GSPGESGRPGEAGLPGAKGLTGSPGSPGPDGK,360,391,1,2959.3450390303797,8,0,Tupaia chinensis,Tupaia,,Tupaiidae,Scandentia
810,GLTGSPGSPGPDGK,378,391,0,1226.6011565917802,0,0,Tupaia chinensis,Tupaia,,Tupaiidae,Scandentia
811,GLTGSPGSPGPDGK,378,391,0,1242.5953065917802,1,0,Tupaia chinensis,Tupaia,,Tupaiidae,Scandentia
812,GLTGSPGSPGPDGK,378,391,0,1258.5894565917802,2,0,Tupaia chinensis,Tupaia,,Tupaiidae,Scandentia
813,GLTGSPGSPGPDGK,378,391,0,1274.5836065917802,3,0,Tupaia chinensis,Tupaia,,Tupaiidae,Scandentia
814,GLTGSPGSPGPDGK,378,391,0,1290.5777565917801,4,0,Tupaia chinensis,Tupaia,,Tupaiidae,Scandentia
815,GLTGSPGSPGPDGKTGPPGPAGQDGRPGPPGPPGAR,378,413,1,3200.58316204071,0,0,Tupaia chinensis,Tupaia,,Tupaiidae,Scandentia
816,GLTGSPGSPGPDGKTGPPGPAGQDGRPGPPGPPGAR,378,413,1,3201.5671780407097,0,1,Tupaia chinensis,Tupaia,,Tupaiidae,Scandentia
817,GLTGSPGSPGPDGKTGPPGPAGQDGRPGPPGPPGAR,378,413,1,3216.57731204071,1,0,Tupaia chinensis,Tupaia,,Tupaiidae,Scandentia
818,GLTGSPGSPGPDGKTGPPGPAGQDGRPGPPGPPGAR,378,413,1,3217.5613280407097,1,1,Tupaia chinensis,Tupaia,,Tupaiidae,Scandentia
819,GLTGSPGSPGPDGKTGPPGPAGQDGRPGPPGPPGAR,378,413,1,3232.57146204071,2,0,Tupaia chinensis,Tupaia,,Tupaiidae,Scandentia
820,GLTGSPGSPGPDGKTGPPGPAGQDGRPGPPGPPGAR,378,413,1,3233.5554780407097,2,1,Tupaia chinensis,Tupaia,,Tupaiidae,Scandentia
821,GLTGSPGSPGPDGKTGPPGPAGQDGRPGPPGPPGAR,378,413,1,3248.5656120407098,3,0,Tupaia chinensis,Tupaia,,Tupaiidae,Scandentia
822,GLTGSPGSPGPDGKTGPPGPAGQDGRPGPPGPPGAR,378,413,1,3249.5496280407096,3,1,Tupaia chinensis,Tupaia,,Tupaiidae,Scandentia
823,GLTGSPGSPGPDGKTGPPGPAGQDGRPGPPGPPGAR,378,413,1,3264.5597620407098,4,0,Tupaia chinensis,Tupaia,,Tupaiidae,Scandentia
824,GLTGSPGSPGPDGKTGPPGPAGQDGRPGPPGPPGAR,378,413,1,3265.5437780407096,4,1,Tupaia chinensis,Tupaia,,Tupaiidae,Scandentia
825,GLTGSPGSPGPDGKTGPPGPAGQDGRPGPPGPPGAR,378,413,1,3280.5539120407097,5,0,Tupaia chinensis,Tupaia,,Tupaiidae,Scandentia
826,GLTGSPGSPGPDGKTGPPGPAGQDGRPGPPGPPGAR,378,413,1,3281.5379280407096,5,1,Tupaia chinensis,Tupaia,,Tupaiidae,Scandentia
827,GLTGSPGSPGPDGKTGPPGPAGQDGRPGPPGPPGAR,378,413,1,3296.5480620407097,6,0,Tupaia chinensis,Tupaia,,Tupaiidae,Scandentia
828,GLTGSPGSPGPDGKTGPPGPAGQDGRPGPPGPPGAR,378,413,1,3297.5320780407096,6,1,Tupaia chinensis,Tupaia,,Tupaiidae,Scandentia
829,GLTGSPGSPGPDGKTGPPGPAGQDGRPGPPGPPGAR,378,413,1,3312.5422120407097,7,0,Tupaia chinensis,Tupaia,,Tupaiidae,Scandentia
830,GLTGSPGSPGPDGKTGPPGPAGQDGRPGPPGPPGAR,378,413,1,3313.5262280407096,7,1,Tupaia chinensis,Tupaia,,Tupaiidae,Scandentia
831,GLTGSPGSPGPDGKTGPPGPAGQDGRPGPPGPPGAR,378,413,1,3328.5363620407097,8,0,Tupaia chinensis,Tupaia,,Tupaiidae,Scandentia
832,GLTGSPGSPGPDGKTGPPGPAGQDGRPGPPGPPGAR,378,413,1,3329.5203780407096,8,1,Tupaia chinensis,Tupaia,,Tupaiidae,Scandentia
833,GLTGSPGSPGPDGKTGPPGPAGQDGRPGPPGPPGAR,378,413,1,3344.5305120407097,9,0,Tupaia chinensis,Tupaia,,Tupaiidae,Scandentia
834,GLTGSPGSPGPDGKTGPPGPAGQDGRPGPPGPPGAR,378,413,1,3345.5145280407096,9,1,Tupaia chinensis,Tupaia,,Tupaiidae,Scandentia
835,GLTGSPGSPGPDGKTGPPGPAGQDGRPGPPGPPGAR,378,413,1,3360.5246620407097,10,0,Tupaia chinensis,Tupaia,,Tupaiidae,Scandentia
836,GLTGSPGSPGPDGKTGPPGPAGQDGRPGPPGPPGAR,378,413,1,3361.5086780407096,10,1,Tupaia chinensis,Tupaia,,Tupaiidae,Scandentia
837,GLTGSPGSPGPDGKTGPPGPAGQDGRPGPPGPPGAR,378,413,1,3376.5188120407097,11,0,Tupaia chinensis,Tupaia,,Tupaiidae,Scandentia
838,GLTGSPGSPGPDGKTGPPGPAGQDGRPGPPGPPGAR,378,413,1,3377.5028280407096,11,1,Tupaia chinensis,Tupaia,,Tupaiidae,Scandentia
839,GLTGSPGSPGPDGKTGPPGPAGQDGRPGPPGPPGAR,378,413,1,3392.5129620407097,12,0,Tupaia chinensis,Tupaia,,Tupaiidae,Scandentia
840,GLTGSPGSPGPDGKTGPPGPAGQDGRPGPPGPPGAR,378,413,1,3393.4969780407096,12,1,Tupaia chinensis,Tupaia,,Tupaiidae,Scandentia
841,TGPPGPAGQDGRPGPPGPPGAR,392,413,0,1992.9998465994001,0,0,Tupaia chinensis,Tupaia,,Tupaiidae,Scandentia
842,TGPPGPAGQDGRPGPPGPPGAR,392,413,0,1993.9838625994003,0,1,Tupaia chinensis,Tupaia,,Tupaiidae,Scandentia
843,TGPPGPAGQDGRPGPPGPPGAR,392,413,0,2008.9939965994001,1,0,Tupaia chinensis,Tupaia,,Tupaiidae,Scandentia
844,TGPPGPAGQDGRPGPPGPPGAR,392,413,0,2009.9780125994002,1,1,Tupaia chinensis,Tupaia,,Tupaiidae,Scandentia
845,TGPPGPAGQDGRPGPPGPPGAR,392,413,0,2024.9881465994001,2,0,Tupaia chinensis,Tupaia,,Tupaiidae,Scandentia
846,TGPPGPAGQDGRPGPPGPPGAR,392,413,0,2025.9721625994002,2,1,Tupaia chinensis,Tupaia,,Tupaiidae,Scandentia
847,TGPPGPAGQDGRPGPPGPPGAR,392,413,0,2040.9822965994001,3,0,Tupaia chinensis,Tupaia,,Tupaiidae,Scandentia
848,TGPPGPAGQDGRPGPPGPPGAR,392,413,0,2041.9663125994002,3,1,Tupaia chinensis,Tupaia,,Tupaiidae,Scandentia
849,TGPPGPAGQDGRPGPPGPPGAR,392,413,0,2056.9764465994003,4,0,Tupaia chinensis,Tupaia,,Tupaiidae,Scandentia
850,TGPPGPAGQDGRPGPPGPPGAR,392,413,0,2057.9604625994,4,1,Tupaia chinensis,Tupaia,,Tupaiidae,Scandentia
851,TGPPGPAGQDGRPGPPGPPGAR,392,413,0,2072.9705965994003,5,0,Tupaia chinensis,Tupaia,,Tupaiidae,Scandentia
852,TGPPGPAGQDGRPGPPGPPGAR,392,413,0,2073.9546125994,5,1,Tupaia chinensis,Tupaia,,Tupaiidae,Scandentia
853,TGPPGPAGQDGRPGPPGPPGAR,392,413,0,2088.9647465994003,6,0,Tupaia chinensis,Tupaia,,Tupaiidae,Scandentia
854,TGPPGPAGQDGRPGPPGPPGAR,392,413,0,2089.9487625994,6,1,Tupaia chinensis,Tupaia,,Tupaiidae,Scandentia
855,TGPPGPAGQDGRPGPPGPPGAR,392,413,0,2104.9588965994003,7,0,Tupaia chinensis,Tupaia,,Tupaiidae,Scandentia
856,TGPPGPAGQDGRPGPPGPPGAR,392,413,0,2105.9429125994,7,1,Tupaia chinensis,Tupaia,,Tupaiidae,Scandentia
857,TGPPGPAGQDGRPGPPGPPGAR,392,413,0,2120.9530465994003,8,0,Tupaia chinensis,Tupaia,,Tupaiidae,Scandentia
858,TGPPGPAGQDGRPGPPGPPGAR,392,413,0,2121.9370625994,8,1,Tupaia chinensis,Tupaia,,Tupaiidae,Scandentia
859,TGPPGPAGQDGRPGPPGPPGARGQAGVMGFPGPK,392,425,1,3119.55919622234,0,0,Tupaia chinensis,Tupaia,,Tupaiidae,Scandentia
860,TGPPGPAGQDGRPGPPGPPGARGQAGVMGFPGPK,392,425,1,3120.5432122223397,0,1,Tupaia chinensis,Tupaia,,Tupaiidae,Scandentia
861,TGPPGPAGQDGRPGPPGPPGARGQAGVMGFPGPK,392,425,1,3121.52722822234,0,2,Tupaia chinensis,Tupaia,,Tupaiidae,Scandentia
862,TGPPGPAGQDGRPGPPGPPGARGQAGVMGFPGPK,392,425,1,3135.5533462223398,1,0,Tupaia chinensis,Tupaia,,Tupaiidae,Scandentia
863,TGPPGPAGQDGRPGPPGPPGARGQAGVMGFPGPK,392,425,1,3136.5373622223397,1,1,Tupaia chinensis,Tupaia,,Tupaiidae,Scandentia
864,TGPPGPAGQDGRPGPPGPPGARGQAGVMGFPGPK,392,425,1,3137.52137822234,1,2,Tupaia chinensis,Tupaia,,Tupaiidae,Scandentia
865,TGPPGPAGQDGRPGPPGPPGARGQAGVMGFPGPK,392,425,1,3151.5474962223398,2,0,Tupaia chinensis,Tupaia,,Tupaiidae,Scandentia
866,TGPPGPAGQDGRPGPPGPPGARGQAGVMGFPGPK,392,425,1,3152.5315122223396,2,1,Tupaia chinensis,Tupaia,,Tupaiidae,Scandentia
867,TGPPGPAGQDGRPGPPGPPGARGQAGVMGFPGPK,392,425,1,3153.51552822234,2,2,Tupaia chinensis,Tupaia,,Tupaiidae,Scandentia
868,TGPPGPAGQDGRPGPPGPPGARGQAGVMGFPGPK,392,425,1,3167.5416462223398,3,0,Tupaia chinensis,Tupaia,,Tupaiidae,Scandentia
869,TGPPGPAGQDGRPGPPGPPGARGQAGVMGFPGPK,392,425,1,3168.5256622223396,3,1,Tupaia chinensis,Tupaia,,Tupaiidae,Scandentia
870,TGPPGPAGQDGRPGPPGPPGARGQAGVMGFPGPK,392,425,1,3169.50967822234,3,2,Tupaia chinensis,Tupaia,,Tupaiidae,Scandentia
871,TGPPGPAGQDGRPGPPGPPGARGQAGVMGFPGPK,392,425,1,3183.5357962223397,4,0,Tupaia chinensis,Tupaia,,Tupaiidae,Scandentia
872,TGPPGPAGQDGRPGPPGPPGARGQAGVMGFPGPK,392,425,1,3184.5198122223396,4,1,Tupaia chinensis,Tupaia,,Tupaiidae,Scandentia
873,TGPPGPAGQDGRPGPPGPPGARGQAGVMGFPGPK,392,425,1,3185.50382822234,4,2,Tupaia chinensis,Tupaia,,Tupaiidae,Scandentia
874,TGPPGPAGQDGRPGPPGPPGARGQAGVMGFPGPK,392,425,1,3199.5299462223397,5,0,Tupaia chinensis,Tupaia,,Tupaiidae,Scandentia
875,TGPPGPAGQDGRPGPPGPPGARGQAGVMGFPGPK,392,425,1,3200.5139622223396,5,1,Tupaia chinensis,Tupaia,,Tupaiidae,Scandentia
876,TGPPGPAGQDGRPGPPGPPGARGQAGVMGFPGPK,392,425,1,3201.49797822234,5,2,Tupaia chinensis,Tupaia,,Tupaiidae,Scandentia
877,TGPPGPAGQDGRPGPPGPPGARGQAGVMGFPGPK,392,425,1,3215.5240962223397,6,0,Tupaia chinensis,Tupaia,,Tupaiidae,Scandentia
878,TGPPGPAGQDGRPGPPGPPGARGQAGVMGFPGPK,392,425,1,3216.5081122223396,6,1,Tupaia chinensis,Tupaia,,Tupaiidae,Scandentia
879,TGPPGPAGQDGRPGPPGPPGARGQAGVMGFPGPK,392,425,1,3217.49212822234,6,2,Tupaia chinensis,Tupaia,,Tupaiidae,Scandentia
880,TGPPGPAGQDGRPGPPGPPGARGQAGVMGFPGPK,392,425,1,3231.5182462223397,7,0,Tupaia chinensis,Tupaia,,Tupaiidae,Scandentia
881,TGPPGPAGQDGRPGPPGPPGARGQAGVMGFPGPK,392,425,1,3232.5022622223396,7,1,Tupaia chinensis,Tupaia,,Tupaiidae,Scandentia
882,TGPPGPAGQDGRPGPPGPPGARGQAGVMGFPGPK,392,425,1,3233.48627822234,7,2,Tupaia chinensis,Tupaia,,Tupaiidae,Scandentia
883,TGPPGPAGQDGRPGPPGPPGARGQAGVMGFPGPK,392,425,1,3247.5123962223397,8,0,Tupaia chinensis,Tupaia,,Tupaiidae,Scandentia
884,TGPPGPAGQDGRPGPPGPPGARGQAGVMGFPGPK,392,425,1,3248.4964122223396,8,1,Tupaia chinensis,Tupaia,,Tupaiidae,Scandentia
885,TGPPGPAGQDGRPGPPGPPGARGQAGVMGFPGPK,392,425,1,3249.48042822234,8,2,Tupaia chinensis,Tupaia,,Tupaiidae,Scandentia
886,TGPPGPAGQDGRPGPPGPPGARGQAGVMGFPGPK,392,425,1,3263.5065462223397,9,0,Tupaia chinensis,Tupaia,,Tupaiidae,Scandentia
887,TGPPGPAGQDGRPGPPGPPGARGQAGVMGFPGPK,392,425,1,3264.4905622223396,9,1,Tupaia chinensis,Tupaia,,Tupaiidae,Scandentia
888,TGPPGPAGQDGRPGPPGPPGARGQAGVMGFPGPK,392,425,1,3265.47457822234,9,2,Tupaia chinensis,Tupaia,,Tupaiidae,Scandentia
889,TGPPGPAGQDGRPGPPGPPGARGQAGVMGFPGPK,392,425,1,3279.5006962223397,10,0,Tupaia chinensis,Tupaia,,Tupaiidae,Scandentia
890,TGPPGPAGQDGRPGPPGPPGARGQAGVMGFPGPK,392,425,1,3280.4847122223396,10,1,Tupaia chinensis,Tupaia,,Tupaiidae,Scandentia
891,TGPPGPAGQDGRPGPPGPPGARGQAGVMGFPGPK,392,425,1,3281.46872822234,10,2,Tupaia chinensis,Tupaia,,Tupaiidae,Scandentia
892,TGPPGPAGQDGRPGPPGPPGARGQAGVMGFPGPK,392,425,1,3295.4948462223397,11,0,Tupaia chinensis,Tupaia,,Tupaiidae,Scandentia
893,TGPPGPAGQDGRPGPPGPPGARGQAGVMGFPGPK,392,425,1,3296.4788622223396,11,1,Tupaia chinensis,Tupaia,,Tupaiidae,Scandentia
894,TGPPGPAGQDGRPGPPGPPGARGQAGVMGFPGPK,392,425,1,3297.46287822234,11,2,Tupaia chinensis,Tupaia,,Tupaiidae,Scandentia
895,TGPPGPAGQDGRPGPPGPPGARGQAGVMGFPGPK,392,425,1,3311.4889962223397,12,0,Tupaia chinensis,Tupaia,,Tupaiidae,Scandentia
896,TGPPGPAGQDGRPGPPGPPGARGQAGVMGFPGPK,392,425,1,3312.4730122223395,12,1,Tupaia chinensis,Tupaia,,Tupaiidae,Scandentia
897,TGPPGPAGQDGRPGPPGPPGARGQAGVMGFPGPK,392,425,1,3313.45702822234,12,2,Tupaia chinensis,Tupaia,,Tupaiidae,Scandentia
898,GQAGVMGFPGPK,414,425,0,1145.57719077341,0,0,Tupaia chinensis,Tupaia,,Tupaiidae,Scandentia
899,GQAGVMGFPGPK,414,425,0,1146.56120677341,0,1,Tupaia chinensis,Tupaia,,Tupaiidae,Scandentia
900,GQAGVMGFPGPK,414,425,0,1161.57134077341,1,0,Tupaia chinensis,Tupaia,,Tupaiidae,Scandentia
901,GQAGVMGFPGPK,414,425,0,1162.55535677341,1,1,Tupaia chinensis,Tupaia,,Tupaiidae,Scandentia
902,GQAGVMGFPGPK,414,425,0,1177.56549077341,2,0,Tupaia chinensis,Tupaia,,Tupaiidae,Scandentia
903,GQAGVMGFPGPK,414,425,0,1178.54950677341,2,1,Tupaia chinensis,Tupaia,,Tupaiidae,Scandentia
904,GQAGVMGFPGPK,414,425,0,1193.55964077341,3,0,Tupaia chinensis,Tupaia,,Tupaiidae,Scandentia
905,GQAGVMGFPGPK,414,425,0,1194.54365677341,3,1,Tupaia chinensis,Tupaia,,Tupaiidae,Scandentia
906,GQAGVMGFPGPK,414,425,0,1209.55379077341,4,0,Tupaia chinensis,Tupaia,,Tupaiidae,Scandentia
907,GQAGVMGFPGPK,414,425,0,1210.53780677341,4,1,Tupaia chinensis,Tupaia,,Tupaiidae,Scandentia
908,GQAGVMGFPGPKGAAGEPGK,414,433,1,1812.9061294553599,0,0,Tupaia chinensis,Tupaia,,Tupaiidae,Scandentia
909,GQAGVMGFPGPKGAAGEPGK,414,433,1,1813.89014545536,0,1,Tupaia chinensis,Tupaia,,Tupaiidae,Scandentia
910,GQAGVMGFPGPKGAAGEPGK,414,433,1,1828.9002794553599,1,0,Tupaia chinensis,Tupaia,,Tupaiidae,Scandentia
911,GQAGVMGFPGPKGAAGEPGK,414,433,1,1829.88429545536,1,1,Tupaia chinensis,Tupaia,,Tupaiidae,Scandentia
912,GQAGVMGFPGPKGAAGEPGK,414,433,1,1844.8944294553598,2,0,Tupaia chinensis,Tupaia,,Tupaiidae,Scandentia
913,GQAGVMGFPGPKGAAGEPGK,414,433,1,1845.87844545536,2,1,Tupaia chinensis,Tupaia,,Tupaiidae,Scandentia
914,GQAGVMGFPGPKGAAGEPGK,414,433,1,1860.8885794553598,3,0,Tupaia chinensis,Tupaia,,Tupaiidae,Scandentia
915,GQAGVMGFPGPKGAAGEPGK,414,433,1,1861.87259545536,3,1,Tupaia chinensis,Tupaia,,Tupaiidae,Scandentia
916,GQAGVMGFPGPKGAAGEPGK,414,433,1,1876.8827294553598,4,0,Tupaia chinensis,Tupaia,,Tupaiidae,Scandentia
917,GQAGVMGFPGPKGAAGEPGK,414,433,1,1877.86674545536,4,1,Tupaia chinensis,Tupaia,,Tupaiidae,Scandentia
918,GQAGVMGFPGPKGAAGEPGK,414,433,1,1892.8768794553598,5,0,Tupaia chinensis,Tupaia,,Tupaiidae,Scandentia
919,GQAGVMGFPGPKGAAGEPGK,414,433,1,1893.86089545536,5,1,Tupaia chinensis,Tupaia,,Tupaiidae,Scandentia
920,GQAGVMGFPGPKGAAGEPGK,414,433,1,1908.8710294553598,6,0,Tupaia chinensis,Tupaia,,Tupaiidae,Scandentia
921,GQAGVMGFPGPKGAAGEPGK,414,433,1,1909.85504545536,6,1,Tupaia chinensis,Tupaia,,Tupaiidae,Scandentia
922,GAAGEPGK,426,433,0,686.3467798324199,0,0,Tupaia chinensis,Tupaia,,Tupaiidae,Scandentia
923,GAAGEPGK,426,433,0,702.3409298324199,1,0,Tupaia chinensis,Tupaia,,Tupaiidae,Scandentia
924,GAAGEPGK,426,433,0,718.3350798324199,2,0,Tupaia chinensis,Tupaia,,Tupaiidae,Scandentia
925,GAAGEPGKAGER,426,437,1,1099.5490614492699,0,0,Tupaia chinensis,Tupaia,,Tupaiidae,Scandentia
926,GAAGEPGKAGER,426,437,1,1115.5432114492698,1,0,Tupaia chinensis,Tupaia,,Tupaiidae,Scandentia
927,GAAGEPGKAGER,426,437,1,1131.5373614492698,2,0,Tupaia chinensis,Tupaia,,Tupaiidae,Scandentia
928,AGERGVPGPPGAVGPAGK,434,451,1,1573.84451517497,0,0,Tupaia chinensis,Tupaia,,Tupaiidae,Scandentia
929,AGERGVPGPPGAVGPAGK,434,451,1,1589.83866517497,1,0,Tupaia chinensis,Tupaia,,Tupaiidae,Scandentia
930,AGERGVPGPPGAVGPAGK,434,451,1,1605.83281517497,2,0,Tupaia chinensis,Tupaia,,Tupaiidae,Scandentia
931,AGERGVPGPPGAVGPAGK,434,451,1,1621.82696517497,3,0,Tupaia chinensis,Tupaia,,Tupaiidae,Scandentia
932,AGERGVPGPPGAVGPAGK,434,451,1,1637.82111517497,4,0,Tupaia chinensis,Tupaia,,Tupaiidae,Scandentia
933,AGERGVPGPPGAVGPAGK,434,451,1,1653.81526517497,5,0,Tupaia chinensis,Tupaia,,Tupaiidae,Scandentia
934,AGER,434,437,0,432.22012276732,0,0,Tupaia chinensis,Tupaia,,Tupaiidae,Scandentia
935,GVPGPPGAVGPAGK,438,451,0,1160.64223355812,0,0,Tupaia chinensis,Tupaia,,Tupaiidae,Scandentia
936,GVPGPPGAVGPAGK,438,451,0,1176.63638355812,1,0,Tupaia chinensis,Tupaia,,Tupaiidae,Scandentia
937,GVPGPPGAVGPAGK,438,451,0,1192.63053355812,2,0,Tupaia chinensis,Tupaia,,Tupaiidae,Scandentia
938,GVPGPPGAVGPAGK,438,451,0,1208.62468355812,3,0,Tupaia chinensis,Tupaia,,Tupaiidae,Scandentia
939,GVPGPPGAVGPAGK,438,451,0,1224.61883355812,4,0,Tupaia chinensis,Tupaia,,Tupaiidae,Scandentia
940,GVPGPPGAVGPAGK,438,451,0,1240.61298355812,5,0,Tupaia chinensis,Tupaia,,Tupaiidae,Scandentia
941,GVPGPPGAVGPAGKDGEAGAQGPPGPAGPAGER,438,470,1,2832.4023441444297,0,0,Tupaia chinensis,Tupaia,,Tupaiidae,Scandentia
942,GVPGPPGAVGPAGKDGEAGAQGPPGPAGPAGER,438,470,1,2833.3863601444295,0,1,Tupaia chinensis,Tupaia,,Tupaiidae,Scandentia
943,GVPGPPGAVGPAGKDGEAGAQGPPGPAGPAGER,438,470,1,2848.3964941444297,1,0,Tupaia chinensis,Tupaia,,Tupaiidae,Scandentia
944,GVPGPPGAVGPAGKDGEAGAQGPPGPAGPAGER,438,470,1,2849.3805101444295,1,1,Tupaia chinensis,Tupaia,,Tupaiidae,Scandentia
945,GVPGPPGAVGPAGKDGEAGAQGPPGPAGPAGER,438,470,1,2864.3906441444296,2,0,Tupaia chinensis,Tupaia,,Tupaiidae,Scandentia
946,GVPGPPGAVGPAGKDGEAGAQGPPGPAGPAGER,438,470,1,2865.3746601444295,2,1,Tupaia chinensis,Tupaia,,Tupaiidae,Scandentia
947,GVPGPPGAVGPAGKDGEAGAQGPPGPAGPAGER,438,470,1,2880.3847941444296,3,0,Tupaia chinensis,Tupaia,,Tupaiidae,Scandentia
948,GVPGPPGAVGPAGKDGEAGAQGPPGPAGPAGER,438,470,1,2881.3688101444295,3,1,Tupaia chinensis,Tupaia,,Tupaiidae,Scandentia
949,GVPGPPGAVGPAGKDGEAGAQGPPGPAGPAGER,438,470,1,2896.3789441444296,4,0,Tupaia chinensis,Tupaia,,Tupaiidae,Scandentia
950,GVPGPPGAVGPAGKDGEAGAQGPPGPAGPAGER,438,470,1,2897.3629601444295,4,1,Tupaia chinensis,Tupaia,,Tupaiidae,Scandentia
951,GVPGPPGAVGPAGKDGEAGAQGPPGPAGPAGER,438,470,1,2912.3730941444296,5,0,Tupaia chinensis,Tupaia,,Tupaiidae,Scandentia
952,GVPGPPGAVGPAGKDGEAGAQGPPGPAGPAGER,438,470,1,2913.3571101444295,5,1,Tupaia chinensis,Tupaia,,Tupaiidae,Scandentia
953,GVPGPPGAVGPAGKDGEAGAQGPPGPAGPAGER,438,470,1,2928.3672441444296,6,0,Tupaia chinensis,Tupaia,,Tupaiidae,Scandentia
954,GVPGPPGAVGPAGKDGEAGAQGPPGPAGPAGER,438,470,1,2929.3512601444295,6,1,Tupaia chinensis,Tupaia,,Tupaiidae,Scandentia
955,GVPGPPGAVGPAGKDGEAGAQGPPGPAGPAGER,438,470,1,2944.3613941444296,7,0,Tupaia chinensis,Tupaia,,Tupaiidae,Scandentia
956,GVPGPPGAVGPAGKDGEAGAQGPPGPAGPAGER,438,470,1,2945.3454101444295,7,1,Tupaia chinensis,Tupaia,,Tupaiidae,Scandentia
957,GVPGPPGAVGPAGKDGEAGAQGPPGPAGPAGER,438,470,1,2960.3555441444296,8,0,Tupaia chinensis,Tupaia,,Tupaiidae,Scandentia
958,GVPGPPGAVGPAGKDGEAGAQGPPGPAGPAGER,438,470,1,2961.3395601444295,8,1,Tupaia chinensis,Tupaia,,Tupaiidae,Scandentia
959,GVPGPPGAVGPAGKDGEAGAQGPPGPAGPAGER,438,470,1,2976.3496941444296,9,0,Tupaia chinensis,Tupaia,,Tupaiidae,Scandentia
960,GVPGPPGAVGPAGKDGEAGAQGPPGPAGPAGER,438,470,1,2977.3337101444295,9,1,Tupaia chinensis,Tupaia,,Tupaiidae,Scandentia
961,DGEAGAQGPPGPAGPAGER,452,470,0,1690.77795173678,0,0,Tupaia chinensis,Tupaia,,Tupaiidae,Scandentia
962,DGEAGAQGPPGPAGPAGER,452,470,0,1691.7619677367802,0,1,Tupaia chinensis,Tupaia,,Tupaiidae,Scandentia
963,DGEAGAQGPPGPAGPAGER,452,470,0,1706.77210173678,1,0,Tupaia chinensis,Tupaia,,Tupaiidae,Scandentia
964,DGEAGAQGPPGPAGPAGER,452,470,0,1707.7561177367802,1,1,Tupaia chinensis,Tupaia,,Tupaiidae,Scandentia
965,DGEAGAQGPPGPAGPAGER,452,470,0,1722.76625173678,2,0,Tupaia chinensis,Tupaia,,Tupaiidae,Scandentia
966,DGEAGAQGPPGPAGPAGER,452,470,0,1723.7502677367802,2,1,Tupaia chinensis,Tupaia,,Tupaiidae,Scandentia
967,DGEAGAQGPPGPAGPAGER,452,470,0,1738.76040173678,3,0,Tupaia chinensis,Tupaia,,Tupaiidae,Scandentia
968,DGEAGAQGPPGPAGPAGER,452,470,0,1739.7444177367802,3,1,Tupaia chinensis,Tupaia,,Tupaiidae,Scandentia
969,DGEAGAQGPPGPAGPAGER,452,470,0,1754.75455173678,4,0,Tupaia chinensis,Tupaia,,Tupaiidae,Scandentia
970,DGEAGAQGPPGPAGPAGER,452,470,0,1755.7385677367802,4,1,Tupaia chinensis,Tupaia,,Tupaiidae,Scandentia
971,DGEAGAQGPPGPAGPAGERGEQGPAGSPGFQGLPGPAGPPGEAGKPGEQGVPGDLGAPGPSGAR,452,515,1,5688.70865638734,0,0,Tupaia chinensis,Tupaia,,Tupaiidae,Scandentia
972,DGEAGAQGPPGPAGPAGERGEQGPAGSPGFQGLPGPAGPPGEAGKPGEQGVPGDLGAPGPSGAR,452,515,1,5689.69267238734,0,1,Tupaia chinensis,Tupaia,,Tupaiidae,Scandentia
973,DGEAGAQGPPGPAGPAGERGEQGPAGSPGFQGLPGPAGPPGEAGKPGEQGVPGDLGAPGPSGAR,452,515,1,5690.67668838734,0,2,Tupaia chinensis,Tupaia,,Tupaiidae,Scandentia
974,DGEAGAQGPPGPAGPAGERGEQGPAGSPGFQGLPGPAGPPGEAGKPGEQGVPGDLGAPGPSGAR,452,515,1,5691.66070438734,0,3,Tupaia chinensis,Tupaia,,Tupaiidae,Scandentia
975,DGEAGAQGPPGPAGPAGERGEQGPAGSPGFQGLPGPAGPPGEAGKPGEQGVPGDLGAPGPSGAR,452,515,1,5692.64472038734,0,4,Tupaia chinensis,Tupaia,,Tupaiidae,Scandentia
976,DGEAGAQGPPGPAGPAGERGEQGPAGSPGFQGLPGPAGPPGEAGKPGEQGVPGDLGAPGPSGAR,452,515,1,5704.70280638734,1,0,Tupaia chinensis,Tupaia,,Tupaiidae,Scandentia
977,DGEAGAQGPPGPAGPAGERGEQGPAGSPGFQGLPGPAGPPGEAGKPGEQGVPGDLGAPGPSGAR,452,515,1,5705.686822387341,1,1,Tupaia chinensis,Tupaia,,Tupaiidae,Scandentia
978,DGEAGAQGPPGPAGPAGERGEQGPAGSPGFQGLPGPAGPPGEAGKPGEQGVPGDLGAPGPSGAR,452,515,1,5706.67083838734,1,2,Tupaia chinensis,Tupaia,,Tupaiidae,Scandentia
979,DGEAGAQGPPGPAGPAGERGEQGPAGSPGFQGLPGPAGPPGEAGKPGEQGVPGDLGAPGPSGAR,452,515,1,5707.6548543873405,1,3,Tupaia chinensis,Tupaia,,Tupaiidae,Scandentia
980,DGEAGAQGPPGPAGPAGERGEQGPAGSPGFQGLPGPAGPPGEAGKPGEQGVPGDLGAPGPSGAR,452,515,1,5708.638870387341,1,4,Tupaia chinensis,Tupaia,,Tupaiidae,Scandentia
981,DGEAGAQGPPGPAGPAGERGEQGPAGSPGFQGLPGPAGPPGEAGKPGEQGVPGDLGAPGPSGAR,452,515,1,5720.69695638734,2,0,Tupaia chinensis,Tupaia,,Tupaiidae,Scandentia
982,DGEAGAQGPPGPAGPAGERGEQGPAGSPGFQGLPGPAGPPGEAGKPGEQGVPGDLGAPGPSGAR,452,515,1,5721.68097238734,2,1,Tupaia chinensis,Tupaia,,Tupaiidae,Scandentia
983,DGEAGAQGPPGPAGPAGERGEQGPAGSPGFQGLPGPAGPPGEAGKPGEQGVPGDLGAPGPSGAR,452,515,1,5722.66498838734,2,2,Tupaia chinensis,Tupaia,,Tupaiidae,Scandentia
984,DGEAGAQGPPGPAGPAGERGEQGPAGSPGFQGLPGPAGPPGEAGKPGEQGVPGDLGAPGPSGAR,452,515,1,5723.64900438734,2,3,Tupaia chinensis,Tupaia,,Tupaiidae,Scandentia
985,DGEAGAQGPPGPAGPAGERGEQGPAGSPGFQGLPGPAGPPGEAGKPGEQGVPGDLGAPGPSGAR,452,515,1,5724.63302038734,2,4,Tupaia chinensis,Tupaia,,Tupaiidae,Scandentia
986,DGEAGAQGPPGPAGPAGERGEQGPAGSPGFQGLPGPAGPPGEAGKPGEQGVPGDLGAPGPSGAR,452,515,1,5736.69110638734,3,0,Tupaia chinensis,Tupaia,,Tupaiidae,Scandentia
987,DGEAGAQGPPGPAGPAGERGEQGPAGSPGFQGLPGPAGPPGEAGKPGEQGVPGDLGAPGPSGAR,452,515,1,5737.675122387341,3,1,Tupaia chinensis,Tupaia,,Tupaiidae,Scandentia
988,DGEAGAQGPPGPAGPAGERGEQGPAGSPGFQGLPGPAGPPGEAGKPGEQGVPGDLGAPGPSGAR,452,515,1,5738.65913838734,3,2,Tupaia chinensis,Tupaia,,Tupaiidae,Scandentia
989,DGEAGAQGPPGPAGPAGERGEQGPAGSPGFQGLPGPAGPPGEAGKPGEQGVPGDLGAPGPSGAR,452,515,1,5739.6431543873405,3,3,Tupaia chinensis,Tupaia,,Tupaiidae,Scandentia
990,DGEAGAQGPPGPAGPAGERGEQGPAGSPGFQGLPGPAGPPGEAGKPGEQGVPGDLGAPGPSGAR,452,515,1,5740.627170387341,3,4,Tupaia chinensis,Tupaia,,Tupaiidae,Scandentia
991,DGEAGAQGPPGPAGPAGERGEQGPAGSPGFQGLPGPAGPPGEAGKPGEQGVPGDLGAPGPSGAR,452,515,1,5752.68525638734,4,0,Tupaia chinensis,Tupaia,,Tupaiidae,Scandentia
992,DGEAGAQGPPGPAGPAGERGEQGPAGSPGFQGLPGPAGPPGEAGKPGEQGVPGDLGAPGPSGAR,452,515,1,5753.66927238734,4,1,Tupaia chinensis,Tupaia,,Tupaiidae,Scandentia
993,DGEAGAQGPPGPAGPAGERGEQGPAGSPGFQGLPGPAGPPGEAGKPGEQGVPGDLGAPGPSGAR,452,515,1,5754.65328838734,4,2,Tupaia chinensis,Tupaia,,Tupaiidae,Scandentia
994,DGEAGAQGPPGPAGPAGERGEQGPAGSPGFQGLPGPAGPPGEAGKPGEQGVPGDLGAPGPSGAR,452,515,1,5755.63730438734,4,3,Tupaia chinensis,Tupaia,,Tupaiidae,Scandentia
995,DGEAGAQGPPGPAGPAGERGEQGPAGSPGFQGLPGPAGPPGEAGKPGEQGVPGDLGAPGPSGAR,452,515,1,5756.62132038734,4,4,Tupaia chinensis,Tupaia,,Tupaiidae,Scandentia
996,DGEAGAQGPPGPAGPAGERGEQGPAGSPGFQGLPGPAGPPGEAGKPGEQGVPGDLGAPGPSGAR,452,515,1,5768.67940638734,5,0,Tupaia chinensis,Tupaia,,Tupaiidae,Scandentia
997,DGEAGAQGPPGPAGPAGERGEQGPAGSPGFQGLPGPAGPPGEAGKPGEQGVPGDLGAPGPSGAR,452,515,1,5769.663422387341,5,1,Tupaia chinensis,Tupaia,,Tupaiidae,Scandentia
998,DGEAGAQGPPGPAGPAGERGEQGPAGSPGFQGLPGPAGPPGEAGKPGEQGVPGDLGAPGPSGAR,452,515,1,5770.64743838734,5,2,Tupaia chinensis,Tupaia,,Tupaiidae,Scandentia
999,DGEAGAQGPPGPAGPAGERGEQGPAGSPGFQGLPGPAGPPGEAGKPGEQGVPGDLGAPGPSGAR,452,515,1,5771.63145438734,5,3,Tupaia chinensis,Tupaia,,Tupaiidae,Scandentia
1000,DGEAGAQGPPGPAGPAGERGEQGPAGSPGFQGLPGPAGPPGEAGKPGEQGVPGDLGAPGPSGAR,452,515,1,5772.615470387341,5,4,Tupaia chinensis,Tupaia,,Tupaiidae,Scandentia
1001,DGEAGAQGPPGPAGPAGERGEQGPAGSPGFQGLPGPAGPPGEAGKPGEQGVPGDLGAPGPSGAR,452,515,1,5784.67355638734,6,0,Tupaia chinensis,Tupaia,,Tupaiidae,Scandentia
1002,DGEAGAQGPPGPAGPAGERGEQGPAGSPGFQGLPGPAGPPGEAGKPGEQGVPGDLGAPGPSGAR,452,515,1,5785.65757238734,6,1,Tupaia chinensis,Tupaia,,Tupaiidae,Scandentia
1003,DGEAGAQGPPGPAGPAGERGEQGPAGSPGFQGLPGPAGPPGEAGKPGEQGVPGDLGAPGPSGAR,452,515,1,5786.64158838734,6,2,Tupaia chinensis,Tupaia,,Tupaiidae,Scandentia
1004,DGEAGAQGPPGPAGPAGERGEQGPAGSPGFQGLPGPAGPPGEAGKPGEQGVPGDLGAPGPSGAR,452,515,1,5787.62560438734,6,3,Tupaia chinensis,Tupaia,,Tupaiidae,Scandentia
1005,DGEAGAQGPPGPAGPAGERGEQGPAGSPGFQGLPGPAGPPGEAGKPGEQGVPGDLGAPGPSGAR,452,515,1,5788.60962038734,6,4,Tupaia chinensis,Tupaia,,Tupaiidae,Scandentia
1006,DGEAGAQGPPGPAGPAGERGEQGPAGSPGFQGLPGPAGPPGEAGKPGEQGVPGDLGAPGPSGAR,452,515,1,5800.66770638734,7,0,Tupaia chinensis,Tupaia,,Tupaiidae,Scandentia
1007,DGEAGAQGPPGPAGPAGERGEQGPAGSPGFQGLPGPAGPPGEAGKPGEQGVPGDLGAPGPSGAR,452,515,1,5801.651722387341,7,1,Tupaia chinensis,Tupaia,,Tupaiidae,Scandentia
1008,DGEAGAQGPPGPAGPAGERGEQGPAGSPGFQGLPGPAGPPGEAGKPGEQGVPGDLGAPGPSGAR,452,515,1,5802.63573838734,7,2,Tupaia chinensis,Tupaia,,Tupaiidae,Scandentia
1009,DGEAGAQGPPGPAGPAGERGEQGPAGSPGFQGLPGPAGPPGEAGKPGEQGVPGDLGAPGPSGAR,452,515,1,5803.61975438734,7,3,Tupaia chinensis,Tupaia,,Tupaiidae,Scandentia
1010,DGEAGAQGPPGPAGPAGERGEQGPAGSPGFQGLPGPAGPPGEAGKPGEQGVPGDLGAPGPSGAR,452,515,1,5804.603770387341,7,4,Tupaia chinensis,Tupaia,,Tupaiidae,Scandentia
1011,DGEAGAQGPPGPAGPAGERGEQGPAGSPGFQGLPGPAGPPGEAGKPGEQGVPGDLGAPGPSGAR,452,515,1,5816.66185638734,8,0,Tupaia chinensis,Tupaia,,Tupaiidae,Scandentia
1012,DGEAGAQGPPGPAGPAGERGEQGPAGSPGFQGLPGPAGPPGEAGKPGEQGVPGDLGAPGPSGAR,452,515,1,5817.64587238734,8,1,Tupaia chinensis,Tupaia,,Tupaiidae,Scandentia
1013,DGEAGAQGPPGPAGPAGERGEQGPAGSPGFQGLPGPAGPPGEAGKPGEQGVPGDLGAPGPSGAR,452,515,1,5818.62988838734,8,2,Tupaia chinensis,Tupaia,,Tupaiidae,Scandentia
1014,DGEAGAQGPPGPAGPAGERGEQGPAGSPGFQGLPGPAGPPGEAGKPGEQGVPGDLGAPGPSGAR,452,515,1,5819.61390438734,8,3,Tupaia chinensis,Tupaia,,Tupaiidae,Scandentia
1015,DGEAGAQGPPGPAGPAGERGEQGPAGSPGFQGLPGPAGPPGEAGKPGEQGVPGDLGAPGPSGAR,452,515,1,5820.59792038734,8,4,Tupaia chinensis,Tupaia,,Tupaiidae,Scandentia
1016,DGEAGAQGPPGPAGPAGERGEQGPAGSPGFQGLPGPAGPPGEAGKPGEQGVPGDLGAPGPSGAR,452,515,1,5832.65600638734,9,0,Tupaia chinensis,Tupaia,,Tupaiidae,Scandentia
1017,DGEAGAQGPPGPAGPAGERGEQGPAGSPGFQGLPGPAGPPGEAGKPGEQGVPGDLGAPGPSGAR,452,515,1,5833.640022387341,9,1,Tupaia chinensis,Tupaia,,Tupaiidae,Scandentia
1018,DGEAGAQGPPGPAGPAGERGEQGPAGSPGFQGLPGPAGPPGEAGKPGEQGVPGDLGAPGPSGAR,452,515,1,5834.62403838734,9,2,Tupaia chinensis,Tupaia,,Tupaiidae,Scandentia
1019,DGEAGAQGPPGPAGPAGERGEQGPAGSPGFQGLPGPAGPPGEAGKPGEQGVPGDLGAPGPSGAR,452,515,1,5835.60805438734,9,3,Tupaia chinensis,Tupaia,,Tupaiidae,Scandentia
1020,DGEAGAQGPPGPAGPAGERGEQGPAGSPGFQGLPGPAGPPGEAGKPGEQGVPGDLGAPGPSGAR,452,515,1,5836.592070387341,9,4,Tupaia chinensis,Tupaia,,Tupaiidae,Scandentia
1021,DGEAGAQGPPGPAGPAGERGEQGPAGSPGFQGLPGPAGPPGEAGKPGEQGVPGDLGAPGPSGAR,452,515,1,5848.65015638734,10,0,Tupaia chinensis,Tupaia,,Tupaiidae,Scandentia
1022,DGEAGAQGPPGPAGPAGERGEQGPAGSPGFQGLPGPAGPPGEAGKPGEQGVPGDLGAPGPSGAR,452,515,1,5849.63417238734,10,1,Tupaia chinensis,Tupaia,,Tupaiidae,Scandentia
1023,DGEAGAQGPPGPAGPAGERGEQGPAGSPGFQGLPGPAGPPGEAGKPGEQGVPGDLGAPGPSGAR,452,515,1,5850.61818838734,10,2,Tupaia chinensis,Tupaia,,Tupaiidae,Scandentia
1024,DGEAGAQGPPGPAGPAGERGEQGPAGSPGFQGLPGPAGPPGEAGKPGEQGVPGDLGAPGPSGAR,452,515,1,5851.60220438734,10,3,Tupaia chinensis,Tupaia,,Tupaiidae,Scandentia
1025,DGEAGAQGPPGPAGPAGERGEQGPAGSPGFQGLPGPAGPPGEAGKPGEQGVPGDLGAPGPSGAR,452,515,1,5852.58622038734,10,4,Tupaia chinensis,Tupaia,,Tupaiidae,Scandentia
1026,DGEAGAQGPPGPAGPAGERGEQGPAGSPGFQGLPGPAGPPGEAGKPGEQGVPGDLGAPGPSGAR,452,515,1,5864.64430638734,11,0,Tupaia chinensis,Tupaia,,Tupaiidae,Scandentia
1027,DGEAGAQGPPGPAGPAGERGEQGPAGSPGFQGLPGPAGPPGEAGKPGEQGVPGDLGAPGPSGAR,452,515,1,5865.628322387341,11,1,Tupaia chinensis,Tupaia,,Tupaiidae,Scandentia
1028,DGEAGAQGPPGPAGPAGERGEQGPAGSPGFQGLPGPAGPPGEAGKPGEQGVPGDLGAPGPSGAR,452,515,1,5866.61233838734,11,2,Tupaia chinensis,Tupaia,,Tupaiidae,Scandentia
1029,DGEAGAQGPPGPAGPAGERGEQGPAGSPGFQGLPGPAGPPGEAGKPGEQGVPGDLGAPGPSGAR,452,515,1,5867.59635438734,11,3,Tupaia chinensis,Tupaia,,Tupaiidae,Scandentia
1030,DGEAGAQGPPGPAGPAGERGEQGPAGSPGFQGLPGPAGPPGEAGKPGEQGVPGDLGAPGPSGAR,452,515,1,5868.580370387341,11,4,Tupaia chinensis,Tupaia,,Tupaiidae,Scandentia
1031,DGEAGAQGPPGPAGPAGERGEQGPAGSPGFQGLPGPAGPPGEAGKPGEQGVPGDLGAPGPSGAR,452,515,1,5880.63845638734,12,0,Tupaia chinensis,Tupaia,,Tupaiidae,Scandentia
1032,DGEAGAQGPPGPAGPAGERGEQGPAGSPGFQGLPGPAGPPGEAGKPGEQGVPGDLGAPGPSGAR,452,515,1,5881.62247238734,12,1,Tupaia chinensis,Tupaia,,Tupaiidae,Scandentia
1033,DGEAGAQGPPGPAGPAGERGEQGPAGSPGFQGLPGPAGPPGEAGKPGEQGVPGDLGAPGPSGAR,452,515,1,5882.60648838734,12,2,Tupaia chinensis,Tupaia,,Tupaiidae,Scandentia
1034,DGEAGAQGPPGPAGPAGERGEQGPAGSPGFQGLPGPAGPPGEAGKPGEQGVPGDLGAPGPSGAR,452,515,1,5883.59050438734,12,3,Tupaia chinensis,Tupaia,,Tupaiidae,Scandentia
1035,DGEAGAQGPPGPAGPAGERGEQGPAGSPGFQGLPGPAGPPGEAGKPGEQGVPGDLGAPGPSGAR,452,515,1,5884.57452038734,12,4,Tupaia chinensis,Tupaia,,Tupaiidae,Scandentia
1036,DGEAGAQGPPGPAGPAGERGEQGPAGSPGFQGLPGPAGPPGEAGKPGEQGVPGDLGAPGPSGAR,452,515,1,5896.63260638734,13,0,Tupaia chinensis,Tupaia,,Tupaiidae,Scandentia
1037,DGEAGAQGPPGPAGPAGERGEQGPAGSPGFQGLPGPAGPPGEAGKPGEQGVPGDLGAPGPSGAR,452,515,1,5897.616622387341,13,1,Tupaia chinensis,Tupaia,,Tupaiidae,Scandentia
1038,DGEAGAQGPPGPAGPAGERGEQGPAGSPGFQGLPGPAGPPGEAGKPGEQGVPGDLGAPGPSGAR,452,515,1,5898.60063838734,13,2,Tupaia chinensis,Tupaia,,Tupaiidae,Scandentia
1039,DGEAGAQGPPGPAGPAGERGEQGPAGSPGFQGLPGPAGPPGEAGKPGEQGVPGDLGAPGPSGAR,452,515,1,5899.58465438734,13,3,Tupaia chinensis,Tupaia,,Tupaiidae,Scandentia
1040,DGEAGAQGPPGPAGPAGERGEQGPAGSPGFQGLPGPAGPPGEAGKPGEQGVPGDLGAPGPSGAR,452,515,1,5900.568670387341,13,4,Tupaia chinensis,Tupaia,,Tupaiidae,Scandentia
1041,DGEAGAQGPPGPAGPAGERGEQGPAGSPGFQGLPGPAGPPGEAGKPGEQGVPGDLGAPGPSGAR,452,515,1,5912.62675638734,14,0,Tupaia chinensis,Tupaia,,Tupaiidae,Scandentia
1042,DGEAGAQGPPGPAGPAGERGEQGPAGSPGFQGLPGPAGPPGEAGKPGEQGVPGDLGAPGPSGAR,452,515,1,5913.61077238734,14,1,Tupaia chinensis,Tupaia,,Tupaiidae,Scandentia
1043,DGEAGAQGPPGPAGPAGERGEQGPAGSPGFQGLPGPAGPPGEAGKPGEQGVPGDLGAPGPSGAR,452,515,1,5914.59478838734,14,2,Tupaia chinensis,Tupaia,,Tupaiidae,Scandentia
1044,DGEAGAQGPPGPAGPAGERGEQGPAGSPGFQGLPGPAGPPGEAGKPGEQGVPGDLGAPGPSGAR,452,515,1,5915.57880438734,14,3,Tupaia chinensis,Tupaia,,Tupaiidae,Scandentia
1045,DGEAGAQGPPGPAGPAGERGEQGPAGSPGFQGLPGPAGPPGEAGKPGEQGVPGDLGAPGPSGAR,452,515,1,5916.56282038734,14,4,Tupaia chinensis,Tupaia,,Tupaiidae,Scandentia
1046,DGEAGAQGPPGPAGPAGERGEQGPAGSPGFQGLPGPAGPPGEAGKPGEQGVPGDLGAPGPSGAR,452,515,1,5928.62090638734,15,0,Tupaia chinensis,Tupaia,,Tupaiidae,Scandentia
1047,DGEAGAQGPPGPAGPAGERGEQGPAGSPGFQGLPGPAGPPGEAGKPGEQGVPGDLGAPGPSGAR,452,515,1,5929.604922387341,15,1,Tupaia chinensis,Tupaia,,Tupaiidae,Scandentia
1048,DGEAGAQGPPGPAGPAGERGEQGPAGSPGFQGLPGPAGPPGEAGKPGEQGVPGDLGAPGPSGAR,452,515,1,5930.58893838734,15,2,Tupaia chinensis,Tupaia,,Tupaiidae,Scandentia
1049,DGEAGAQGPPGPAGPAGERGEQGPAGSPGFQGLPGPAGPPGEAGKPGEQGVPGDLGAPGPSGAR,452,515,1,5931.57295438734,15,3,Tupaia chinensis,Tupaia,,Tupaiidae,Scandentia
1050,DGEAGAQGPPGPAGPAGERGEQGPAGSPGFQGLPGPAGPPGEAGKPGEQGVPGDLGAPGPSGAR,452,515,1,5932.556970387341,15,4,Tupaia chinensis,Tupaia,,Tupaiidae,Scandentia
1051,GEQGPAGSPGFQGLPGPAGPPGEAGKPGEQGVPGDLGAPGPSGARGER,471,518,1,4359.11371363317,0,0,Tupaia chinensis,Tupaia,,Tupaiidae,Scandentia
1052,GEQGPAGSPGFQGLPGPAGPPGEAGKPGEQGVPGDLGAPGPSGARGER,471,518,1,4360.09772963317,0,1,Tupaia chinensis,Tupaia,,Tupaiidae,Scandentia
1053,GEQGPAGSPGFQGLPGPAGPPGEAGKPGEQGVPGDLGAPGPSGARGER,471,518,1,4361.08174563317,0,2,Tupaia chinensis,Tupaia,,Tupaiidae,Scandentia
1054,GEQGPAGSPGFQGLPGPAGPPGEAGKPGEQGVPGDLGAPGPSGARGER,471,518,1,4362.06576163317,0,3,Tupaia chinensis,Tupaia,,Tupaiidae,Scandentia
1055,GEQGPAGSPGFQGLPGPAGPPGEAGKPGEQGVPGDLGAPGPSGARGER,471,518,1,4375.10786363317,1,0,Tupaia chinensis,Tupaia,,Tupaiidae,Scandentia
1056,GEQGPAGSPGFQGLPGPAGPPGEAGKPGEQGVPGDLGAPGPSGARGER,471,518,1,4376.091879633171,1,1,Tupaia chinensis,Tupaia,,Tupaiidae,Scandentia
1057,GEQGPAGSPGFQGLPGPAGPPGEAGKPGEQGVPGDLGAPGPSGARGER,471,518,1,4377.07589563317,1,2,Tupaia chinensis,Tupaia,,Tupaiidae,Scandentia
1058,GEQGPAGSPGFQGLPGPAGPPGEAGKPGEQGVPGDLGAPGPSGARGER,471,518,1,4378.0599116331705,1,3,Tupaia chinensis,Tupaia,,Tupaiidae,Scandentia
1059,GEQGPAGSPGFQGLPGPAGPPGEAGKPGEQGVPGDLGAPGPSGARGER,471,518,1,4391.10201363317,2,0,Tupaia chinensis,Tupaia,,Tupaiidae,Scandentia
1060,GEQGPAGSPGFQGLPGPAGPPGEAGKPGEQGVPGDLGAPGPSGARGER,471,518,1,4392.08602963317,2,1,Tupaia chinensis,Tupaia,,Tupaiidae,Scandentia
1061,GEQGPAGSPGFQGLPGPAGPPGEAGKPGEQGVPGDLGAPGPSGARGER,471,518,1,4393.07004563317,2,2,Tupaia chinensis,Tupaia,,Tupaiidae,Scandentia
1062,GEQGPAGSPGFQGLPGPAGPPGEAGKPGEQGVPGDLGAPGPSGARGER,471,518,1,4394.05406163317,2,3,Tupaia chinensis,Tupaia,,Tupaiidae,Scandentia
1063,GEQGPAGSPGFQGLPGPAGPPGEAGKPGEQGVPGDLGAPGPSGARGER,471,518,1,4407.09616363317,3,0,Tupaia chinensis,Tupaia,,Tupaiidae,Scandentia
1064,GEQGPAGSPGFQGLPGPAGPPGEAGKPGEQGVPGDLGAPGPSGARGER,471,518,1,4408.080179633171,3,1,Tupaia chinensis,Tupaia,,Tupaiidae,Scandentia
1065,GEQGPAGSPGFQGLPGPAGPPGEAGKPGEQGVPGDLGAPGPSGARGER,471,518,1,4409.06419563317,3,2,Tupaia chinensis,Tupaia,,Tupaiidae,Scandentia
1066,GEQGPAGSPGFQGLPGPAGPPGEAGKPGEQGVPGDLGAPGPSGARGER,471,518,1,4410.0482116331705,3,3,Tupaia chinensis,Tupaia,,Tupaiidae,Scandentia
1067,GEQGPAGSPGFQGLPGPAGPPGEAGKPGEQGVPGDLGAPGPSGARGER,471,518,1,4423.09031363317,4,0,Tupaia chinensis,Tupaia,,Tupaiidae,Scandentia
1068,GEQGPAGSPGFQGLPGPAGPPGEAGKPGEQGVPGDLGAPGPSGARGER,471,518,1,4424.07432963317,4,1,Tupaia chinensis,Tupaia,,Tupaiidae,Scandentia
1069,GEQGPAGSPGFQGLPGPAGPPGEAGKPGEQGVPGDLGAPGPSGARGER,471,518,1,4425.05834563317,4,2,Tupaia chinensis,Tupaia,,Tupaiidae,Scandentia
1070,GEQGPAGSPGFQGLPGPAGPPGEAGKPGEQGVPGDLGAPGPSGARGER,471,518,1,4426.04236163317,4,3,Tupaia chinensis,Tupaia,,Tupaiidae,Scandentia
1071,GEQGPAGSPGFQGLPGPAGPPGEAGKPGEQGVPGDLGAPGPSGARGER,471,518,1,4439.08446363317,5,0,Tupaia chinensis,Tupaia,,Tupaiidae,Scandentia
1072,GEQGPAGSPGFQGLPGPAGPPGEAGKPGEQGVPGDLGAPGPSGARGER,471,518,1,4440.068479633171,5,1,Tupaia chinensis,Tupaia,,Tupaiidae,Scandentia
1073,GEQGPAGSPGFQGLPGPAGPPGEAGKPGEQGVPGDLGAPGPSGARGER,471,518,1,4441.05249563317,5,2,Tupaia chinensis,Tupaia,,Tupaiidae,Scandentia
1074,GEQGPAGSPGFQGLPGPAGPPGEAGKPGEQGVPGDLGAPGPSGARGER,471,518,1,4442.03651163317,5,3,Tupaia chinensis,Tupaia,,Tupaiidae,Scandentia
1075,GEQGPAGSPGFQGLPGPAGPPGEAGKPGEQGVPGDLGAPGPSGARGER,471,518,1,4455.07861363317,6,0,Tupaia chinensis,Tupaia,,Tupaiidae,Scandentia
1076,GEQGPAGSPGFQGLPGPAGPPGEAGKPGEQGVPGDLGAPGPSGARGER,471,518,1,4456.06262963317,6,1,Tupaia chinensis,Tupaia,,Tupaiidae,Scandentia
1077,GEQGPAGSPGFQGLPGPAGPPGEAGKPGEQGVPGDLGAPGPSGARGER,471,518,1,4457.04664563317,6,2,Tupaia chinensis,Tupaia,,Tupaiidae,Scandentia
1078,GEQGPAGSPGFQGLPGPAGPPGEAGKPGEQGVPGDLGAPGPSGARGER,471,518,1,4458.03066163317,6,3,Tupaia chinensis,Tupaia,,Tupaiidae,Scandentia
1079,GEQGPAGSPGFQGLPGPAGPPGEAGKPGEQGVPGDLGAPGPSGARGER,471,518,1,4471.07276363317,7,0,Tupaia chinensis,Tupaia,,Tupaiidae,Scandentia
1080,GEQGPAGSPGFQGLPGPAGPPGEAGKPGEQGVPGDLGAPGPSGARGER,471,518,1,4472.056779633171,7,1,Tupaia chinensis,Tupaia,,Tupaiidae,Scandentia
1081,GEQGPAGSPGFQGLPGPAGPPGEAGKPGEQGVPGDLGAPGPSGARGER,471,518,1,4473.04079563317,7,2,Tupaia chinensis,Tupaia,,Tupaiidae,Scandentia
1082,GEQGPAGSPGFQGLPGPAGPPGEAGKPGEQGVPGDLGAPGPSGARGER,471,518,1,4474.02481163317,7,3,Tupaia chinensis,Tupaia,,Tupaiidae,Scandentia
1083,GEQGPAGSPGFQGLPGPAGPPGEAGKPGEQGVPGDLGAPGPSGARGER,471,518,1,4487.06691363317,8,0,Tupaia chinensis,Tupaia,,Tupaiidae,Scandentia
1084,GEQGPAGSPGFQGLPGPAGPPGEAGKPGEQGVPGDLGAPGPSGARGER,471,518,1,4488.05092963317,8,1,Tupaia chinensis,Tupaia,,Tupaiidae,Scandentia
1085,GEQGPAGSPGFQGLPGPAGPPGEAGKPGEQGVPGDLGAPGPSGARGER,471,518,1,4489.03494563317,8,2,Tupaia chinensis,Tupaia,,Tupaiidae,Scandentia
1086,GEQGPAGSPGFQGLPGPAGPPGEAGKPGEQGVPGDLGAPGPSGARGER,471,518,1,4490.01896163317,8,3,Tupaia chinensis,Tupaia,,Tupaiidae,Scandentia
1087,GEQGPAGSPGFQGLPGPAGPPGEAGKPGEQGVPGDLGAPGPSGARGER,471,518,1,4503.06106363317,9,0,Tupaia chinensis,Tupaia,,Tupaiidae,Scandentia
1088,GEQGPAGSPGFQGLPGPAGPPGEAGKPGEQGVPGDLGAPGPSGARGER,471,518,1,4504.045079633171,9,1,Tupaia chinensis,Tupaia,,Tupaiidae,Scandentia
1089,GEQGPAGSPGFQGLPGPAGPPGEAGKPGEQGVPGDLGAPGPSGARGER,471,518,1,4505.02909563317,9,2,Tupaia chinensis,Tupaia,,Tupaiidae,Scandentia
1090,GEQGPAGSPGFQGLPGPAGPPGEAGKPGEQGVPGDLGAPGPSGARGER,471,518,1,4506.01311163317,9,3,Tupaia chinensis,Tupaia,,Tupaiidae,Scandentia
1091,GEQGPAGSPGFQGLPGPAGPPGEAGKPGEQGVPGDLGAPGPSGARGER,471,518,1,4519.05521363317,10,0,Tupaia chinensis,Tupaia,,Tupaiidae,Scandentia
1092,GEQGPAGSPGFQGLPGPAGPPGEAGKPGEQGVPGDLGAPGPSGARGER,471,518,1,4520.03922963317,10,1,Tupaia chinensis,Tupaia,,Tupaiidae,Scandentia
1093,GEQGPAGSPGFQGLPGPAGPPGEAGKPGEQGVPGDLGAPGPSGARGER,471,518,1,4521.02324563317,10,2,Tupaia chinensis,Tupaia,,Tupaiidae,Scandentia
1094,GEQGPAGSPGFQGLPGPAGPPGEAGKPGEQGVPGDLGAPGPSGARGER,471,518,1,4522.00726163317,10,3,Tupaia chinensis,Tupaia,,Tupaiidae,Scandentia
1095,GEQGPAGSPGFQGLPGPAGPPGEAGKPGEQGVPGDLGAPGPSGARGER,471,518,1,4535.04936363317,11,0,Tupaia chinensis,Tupaia,,Tupaiidae,Scandentia
1096,GEQGPAGSPGFQGLPGPAGPPGEAGKPGEQGVPGDLGAPGPSGARGER,471,518,1,4536.033379633171,11,1,Tupaia chinensis,Tupaia,,Tupaiidae,Scandentia
1097,GEQGPAGSPGFQGLPGPAGPPGEAGKPGEQGVPGDLGAPGPSGARGER,471,518,1,4537.01739563317,11,2,Tupaia chinensis,Tupaia,,Tupaiidae,Scandentia
1098,GEQGPAGSPGFQGLPGPAGPPGEAGKPGEQGVPGDLGAPGPSGARGER,471,518,1,4538.00141163317,11,3,Tupaia chinensis,Tupaia,,Tupaiidae,Scandentia
1099,GEQGPAGSPGFQGLPGPAGPPGEAGKPGEQGVPGDLGAPGPSGAR,471,515,0,4016.9485458010295,0,0,Tupaia chinensis,Tupaia,,Tupaiidae,Scandentia
1100,GEQGPAGSPGFQGLPGPAGPPGEAGKPGEQGVPGDLGAPGPSGAR,471,515,0,4017.9325618010294,0,1,Tupaia chinensis,Tupaia,,Tupaiidae,Scandentia
1101,GEQGPAGSPGFQGLPGPAGPPGEAGKPGEQGVPGDLGAPGPSGAR,471,515,0,4018.9165778010297,0,2,Tupaia chinensis,Tupaia,,Tupaiidae,Scandentia
1102,GEQGPAGSPGFQGLPGPAGPPGEAGKPGEQGVPGDLGAPGPSGAR,471,515,0,4019.9005938010296,0,3,Tupaia chinensis,Tupaia,,Tupaiidae,Scandentia
1103,GEQGPAGSPGFQGLPGPAGPPGEAGKPGEQGVPGDLGAPGPSGAR,471,515,0,4032.9426958010295,1,0,Tupaia chinensis,Tupaia,,Tupaiidae,Scandentia
1104,GEQGPAGSPGFQGLPGPAGPPGEAGKPGEQGVPGDLGAPGPSGAR,471,515,0,4033.9267118010293,1,1,Tupaia chinensis,Tupaia,,Tupaiidae,Scandentia
1105,GEQGPAGSPGFQGLPGPAGPPGEAGKPGEQGVPGDLGAPGPSGAR,471,515,0,4034.9107278010297,1,2,Tupaia chinensis,Tupaia,,Tupaiidae,Scandentia
1106,GEQGPAGSPGFQGLPGPAGPPGEAGKPGEQGVPGDLGAPGPSGAR,471,515,0,4035.8947438010296,1,3,Tupaia chinensis,Tupaia,,Tupaiidae,Scandentia
1107,GEQGPAGSPGFQGLPGPAGPPGEAGKPGEQGVPGDLGAPGPSGAR,471,515,0,4048.9368458010294,2,0,Tupaia chinensis,Tupaia,,Tupaiidae,Scandentia
1108,GEQGPAGSPGFQGLPGPAGPPGEAGKPGEQGVPGDLGAPGPSGAR,471,515,0,4049.9208618010293,2,1,Tupaia chinensis,Tupaia,,Tupaiidae,Scandentia
1109,GEQGPAGSPGFQGLPGPAGPPGEAGKPGEQGVPGDLGAPGPSGAR,471,515,0,4050.9048778010297,2,2,Tupaia chinensis,Tupaia,,Tupaiidae,Scandentia
1110,GEQGPAGSPGFQGLPGPAGPPGEAGKPGEQGVPGDLGAPGPSGAR,471,515,0,4051.8888938010296,2,3,Tupaia chinensis,Tupaia,,Tupaiidae,Scandentia
1111,GEQGPAGSPGFQGLPGPAGPPGEAGKPGEQGVPGDLGAPGPSGAR,471,515,0,4064.9309958010294,3,0,Tupaia chinensis,Tupaia,,Tupaiidae,Scandentia
1112,GEQGPAGSPGFQGLPGPAGPPGEAGKPGEQGVPGDLGAPGPSGAR,471,515,0,4065.9150118010293,3,1,Tupaia chinensis,Tupaia,,Tupaiidae,Scandentia
1113,GEQGPAGSPGFQGLPGPAGPPGEAGKPGEQGVPGDLGAPGPSGAR,471,515,0,4066.8990278010297,3,2,Tupaia chinensis,Tupaia,,Tupaiidae,Scandentia
1114,GEQGPAGSPGFQGLPGPAGPPGEAGKPGEQGVPGDLGAPGPSGAR,471,515,0,4067.8830438010295,3,3,Tupaia chinensis,Tupaia,,Tupaiidae,Scandentia
1115,GEQGPAGSPGFQGLPGPAGPPGEAGKPGEQGVPGDLGAPGPSGAR,471,515,0,4080.9251458010294,4,0,Tupaia chinensis,Tupaia,,Tupaiidae,Scandentia
1116,GEQGPAGSPGFQGLPGPAGPPGEAGKPGEQGVPGDLGAPGPSGAR,471,515,0,4081.9091618010293,4,1,Tupaia chinensis,Tupaia,,Tupaiidae,Scandentia
1117,GEQGPAGSPGFQGLPGPAGPPGEAGKPGEQGVPGDLGAPGPSGAR,471,515,0,4082.8931778010297,4,2,Tupaia chinensis,Tupaia,,Tupaiidae,Scandentia
1118,GEQGPAGSPGFQGLPGPAGPPGEAGKPGEQGVPGDLGAPGPSGAR,471,515,0,4083.8771938010295,4,3,Tupaia chinensis,Tupaia,,Tupaiidae,Scandentia
1119,GEQGPAGSPGFQGLPGPAGPPGEAGKPGEQGVPGDLGAPGPSGAR,471,515,0,4096.91929580103,5,0,Tupaia chinensis,Tupaia,,Tupaiidae,Scandentia
1120,GEQGPAGSPGFQGLPGPAGPPGEAGKPGEQGVPGDLGAPGPSGAR,471,515,0,4097.90331180103,5,1,Tupaia chinensis,Tupaia,,Tupaiidae,Scandentia
1121,GEQGPAGSPGFQGLPGPAGPPGEAGKPGEQGVPGDLGAPGPSGAR,471,515,0,4098.88732780103,5,2,Tupaia chinensis,Tupaia,,Tupaiidae,Scandentia
1122,GEQGPAGSPGFQGLPGPAGPPGEAGKPGEQGVPGDLGAPGPSGAR,471,515,0,4099.87134380103,5,3,Tupaia chinensis,Tupaia,,Tupaiidae,Scandentia
1123,GEQGPAGSPGFQGLPGPAGPPGEAGKPGEQGVPGDLGAPGPSGAR,471,515,0,4112.913445801029,6,0,Tupaia chinensis,Tupaia,,Tupaiidae,Scandentia
1124,GEQGPAGSPGFQGLPGPAGPPGEAGKPGEQGVPGDLGAPGPSGAR,471,515,0,4113.89746180103,6,1,Tupaia chinensis,Tupaia,,Tupaiidae,Scandentia
1125,GEQGPAGSPGFQGLPGPAGPPGEAGKPGEQGVPGDLGAPGPSGAR,471,515,0,4114.881477801029,6,2,Tupaia chinensis,Tupaia,,Tupaiidae,Scandentia
1126,GEQGPAGSPGFQGLPGPAGPPGEAGKPGEQGVPGDLGAPGPSGAR,471,515,0,4115.8654938010295,6,3,Tupaia chinensis,Tupaia,,Tupaiidae,Scandentia
1127,GEQGPAGSPGFQGLPGPAGPPGEAGKPGEQGVPGDLGAPGPSGAR,471,515,0,4128.90759580103,7,0,Tupaia chinensis,Tupaia,,Tupaiidae,Scandentia
1128,GEQGPAGSPGFQGLPGPAGPPGEAGKPGEQGVPGDLGAPGPSGAR,471,515,0,4129.89161180103,7,1,Tupaia chinensis,Tupaia,,Tupaiidae,Scandentia
1129,GEQGPAGSPGFQGLPGPAGPPGEAGKPGEQGVPGDLGAPGPSGAR,471,515,0,4130.87562780103,7,2,Tupaia chinensis,Tupaia,,Tupaiidae,Scandentia
1130,GEQGPAGSPGFQGLPGPAGPPGEAGKPGEQGVPGDLGAPGPSGAR,471,515,0,4131.85964380103,7,3,Tupaia chinensis,Tupaia,,Tupaiidae,Scandentia
1131,GEQGPAGSPGFQGLPGPAGPPGEAGKPGEQGVPGDLGAPGPSGAR,471,515,0,4144.901745801029,8,0,Tupaia chinensis,Tupaia,,Tupaiidae,Scandentia
1132,GEQGPAGSPGFQGLPGPAGPPGEAGKPGEQGVPGDLGAPGPSGAR,471,515,0,4145.88576180103,8,1,Tupaia chinensis,Tupaia,,Tupaiidae,Scandentia
1133,GEQGPAGSPGFQGLPGPAGPPGEAGKPGEQGVPGDLGAPGPSGAR,471,515,0,4146.869777801029,8,2,Tupaia chinensis,Tupaia,,Tupaiidae,Scandentia
1134,GEQGPAGSPGFQGLPGPAGPPGEAGKPGEQGVPGDLGAPGPSGAR,471,515,0,4147.8537938010295,8,3,Tupaia chinensis,Tupaia,,Tupaiidae,Scandentia
1135,GEQGPAGSPGFQGLPGPAGPPGEAGKPGEQGVPGDLGAPGPSGAR,471,515,0,4160.89589580103,9,0,Tupaia chinensis,Tupaia,,Tupaiidae,Scandentia
1136,GEQGPAGSPGFQGLPGPAGPPGEAGKPGEQGVPGDLGAPGPSGAR,471,515,0,4161.87991180103,9,1,Tupaia chinensis,Tupaia,,Tupaiidae,Scandentia
1137,GEQGPAGSPGFQGLPGPAGPPGEAGKPGEQGVPGDLGAPGPSGAR,471,515,0,4162.86392780103,9,2,Tupaia chinensis,Tupaia,,Tupaiidae,Scandentia
1138,GEQGPAGSPGFQGLPGPAGPPGEAGKPGEQGVPGDLGAPGPSGAR,471,515,0,4163.84794380103,9,3,Tupaia chinensis,Tupaia,,Tupaiidae,Scandentia
1139,GEQGPAGSPGFQGLPGPAGPPGEAGKPGEQGVPGDLGAPGPSGAR,471,515,0,4176.890045801029,10,0,Tupaia chinensis,Tupaia,,Tupaiidae,Scandentia
1140,GEQGPAGSPGFQGLPGPAGPPGEAGKPGEQGVPGDLGAPGPSGAR,471,515,0,4177.87406180103,10,1,Tupaia chinensis,Tupaia,,Tupaiidae,Scandentia
1141,GEQGPAGSPGFQGLPGPAGPPGEAGKPGEQGVPGDLGAPGPSGAR,471,515,0,4178.858077801029,10,2,Tupaia chinensis,Tupaia,,Tupaiidae,Scandentia
1142,GEQGPAGSPGFQGLPGPAGPPGEAGKPGEQGVPGDLGAPGPSGAR,471,515,0,4179.8420938010295,10,3,Tupaia chinensis,Tupaia,,Tupaiidae,Scandentia
1143,GEQGPAGSPGFQGLPGPAGPPGEAGKPGEQGVPGDLGAPGPSGAR,471,515,0,4192.88419580103,11,0,Tupaia chinensis,Tupaia,,Tupaiidae,Scandentia
1144,GEQGPAGSPGFQGLPGPAGPPGEAGKPGEQGVPGDLGAPGPSGAR,471,515,0,4193.86821180103,11,1,Tupaia chinensis,Tupaia,,Tupaiidae,Scandentia
1145,GEQGPAGSPGFQGLPGPAGPPGEAGKPGEQGVPGDLGAPGPSGAR,471,515,0,4194.85222780103,11,2,Tupaia chinensis,Tupaia,,Tupaiidae,Scandentia
1146,GEQGPAGSPGFQGLPGPAGPPGEAGKPGEQGVPGDLGAPGPSGAR,471,515,0,4195.83624380103,11,3,Tupaia chinensis,Tupaia,,Tupaiidae,Scandentia
1147,GER,516,518,0,361.18300898261,0,0,Tupaia chinensis,Tupaia,,Tupaiidae,Scandentia
1148,GERGFPGER,516,524,1,1004.4908182971598,0,0,Tupaia chinensis,Tupaia,,Tupaiidae,Scandentia
1149,GERGFPGER,516,524,1,1020.4849682971598,1,0,Tupaia chinensis,Tupaia,,Tupaiidae,Scandentia
1150,GFPGER,519,524,0,662.3256504650199,0,0,Tupaia chinensis,Tupaia,,Tupaiidae,Scandentia
1151,GFPGER,519,524,0,678.3198004650199,1,0,Tupaia chinensis,Tupaia,,Tupaiidae,Scandentia
1152,GFPGERGVQGPPGPAGPR,519,536,1,1732.88777696928,0,0,Tupaia chinensis,Tupaia,,Tupaiidae,Scandentia
1153,GFPGERGVQGPPGPAGPR,519,536,1,1733.87179296928,0,1,Tupaia chinensis,Tupaia,,Tupaiidae,Scandentia
1154,GFPGERGVQGPPGPAGPR,519,536,1,1748.88192696928,1,0,Tupaia chinensis,Tupaia,,Tupaiidae,Scandentia
1155,GFPGERGVQGPPGPAGPR,519,536,1,1749.86594296928,1,1,Tupaia chinensis,Tupaia,,Tupaiidae,Scandentia
1156,GFPGERGVQGPPGPAGPR,519,536,1,1764.87607696928,2,0,Tupaia chinensis,Tupaia,,Tupaiidae,Scandentia
1157,GFPGERGVQGPPGPAGPR,519,536,1,1765.86009296928,2,1,Tupaia chinensis,Tupaia,,Tupaiidae,Scandentia
1158,GFPGERGVQGPPGPAGPR,519,536,1,1780.8702269692799,3,0,Tupaia chinensis,Tupaia,,Tupaiidae,Scandentia
1159,GFPGERGVQGPPGPAGPR,519,536,1,1781.85424296928,3,1,Tupaia chinensis,Tupaia,,Tupaiidae,Scandentia
1160,GFPGERGVQGPPGPAGPR,519,536,1,1796.8643769692799,4,0,Tupaia chinensis,Tupaia,,Tupaiidae,Scandentia
1161,GFPGERGVQGPPGPAGPR,519,536,1,1797.84839296928,4,1,Tupaia chinensis,Tupaia,,Tupaiidae,Scandentia
1162,GFPGERGVQGPPGPAGPR,519,536,1,1812.8585269692799,5,0,Tupaia chinensis,Tupaia,,Tupaiidae,Scandentia
1163,GFPGERGVQGPPGPAGPR,519,536,1,1813.84254296928,5,1,Tupaia chinensis,Tupaia,,Tupaiidae,Scandentia
1164,GVQGPPGPAGPR,525,536,0,1089.5799676547301,0,0,Tupaia chinensis,Tupaia,,Tupaiidae,Scandentia
1165,GVQGPPGPAGPR,525,536,0,1090.5639836547302,0,1,Tupaia chinensis,Tupaia,,Tupaiidae,Scandentia
1166,GVQGPPGPAGPR,525,536,0,1105.5741176547301,1,0,Tupaia chinensis,Tupaia,,Tupaiidae,Scandentia
1167,GVQGPPGPAGPR,525,536,0,1106.5581336547302,1,1,Tupaia chinensis,Tupaia,,Tupaiidae,Scandentia
1168,GVQGPPGPAGPR,525,536,0,1121.56826765473,2,0,Tupaia chinensis,Tupaia,,Tupaiidae,Scandentia
1169,GVQGPPGPAGPR,525,536,0,1122.5522836547302,2,1,Tupaia chinensis,Tupaia,,Tupaiidae,Scandentia
1170,GVQGPPGPAGPR,525,536,0,1137.56241765473,3,0,Tupaia chinensis,Tupaia,,Tupaiidae,Scandentia
1171,GVQGPPGPAGPR,525,536,0,1138.5464336547302,3,1,Tupaia chinensis,Tupaia,,Tupaiidae,Scandentia
1172,GVQGPPGPAGPR,525,536,0,1153.55656765473,4,0,Tupaia chinensis,Tupaia,,Tupaiidae,Scandentia
1173,GVQGPPGPAGPR,525,536,0,1154.5405836547302,4,1,Tupaia chinensis,Tupaia,,Tupaiidae,Scandentia
1174,GVQGPPGPAGPRGANGAPGNDGAK,525,548,1,2099.0376886601,0,0,Tupaia chinensis,Tupaia,,Tupaiidae,Scandentia
1175,GVQGPPGPAGPRGANGAPGNDGAK,525,548,1,2100.0217046600997,0,1,Tupaia chinensis,Tupaia,,Tupaiidae,Scandentia
1176,GVQGPPGPAGPRGANGAPGNDGAK,525,548,1,2101.0057206601,0,2,Tupaia chinensis,Tupaia,,Tupaiidae,Scandentia
1177,GVQGPPGPAGPRGANGAPGNDGAK,525,548,1,2101.9897366601,0,3,Tupaia chinensis,Tupaia,,Tupaiidae,Scandentia
1178,GVQGPPGPAGPRGANGAPGNDGAK,525,548,1,2115.0318386600998,1,0,Tupaia chinensis,Tupaia,,Tupaiidae,Scandentia
1179,GVQGPPGPAGPRGANGAPGNDGAK,525,548,1,2116.0158546600996,1,1,Tupaia chinensis,Tupaia,,Tupaiidae,Scandentia
1180,GVQGPPGPAGPRGANGAPGNDGAK,525,548,1,2116.9998706601,1,2,Tupaia chinensis,Tupaia,,Tupaiidae,Scandentia
1181,GVQGPPGPAGPRGANGAPGNDGAK,525,548,1,2117.9838866601,1,3,Tupaia chinensis,Tupaia,,Tupaiidae,Scandentia
1182,GVQGPPGPAGPRGANGAPGNDGAK,525,548,1,2131.0259886600998,2,0,Tupaia chinensis,Tupaia,,Tupaiidae,Scandentia
1183,GVQGPPGPAGPRGANGAPGNDGAK,525,548,1,2132.0100046600996,2,1,Tupaia chinensis,Tupaia,,Tupaiidae,Scandentia
1184,GVQGPPGPAGPRGANGAPGNDGAK,525,548,1,2132.9940206601,2,2,Tupaia chinensis,Tupaia,,Tupaiidae,Scandentia
1185,GVQGPPGPAGPRGANGAPGNDGAK,525,548,1,2133.9780366601,2,3,Tupaia chinensis,Tupaia,,Tupaiidae,Scandentia
1186,GVQGPPGPAGPRGANGAPGNDGAK,525,548,1,2147.0201386600997,3,0,Tupaia chinensis,Tupaia,,Tupaiidae,Scandentia
1187,GVQGPPGPAGPRGANGAPGNDGAK,525,548,1,2148.0041546600996,3,1,Tupaia chinensis,Tupaia,,Tupaiidae,Scandentia
1188,GVQGPPGPAGPRGANGAPGNDGAK,525,548,1,2148.9881706601,3,2,Tupaia chinensis,Tupaia,,Tupaiidae,Scandentia
1189,GVQGPPGPAGPRGANGAPGNDGAK,525,548,1,2149.9721866601,3,3,Tupaia chinensis,Tupaia,,Tupaiidae,Scandentia
1190,GVQGPPGPAGPRGANGAPGNDGAK,525,548,1,2163.0142886600997,4,0,Tupaia chinensis,Tupaia,,Tupaiidae,Scandentia
1191,GVQGPPGPAGPRGANGAPGNDGAK,525,548,1,2163.9983046600996,4,1,Tupaia chinensis,Tupaia,,Tupaiidae,Scandentia
1192,GVQGPPGPAGPRGANGAPGNDGAK,525,548,1,2164.9823206601,4,2,Tupaia chinensis,Tupaia,,Tupaiidae,Scandentia
1193,GVQGPPGPAGPRGANGAPGNDGAK,525,548,1,2165.9663366601,4,3,Tupaia chinensis,Tupaia,,Tupaiidae,Scandentia
1194,GVQGPPGPAGPRGANGAPGNDGAK,525,548,1,2179.0084386600997,5,0,Tupaia chinensis,Tupaia,,Tupaiidae,Scandentia
1195,GVQGPPGPAGPRGANGAPGNDGAK,525,548,1,2179.9924546600996,5,1,Tupaia chinensis,Tupaia,,Tupaiidae,Scandentia
1196,GVQGPPGPAGPRGANGAPGNDGAK,525,548,1,2180.9764706601,5,2,Tupaia chinensis,Tupaia,,Tupaiidae,Scandentia
1197,GVQGPPGPAGPRGANGAPGNDGAK,525,548,1,2181.9604866601,5,3,Tupaia chinensis,Tupaia,,Tupaiidae,Scandentia
1198,GVQGPPGPAGPRGANGAPGNDGAK,525,548,1,2195.0025886600997,6,0,Tupaia chinensis,Tupaia,,Tupaiidae,Scandentia
1199,GVQGPPGPAGPRGANGAPGNDGAK,525,548,1,2195.9866046600996,6,1,Tupaia chinensis,Tupaia,,Tupaiidae,Scandentia
1200,GVQGPPGPAGPRGANGAPGNDGAK,525,548,1,2196.9706206601,6,2,Tupaia chinensis,Tupaia,,Tupaiidae,Scandentia
1201,GVQGPPGPAGPRGANGAPGNDGAK,525,548,1,2197.9546366601,6,3,Tupaia chinensis,Tupaia,,Tupaiidae,Scandentia
1202,GANGAPGNDGAK,537,548,0,1028.47556215584,0,0,Tupaia chinensis,Tupaia,,Tupaiidae,Scandentia
1203,GANGAPGNDGAK,537,548,0,1029.45957815584,0,1,Tupaia chinensis,Tupaia,,Tupaiidae,Scandentia
1204,GANGAPGNDGAK,537,548,0,1030.44359415584,0,2,Tupaia chinensis,Tupaia,,Tupaiidae,Scandentia
1205,GANGAPGNDGAK,537,548,0,1044.46971215584,1,0,Tupaia chinensis,Tupaia,,Tupaiidae,Scandentia
1206,GANGAPGNDGAK,537,548,0,1045.45372815584,1,1,Tupaia chinensis,Tupaia,,Tupaiidae,Scandentia
1207,GANGAPGNDGAK,537,548,0,1046.43774415584,1,2,Tupaia chinensis,Tupaia,,Tupaiidae,Scandentia
1208,GANGAPGNDGAK,537,548,0,1060.46386215584,2,0,Tupaia chinensis,Tupaia,,Tupaiidae,Scandentia
1209,GANGAPGNDGAK,537,548,0,1061.44787815584,2,1,Tupaia chinensis,Tupaia,,Tupaiidae,Scandentia
1210,GANGAPGNDGAK,537,548,0,1062.43189415584,2,2,Tupaia chinensis,Tupaia,,Tupaiidae,Scandentia
1211,GANGAPGNDGAKGDAGAPGAPGSQGAPGLQGMPGER,537,572,1,3144.4511618949896,0,0,Tupaia chinensis,Tupaia,,Tupaiidae,Scandentia
1212,GANGAPGNDGAKGDAGAPGAPGSQGAPGLQGMPGER,537,572,1,3145.4351778949895,0,1,Tupaia chinensis,Tupaia,,Tupaiidae,Scandentia
1213,GANGAPGNDGAKGDAGAPGAPGSQGAPGLQGMPGER,537,572,1,3146.41919389499,0,2,Tupaia chinensis,Tupaia,,Tupaiidae,Scandentia
1214,GANGAPGNDGAKGDAGAPGAPGSQGAPGLQGMPGER,537,572,1,3147.4032098949897,0,3,Tupaia chinensis,Tupaia,,Tupaiidae,Scandentia
1215,GANGAPGNDGAKGDAGAPGAPGSQGAPGLQGMPGER,537,572,1,3148.3872258949896,0,4,Tupaia chinensis,Tupaia,,Tupaiidae,Scandentia
1216,GANGAPGNDGAKGDAGAPGAPGSQGAPGLQGMPGER,537,572,1,3160.4453118949896,1,0,Tupaia chinensis,Tupaia,,Tupaiidae,Scandentia
1217,GANGAPGNDGAKGDAGAPGAPGSQGAPGLQGMPGER,537,572,1,3161.4293278949895,1,1,Tupaia chinensis,Tupaia,,Tupaiidae,Scandentia
1218,GANGAPGNDGAKGDAGAPGAPGSQGAPGLQGMPGER,537,572,1,3162.41334389499,1,2,Tupaia chinensis,Tupaia,,Tupaiidae,Scandentia
1219,GANGAPGNDGAKGDAGAPGAPGSQGAPGLQGMPGER,537,572,1,3163.3973598949897,1,3,Tupaia chinensis,Tupaia,,Tupaiidae,Scandentia
1220,GANGAPGNDGAKGDAGAPGAPGSQGAPGLQGMPGER,537,572,1,3164.3813758949896,1,4,Tupaia chinensis,Tupaia,,Tupaiidae,Scandentia
1221,GANGAPGNDGAKGDAGAPGAPGSQGAPGLQGMPGER,537,572,1,3176.4394618949896,2,0,Tupaia chinensis,Tupaia,,Tupaiidae,Scandentia
1222,GANGAPGNDGAKGDAGAPGAPGSQGAPGLQGMPGER,537,572,1,3177.4234778949894,2,1,Tupaia chinensis,Tupaia,,Tupaiidae,Scandentia
1223,GANGAPGNDGAKGDAGAPGAPGSQGAPGLQGMPGER,537,572,1,3178.40749389499,2,2,Tupaia chinensis,Tupaia,,Tupaiidae,Scandentia
1224,GANGAPGNDGAKGDAGAPGAPGSQGAPGLQGMPGER,537,572,1,3179.3915098949897,2,3,Tupaia chinensis,Tupaia,,Tupaiidae,Scandentia
1225,GANGAPGNDGAKGDAGAPGAPGSQGAPGLQGMPGER,537,572,1,3180.3755258949896,2,4,Tupaia chinensis,Tupaia,,Tupaiidae,Scandentia
1226,GANGAPGNDGAKGDAGAPGAPGSQGAPGLQGMPGER,537,572,1,3192.4336118949896,3,0,Tupaia chinensis,Tupaia,,Tupaiidae,Scandentia
1227,GANGAPGNDGAKGDAGAPGAPGSQGAPGLQGMPGER,537,572,1,3193.4176278949894,3,1,Tupaia chinensis,Tupaia,,Tupaiidae,Scandentia
1228,GANGAPGNDGAKGDAGAPGAPGSQGAPGLQGMPGER,537,572,1,3194.40164389499,3,2,Tupaia chinensis,Tupaia,,Tupaiidae,Scandentia
1229,GANGAPGNDGAKGDAGAPGAPGSQGAPGLQGMPGER,537,572,1,3195.3856598949897,3,3,Tupaia chinensis,Tupaia,,Tupaiidae,Scandentia
1230,GANGAPGNDGAKGDAGAPGAPGSQGAPGLQGMPGER,537,572,1,3196.3696758949895,3,4,Tupaia chinensis,Tupaia,,Tupaiidae,Scandentia
1231,GANGAPGNDGAKGDAGAPGAPGSQGAPGLQGMPGER,537,572,1,3208.4277618949895,4,0,Tupaia chinensis,Tupaia,,Tupaiidae,Scandentia
1232,GANGAPGNDGAKGDAGAPGAPGSQGAPGLQGMPGER,537,572,1,3209.4117778949894,4,1,Tupaia chinensis,Tupaia,,Tupaiidae,Scandentia
1233,GANGAPGNDGAKGDAGAPGAPGSQGAPGLQGMPGER,537,572,1,3210.3957938949898,4,2,Tupaia chinensis,Tupaia,,Tupaiidae,Scandentia
1234,GANGAPGNDGAKGDAGAPGAPGSQGAPGLQGMPGER,537,572,1,3211.3798098949896,4,3,Tupaia chinensis,Tupaia,,Tupaiidae,Scandentia
1235,GANGAPGNDGAKGDAGAPGAPGSQGAPGLQGMPGER,537,572,1,3212.3638258949895,4,4,Tupaia chinensis,Tupaia,,Tupaiidae,Scandentia
1236,GANGAPGNDGAKGDAGAPGAPGSQGAPGLQGMPGER,537,572,1,3224.4219118949895,5,0,Tupaia chinensis,Tupaia,,Tupaiidae,Scandentia
1237,GANGAPGNDGAKGDAGAPGAPGSQGAPGLQGMPGER,537,572,1,3225.4059278949894,5,1,Tupaia chinensis,Tupaia,,Tupaiidae,Scandentia
1238,GANGAPGNDGAKGDAGAPGAPGSQGAPGLQGMPGER,537,572,1,3226.3899438949898,5,2,Tupaia chinensis,Tupaia,,Tupaiidae,Scandentia
1239,GANGAPGNDGAKGDAGAPGAPGSQGAPGLQGMPGER,537,572,1,3227.3739598949896,5,3,Tupaia chinensis,Tupaia,,Tupaiidae,Scandentia
1240,GANGAPGNDGAKGDAGAPGAPGSQGAPGLQGMPGER,537,572,1,3228.3579758949895,5,4,Tupaia chinensis,Tupaia,,Tupaiidae,Scandentia
1241,GANGAPGNDGAKGDAGAPGAPGSQGAPGLQGMPGER,537,572,1,3240.4160618949895,6,0,Tupaia chinensis,Tupaia,,Tupaiidae,Scandentia
1242,GANGAPGNDGAKGDAGAPGAPGSQGAPGLQGMPGER,537,572,1,3241.4000778949894,6,1,Tupaia chinensis,Tupaia,,Tupaiidae,Scandentia
1243,GANGAPGNDGAKGDAGAPGAPGSQGAPGLQGMPGER,537,572,1,3242.3840938949897,6,2,Tupaia chinensis,Tupaia,,Tupaiidae,Scandentia
1244,GANGAPGNDGAKGDAGAPGAPGSQGAPGLQGMPGER,537,572,1,3243.3681098949896,6,3,Tupaia chinensis,Tupaia,,Tupaiidae,Scandentia
1245,GANGAPGNDGAKGDAGAPGAPGSQGAPGLQGMPGER,537,572,1,3244.3521258949895,6,4,Tupaia chinensis,Tupaia,,Tupaiidae,Scandentia
1246,GANGAPGNDGAKGDAGAPGAPGSQGAPGLQGMPGER,537,572,1,3256.4102118949895,7,0,Tupaia chinensis,Tupaia,,Tupaiidae,Scandentia
1247,GANGAPGNDGAKGDAGAPGAPGSQGAPGLQGMPGER,537,572,1,3257.3942278949894,7,1,Tupaia chinensis,Tupaia,,Tupaiidae,Scandentia
1248,GANGAPGNDGAKGDAGAPGAPGSQGAPGLQGMPGER,537,572,1,3258.3782438949897,7,2,Tupaia chinensis,Tupaia,,Tupaiidae,Scandentia
1249,GANGAPGNDGAKGDAGAPGAPGSQGAPGLQGMPGER,537,572,1,3259.3622598949896,7,3,Tupaia chinensis,Tupaia,,Tupaiidae,Scandentia
1250,GANGAPGNDGAKGDAGAPGAPGSQGAPGLQGMPGER,537,572,1,3260.3462758949895,7,4,Tupaia chinensis,Tupaia,,Tupaiidae,Scandentia
1251,GDAGAPGAPGSQGAPGLQGMPGER,549,572,0,2134.9934408896197,0,0,Tupaia chinensis,Tupaia,,Tupaiidae,Scandentia
1252,GDAGAPGAPGSQGAPGLQGMPGER,549,572,0,2135.9774568896196,0,1,Tupaia chinensis,Tupaia,,Tupaiidae,Scandentia
1253,GDAGAPGAPGSQGAPGLQGMPGER,549,572,0,2136.96147288962,0,2,Tupaia chinensis,Tupaia,,Tupaiidae,Scandentia
1254,GDAGAPGAPGSQGAPGLQGMPGER,549,572,0,2150.9875908896197,1,0,Tupaia chinensis,Tupaia,,Tupaiidae,Scandentia
1255,GDAGAPGAPGSQGAPGLQGMPGER,549,572,0,2151.9716068896196,1,1,Tupaia chinensis,Tupaia,,Tupaiidae,Scandentia
1256,GDAGAPGAPGSQGAPGLQGMPGER,549,572,0,2152.95562288962,1,2,Tupaia chinensis,Tupaia,,Tupaiidae,Scandentia
1257,GDAGAPGAPGSQGAPGLQGMPGER,549,572,0,2166.9817408896197,2,0,Tupaia chinensis,Tupaia,,Tupaiidae,Scandentia
1258,GDAGAPGAPGSQGAPGLQGMPGER,549,572,0,2167.9657568896196,2,1,Tupaia chinensis,Tupaia,,Tupaiidae,Scandentia
1259,GDAGAPGAPGSQGAPGLQGMPGER,549,572,0,2168.94977288962,2,2,Tupaia chinensis,Tupaia,,Tupaiidae,Scandentia
1260,GDAGAPGAPGSQGAPGLQGMPGER,549,572,0,2182.9758908896197,3,0,Tupaia chinensis,Tupaia,,Tupaiidae,Scandentia
1261,GDAGAPGAPGSQGAPGLQGMPGER,549,572,0,2183.9599068896196,3,1,Tupaia chinensis,Tupaia,,Tupaiidae,Scandentia
1262,GDAGAPGAPGSQGAPGLQGMPGER,549,572,0,2184.94392288962,3,2,Tupaia chinensis,Tupaia,,Tupaiidae,Scandentia
1263,GDAGAPGAPGSQGAPGLQGMPGER,549,572,0,2198.9700408896197,4,0,Tupaia chinensis,Tupaia,,Tupaiidae,Scandentia
1264,GDAGAPGAPGSQGAPGLQGMPGER,549,572,0,2199.9540568896196,4,1,Tupaia chinensis,Tupaia,,Tupaiidae,Scandentia
1265,GDAGAPGAPGSQGAPGLQGMPGER,549,572,0,2200.93807288962,4,2,Tupaia chinensis,Tupaia,,Tupaiidae,Scandentia
1266,GDAGAPGAPGSQGAPGLQGMPGER,549,572,0,2214.9641908896197,5,0,Tupaia chinensis,Tupaia,,Tupaiidae,Scandentia
1267,GDAGAPGAPGSQGAPGLQGMPGER,549,572,0,2215.9482068896195,5,1,Tupaia chinensis,Tupaia,,Tupaiidae,Scandentia
1268,GDAGAPGAPGSQGAPGLQGMPGER,549,572,0,2216.93222288962,5,2,Tupaia chinensis,Tupaia,,Tupaiidae,Scandentia
1269,GDAGAPGAPGSQGAPGLQGMPGERGAAGLPGPK,549,581,1,2883.41661430958,0,0,Tupaia chinensis,Tupaia,,Tupaiidae,Scandentia
1270,GDAGAPGAPGSQGAPGLQGMPGERGAAGLPGPK,549,581,1,2884.40063030958,0,1,Tupaia chinensis,Tupaia,,Tupaiidae,Scandentia
1271,GDAGAPGAPGSQGAPGLQGMPGERGAAGLPGPK,549,581,1,2885.38464630958,0,2,Tupaia chinensis,Tupaia,,Tupaiidae,Scandentia
1272,GDAGAPGAPGSQGAPGLQGMPGERGAAGLPGPK,549,581,1,2899.41076430958,1,0,Tupaia chinensis,Tupaia,,Tupaiidae,Scandentia
1273,GDAGAPGAPGSQGAPGLQGMPGERGAAGLPGPK,549,581,1,2900.39478030958,1,1,Tupaia chinensis,Tupaia,,Tupaiidae,Scandentia
1274,GDAGAPGAPGSQGAPGLQGMPGERGAAGLPGPK,549,581,1,2901.37879630958,1,2,Tupaia chinensis,Tupaia,,Tupaiidae,Scandentia
1275,GDAGAPGAPGSQGAPGLQGMPGERGAAGLPGPK,549,581,1,2915.40491430958,2,0,Tupaia chinensis,Tupaia,,Tupaiidae,Scandentia
1276,GDAGAPGAPGSQGAPGLQGMPGERGAAGLPGPK,549,581,1,2916.38893030958,2,1,Tupaia chinensis,Tupaia,,Tupaiidae,Scandentia
1277,GDAGAPGAPGSQGAPGLQGMPGERGAAGLPGPK,549,581,1,2917.37294630958,2,2,Tupaia chinensis,Tupaia,,Tupaiidae,Scandentia
1278,GDAGAPGAPGSQGAPGLQGMPGERGAAGLPGPK,549,581,1,2931.39906430958,3,0,Tupaia chinensis,Tupaia,,Tupaiidae,Scandentia
1279,GDAGAPGAPGSQGAPGLQGMPGERGAAGLPGPK,549,581,1,2932.38308030958,3,1,Tupaia chinensis,Tupaia,,Tupaiidae,Scandentia
1280,GDAGAPGAPGSQGAPGLQGMPGERGAAGLPGPK,549,581,1,2933.36709630958,3,2,Tupaia chinensis,Tupaia,,Tupaiidae,Scandentia
1281,GDAGAPGAPGSQGAPGLQGMPGERGAAGLPGPK,549,581,1,2947.39321430958,4,0,Tupaia chinensis,Tupaia,,Tupaiidae,Scandentia
1282,GDAGAPGAPGSQGAPGLQGMPGERGAAGLPGPK,549,581,1,2948.3772303095798,4,1,Tupaia chinensis,Tupaia,,Tupaiidae,Scandentia
1283,GDAGAPGAPGSQGAPGLQGMPGERGAAGLPGPK,549,581,1,2949.36124630958,4,2,Tupaia chinensis,Tupaia,,Tupaiidae,Scandentia
1284,GDAGAPGAPGSQGAPGLQGMPGERGAAGLPGPK,549,581,1,2963.38736430958,5,0,Tupaia chinensis,Tupaia,,Tupaiidae,Scandentia
1285,GDAGAPGAPGSQGAPGLQGMPGERGAAGLPGPK,549,581,1,2964.3713803095798,5,1,Tupaia chinensis,Tupaia,,Tupaiidae,Scandentia
1286,GDAGAPGAPGSQGAPGLQGMPGERGAAGLPGPK,549,581,1,2965.35539630958,5,2,Tupaia chinensis,Tupaia,,Tupaiidae,Scandentia
1287,GDAGAPGAPGSQGAPGLQGMPGERGAAGLPGPK,549,581,1,2979.38151430958,6,0,Tupaia chinensis,Tupaia,,Tupaiidae,Scandentia
1288,GDAGAPGAPGSQGAPGLQGMPGERGAAGLPGPK,549,581,1,2980.3655303095798,6,1,Tupaia chinensis,Tupaia,,Tupaiidae,Scandentia
1289,GDAGAPGAPGSQGAPGLQGMPGERGAAGLPGPK,549,581,1,2981.34954630958,6,2,Tupaia chinensis,Tupaia,,Tupaiidae,Scandentia
1290,GDAGAPGAPGSQGAPGLQGMPGERGAAGLPGPK,549,581,1,2995.37566430958,7,0,Tupaia chinensis,Tupaia,,Tupaiidae,Scandentia
1291,GDAGAPGAPGSQGAPGLQGMPGERGAAGLPGPK,549,581,1,2996.3596803095797,7,1,Tupaia chinensis,Tupaia,,Tupaiidae,Scandentia
1292,GDAGAPGAPGSQGAPGLQGMPGERGAAGLPGPK,549,581,1,2997.34369630958,7,2,Tupaia chinensis,Tupaia,,Tupaiidae,Scandentia
1293,GDAGAPGAPGSQGAPGLQGMPGERGAAGLPGPK,549,581,1,3011.36981430958,8,0,Tupaia chinensis,Tupaia,,Tupaiidae,Scandentia
1294,GDAGAPGAPGSQGAPGLQGMPGERGAAGLPGPK,549,581,1,3012.3538303095797,8,1,Tupaia chinensis,Tupaia,,Tupaiidae,Scandentia
1295,GDAGAPGAPGSQGAPGLQGMPGERGAAGLPGPK,549,581,1,3013.33784630958,8,2,Tupaia chinensis,Tupaia,,Tupaiidae,Scandentia
1296,GAAGLPGPKGDR,573,584,1,1095.59053233843,0,0,Tupaia chinensis,Tupaia,,Tupaiidae,Scandentia
1297,GAAGLPGPKGDR,573,584,1,1111.58468233843,1,0,Tupaia chinensis,Tupaia,,Tupaiidae,Scandentia
1298,GAAGLPGPKGDR,573,584,1,1127.57883233843,2,0,Tupaia chinensis,Tupaia,,Tupaiidae,Scandentia
1299,GAAGLPGPKGDR,573,584,1,1143.57298233843,3,0,Tupaia chinensis,Tupaia,,Tupaiidae,Scandentia
1300,GAAGLPGPK,573,581,0,767.44101457043,0,0,Tupaia chinensis,Tupaia,,Tupaiidae,Scandentia
1301,GAAGLPGPK,573,581,0,783.43516457043,1,0,Tupaia chinensis,Tupaia,,Tupaiidae,Scandentia
1302,GAAGLPGPK,573,581,0,799.4293145704299,2,0,Tupaia chinensis,Tupaia,,Tupaiidae,Scandentia
1303,GAAGLPGPK,573,581,0,815.4234645704299,3,0,Tupaia chinensis,Tupaia,,Tupaiidae,Scandentia
1304,GDR,582,584,0,347.16735891847003,0,0,Tupaia chinensis,Tupaia,,Tupaiidae,Scandentia
1305,GDRGDAGPK,582,590,1,872.422070031,0,0,Tupaia chinensis,Tupaia,,Tupaiidae,Scandentia
1306,GDRGDAGPK,582,590,1,888.416220031,1,0,Tupaia chinensis,Tupaia,,Tupaiidae,Scandentia
1307,GDRGDAGPK,582,590,1,904.410370031,2,0,Tupaia chinensis,Tupaia,,Tupaiidae,Scandentia
1308,GDAGPK,585,590,0,544.272552263,0,0,Tupaia chinensis,Tupaia,,Tupaiidae,Scandentia
1309,GDAGPK,585,590,0,560.266702263,1,0,Tupaia chinensis,Tupaia,,Tupaiidae,Scandentia
1310,GDAGPK,585,590,0,576.260852263,2,0,Tupaia chinensis,Tupaia,,Tupaiidae,Scandentia
1311,GDAGPKGADGSPGK,585,598,1,1213.58075550037,0,0,Tupaia chinensis,Tupaia,,Tupaiidae,Scandentia
1312,GDAGPKGADGSPGK,585,598,1,1229.57490550037,1,0,Tupaia chinensis,Tupaia,,Tupaiidae,Scandentia
1313,GDAGPKGADGSPGK,585,598,1,1245.56905550037,2,0,Tupaia chinensis,Tupaia,,Tupaiidae,Scandentia
1314,GDAGPKGADGSPGK,585,598,1,1261.56320550037,3,0,Tupaia chinensis,Tupaia,,Tupaiidae,Scandentia
1315,GDAGPKGADGSPGK,585,598,1,1277.55735550037,4,0,Tupaia chinensis,Tupaia,,Tupaiidae,Scandentia
1316,GADGSPGKDGVR,591,602,1,1115.54397606883,0,0,Tupaia chinensis,Tupaia,,Tupaiidae,Scandentia
1317,GADGSPGKDGVR,591,602,1,1131.53812606883,1,0,Tupaia chinensis,Tupaia,,Tupaiidae,Scandentia
1318,GADGSPGKDGVR,591,602,1,1147.53227606883,2,0,Tupaia chinensis,Tupaia,,Tupaiidae,Scandentia
1319,GADGSPGK,591,598,0,688.3260443878399,0,0,Tupaia chinensis,Tupaia,,Tupaiidae,Scandentia
1320,GADGSPGK,591,598,0,704.3201943878399,1,0,Tupaia chinensis,Tupaia,,Tupaiidae,Scandentia
1321,GADGSPGK,591,598,0,720.3143443878399,2,0,Tupaia chinensis,Tupaia,,Tupaiidae,Scandentia
1322,DGVR,599,602,0,446.23577283146,0,0,Tupaia chinensis,Tupaia,,Tupaiidae,Scandentia
1323,DGVRGLTGPIGPPGPAGAPGDK,599,620,1,1986.04031442905,0,0,Tupaia chinensis,Tupaia,,Tupaiidae,Scandentia
1324,DGVRGLTGPIGPPGPAGAPGDK,599,620,1,2002.03446442905,1,0,Tupaia chinensis,Tupaia,,Tupaiidae,Scandentia
1325,DGVRGLTGPIGPPGPAGAPGDK,599,620,1,2018.02861442905,2,0,Tupaia chinensis,Tupaia,,Tupaiidae,Scandentia
1326,DGVRGLTGPIGPPGPAGAPGDK,599,620,1,2034.02276442905,3,0,Tupaia chinensis,Tupaia,,Tupaiidae,Scandentia
1327,DGVRGLTGPIGPPGPAGAPGDK,599,620,1,2050.0169144290503,4,0,Tupaia chinensis,Tupaia,,Tupaiidae,Scandentia
1328,DGVRGLTGPIGPPGPAGAPGDK,599,620,1,2066.0110644290503,5,0,Tupaia chinensis,Tupaia,,Tupaiidae,Scandentia
1329,DGVRGLTGPIGPPGPAGAPGDK,599,620,1,2082.0052144290503,6,0,Tupaia chinensis,Tupaia,,Tupaiidae,Scandentia
1330,GLTGPIGPPGPAGAPGDKGETGPSGPAGPTGAR,603,635,1,2851.4333099195396,0,0,Tupaia chinensis,Tupaia,,Tupaiidae,Scandentia
1331,GLTGPIGPPGPAGAPGDKGETGPSGPAGPTGAR,603,635,1,2867.4274599195396,1,0,Tupaia chinensis,Tupaia,,Tupaiidae,Scandentia
1332,GLTGPIGPPGPAGAPGDKGETGPSGPAGPTGAR,603,635,1,2883.4216099195396,2,0,Tupaia chinensis,Tupaia,,Tupaiidae,Scandentia
1333,GLTGPIGPPGPAGAPGDKGETGPSGPAGPTGAR,603,635,1,2899.4157599195396,3,0,Tupaia chinensis,Tupaia,,Tupaiidae,Scandentia
1334,GLTGPIGPPGPAGAPGDKGETGPSGPAGPTGAR,603,635,1,2915.4099099195396,4,0,Tupaia chinensis,Tupaia,,Tupaiidae,Scandentia
1335,GLTGPIGPPGPAGAPGDKGETGPSGPAGPTGAR,603,635,1,2931.4040599195396,5,0,Tupaia chinensis,Tupaia,,Tupaiidae,Scandentia
1336,GLTGPIGPPGPAGAPGDKGETGPSGPAGPTGAR,603,635,1,2947.3982099195396,6,0,Tupaia chinensis,Tupaia,,Tupaiidae,Scandentia
1337,GLTGPIGPPGPAGAPGDKGETGPSGPAGPTGAR,603,635,1,2963.3923599195396,7,0,Tupaia chinensis,Tupaia,,Tupaiidae,Scandentia
1338,GLTGPIGPPGPAGAPGDKGETGPSGPAGPTGAR,603,635,1,2979.3865099195395,8,0,Tupaia chinensis,Tupaia,,Tupaiidae,Scandentia
1339,GLTGPIGPPGPAGAPGDKGETGPSGPAGPTGAR,603,635,1,2995.3806599195395,9,0,Tupaia chinensis,Tupaia,,Tupaiidae,Scandentia
1340,GLTGPIGPPGPAGAPGDK,603,620,0,1558.8223827480601,0,0,Tupaia chinensis,Tupaia,,Tupaiidae,Scandentia
1341,GLTGPIGPPGPAGAPGDK,603,620,0,1574.8165327480601,1,0,Tupaia chinensis,Tupaia,,Tupaiidae,Scandentia
1342,GLTGPIGPPGPAGAPGDK,603,620,0,1590.8106827480601,2,0,Tupaia chinensis,Tupaia,,Tupaiidae,Scandentia
1343,GLTGPIGPPGPAGAPGDK,603,620,0,1606.80483274806,3,0,Tupaia chinensis,Tupaia,,Tupaiidae,Scandentia
1344,GLTGPIGPPGPAGAPGDK,603,620,0,1622.79898274806,4,0,Tupaia chinensis,Tupaia,,Tupaiidae,Scandentia
1345,GLTGPIGPPGPAGAPGDK,603,620,0,1638.79313274806,5,0,Tupaia chinensis,Tupaia,,Tupaiidae,Scandentia
1346,GLTGPIGPPGPAGAPGDK,603,620,0,1654.78728274806,6,0,Tupaia chinensis,Tupaia,,Tupaiidae,Scandentia
1347,GETGPSGPAGPTGAR,621,635,0,1311.62876832195,0,0,Tupaia chinensis,Tupaia,,Tupaiidae,Scandentia
1348,GETGPSGPAGPTGAR,621,635,0,1327.62291832195,1,0,Tupaia chinensis,Tupaia,,Tupaiidae,Scandentia
1349,GETGPSGPAGPTGAR,621,635,0,1343.61706832195,2,0,Tupaia chinensis,Tupaia,,Tupaiidae,Scandentia
1350,GETGPSGPAGPTGAR,621,635,0,1359.61121832195,3,0,Tupaia chinensis,Tupaia,,Tupaiidae,Scandentia
1351,GETGPSGPAGPTGARGAPGDR,621,641,1,1864.8896274440801,0,0,Tupaia chinensis,Tupaia,,Tupaiidae,Scandentia
1352,GETGPSGPAGPTGARGAPGDR,621,641,1,1880.8837774440801,1,0,Tupaia chinensis,Tupaia,,Tupaiidae,Scandentia
1353,GETGPSGPAGPTGARGAPGDR,621,641,1,1896.8779274440801,2,0,Tupaia chinensis,Tupaia,,Tupaiidae,Scandentia
1354,GETGPSGPAGPTGARGAPGDR,621,641,1,1912.87207744408,3,0,Tupaia chinensis,Tupaia,,Tupaiidae,Scandentia
1355,GETGPSGPAGPTGARGAPGDR,621,641,1,1928.86622744408,4,0,Tupaia chinensis,Tupaia,,Tupaiidae,Scandentia
1356,GAPGDR,636,641,0,572.2787002726,0,0,Tupaia chinensis,Tupaia,,Tupaiidae,Scandentia
1357,GAPGDR,636,641,0,588.2728502726,1,0,Tupaia chinensis,Tupaia,,Tupaiidae,Scandentia
1358,GAPGDRGEPGPPGPAGFAGPPGADGQPGAK,636,665,1,2639.2597026620197,0,0,Tupaia chinensis,Tupaia,,Tupaiidae,Scandentia
1359,GAPGDRGEPGPPGPAGFAGPPGADGQPGAK,636,665,1,2640.2437186620195,0,1,Tupaia chinensis,Tupaia,,Tupaiidae,Scandentia
1360,GAPGDRGEPGPPGPAGFAGPPGADGQPGAK,636,665,1,2655.2538526620197,1,0,Tupaia chinensis,Tupaia,,Tupaiidae,Scandentia
1361,GAPGDRGEPGPPGPAGFAGPPGADGQPGAK,636,665,1,2656.2378686620195,1,1,Tupaia chinensis,Tupaia,,Tupaiidae,Scandentia
1362,GAPGDRGEPGPPGPAGFAGPPGADGQPGAK,636,665,1,2671.2480026620196,2,0,Tupaia chinensis,Tupaia,,Tupaiidae,Scandentia
1363,GAPGDRGEPGPPGPAGFAGPPGADGQPGAK,636,665,1,2672.2320186620195,2,1,Tupaia chinensis,Tupaia,,Tupaiidae,Scandentia
1364,GAPGDRGEPGPPGPAGFAGPPGADGQPGAK,636,665,1,2687.2421526620196,3,0,Tupaia chinensis,Tupaia,,Tupaiidae,Scandentia
1365,GAPGDRGEPGPPGPAGFAGPPGADGQPGAK,636,665,1,2688.2261686620195,3,1,Tupaia chinensis,Tupaia,,Tupaiidae,Scandentia
1366,GAPGDRGEPGPPGPAGFAGPPGADGQPGAK,636,665,1,2703.2363026620196,4,0,Tupaia chinensis,Tupaia,,Tupaiidae,Scandentia
1367,GAPGDRGEPGPPGPAGFAGPPGADGQPGAK,636,665,1,2704.2203186620195,4,1,Tupaia chinensis,Tupaia,,Tupaiidae,Scandentia
1368,GAPGDRGEPGPPGPAGFAGPPGADGQPGAK,636,665,1,2719.2304526620196,5,0,Tupaia chinensis,Tupaia,,Tupaiidae,Scandentia
1369,GAPGDRGEPGPPGPAGFAGPPGADGQPGAK,636,665,1,2720.2144686620195,5,1,Tupaia chinensis,Tupaia,,Tupaiidae,Scandentia
1370,GAPGDRGEPGPPGPAGFAGPPGADGQPGAK,636,665,1,2735.2246026620196,6,0,Tupaia chinensis,Tupaia,,Tupaiidae,Scandentia
1371,GAPGDRGEPGPPGPAGFAGPPGADGQPGAK,636,665,1,2736.2086186620195,6,1,Tupaia chinensis,Tupaia,,Tupaiidae,Scandentia
1372,GAPGDRGEPGPPGPAGFAGPPGADGQPGAK,636,665,1,2751.2187526620196,7,0,Tupaia chinensis,Tupaia,,Tupaiidae,Scandentia
1373,GAPGDRGEPGPPGPAGFAGPPGADGQPGAK,636,665,1,2752.2027686620195,7,1,Tupaia chinensis,Tupaia,,Tupaiidae,Scandentia
1374,GAPGDRGEPGPPGPAGFAGPPGADGQPGAK,636,665,1,2767.2129026620196,8,0,Tupaia chinensis,Tupaia,,Tupaiidae,Scandentia
1375,GAPGDRGEPGPPGPAGFAGPPGADGQPGAK,636,665,1,2768.1969186620195,8,1,Tupaia chinensis,Tupaia,,Tupaiidae,Scandentia
1376,GAPGDRGEPGPPGPAGFAGPPGADGQPGAK,636,665,1,2783.2070526620196,9,0,Tupaia chinensis,Tupaia,,Tupaiidae,Scandentia
1377,GAPGDRGEPGPPGPAGFAGPPGADGQPGAK,636,665,1,2784.1910686620195,9,1,Tupaia chinensis,Tupaia,,Tupaiidae,Scandentia
1378,GEPGPPGPAGFAGPPGADGQPGAK,642,665,0,2085.9988435398895,0,0,Tupaia chinensis,Tupaia,,Tupaiidae,Scandentia
1379,GEPGPPGPAGFAGPPGADGQPGAK,642,665,0,2086.9828595398894,0,1,Tupaia chinensis,Tupaia,,Tupaiidae,Scandentia
1380,GEPGPPGPAGFAGPPGADGQPGAK,642,665,0,2101.9929935398895,1,0,Tupaia chinensis,Tupaia,,Tupaiidae,Scandentia
1381,GEPGPPGPAGFAGPPGADGQPGAK,642,665,0,2102.9770095398894,1,1,Tupaia chinensis,Tupaia,,Tupaiidae,Scandentia
1382,GEPGPPGPAGFAGPPGADGQPGAK,642,665,0,2117.9871435398895,2,0,Tupaia chinensis,Tupaia,,Tupaiidae,Scandentia
1383,GEPGPPGPAGFAGPPGADGQPGAK,642,665,0,2118.9711595398894,2,1,Tupaia chinensis,Tupaia,,Tupaiidae,Scandentia
1384,GEPGPPGPAGFAGPPGADGQPGAK,642,665,0,2133.9812935398895,3,0,Tupaia chinensis,Tupaia,,Tupaiidae,Scandentia
1385,GEPGPPGPAGFAGPPGADGQPGAK,642,665,0,2134.9653095398894,3,1,Tupaia chinensis,Tupaia,,Tupaiidae,Scandentia
1386,GEPGPPGPAGFAGPPGADGQPGAK,642,665,0,2149.9754435398895,4,0,Tupaia chinensis,Tupaia,,Tupaiidae,Scandentia
1387,GEPGPPGPAGFAGPPGADGQPGAK,642,665,0,2150.9594595398894,4,1,Tupaia chinensis,Tupaia,,Tupaiidae,Scandentia
1388,GEPGPPGPAGFAGPPGADGQPGAK,642,665,0,2165.9695935398895,5,0,Tupaia chinensis,Tupaia,,Tupaiidae,Scandentia
1389,GEPGPPGPAGFAGPPGADGQPGAK,642,665,0,2166.9536095398894,5,1,Tupaia chinensis,Tupaia,,Tupaiidae,Scandentia
1390,GEPGPPGPAGFAGPPGADGQPGAK,642,665,0,2181.9637435398895,6,0,Tupaia chinensis,Tupaia,,Tupaiidae,Scandentia
1391,GEPGPPGPAGFAGPPGADGQPGAK,642,665,0,2182.9477595398894,6,1,Tupaia chinensis,Tupaia,,Tupaiidae,Scandentia
1392,GEPGPPGPAGFAGPPGADGQPGAK,642,665,0,2197.9578935398895,7,0,Tupaia chinensis,Tupaia,,Tupaiidae,Scandentia
1393,GEPGPPGPAGFAGPPGADGQPGAK,642,665,0,2198.9419095398894,7,1,Tupaia chinensis,Tupaia,,Tupaiidae,Scandentia
1394,GEPGPPGPAGFAGPPGADGQPGAK,642,665,0,2213.9520435398895,8,0,Tupaia chinensis,Tupaia,,Tupaiidae,Scandentia
1395,GEPGPPGPAGFAGPPGADGQPGAK,642,665,0,2214.9360595398894,8,1,Tupaia chinensis,Tupaia,,Tupaiidae,Scandentia
1396,GEPGPPGPAGFAGPPGADGQPGAKGEPGDAGAK,642,674,1,2868.3547252456697,0,0,Tupaia chinensis,Tupaia,,Tupaiidae,Scandentia
1397,GEPGPPGPAGFAGPPGADGQPGAKGEPGDAGAK,642,674,1,2869.3387412456696,0,1,Tupaia chinensis,Tupaia,,Tupaiidae,Scandentia
1398,GEPGPPGPAGFAGPPGADGQPGAKGEPGDAGAK,642,674,1,2884.3488752456697,1,0,Tupaia chinensis,Tupaia,,Tupaiidae,Scandentia
1399,GEPGPPGPAGFAGPPGADGQPGAKGEPGDAGAK,642,674,1,2885.3328912456695,1,1,Tupaia chinensis,Tupaia,,Tupaiidae,Scandentia
1400,GEPGPPGPAGFAGPPGADGQPGAKGEPGDAGAK,642,674,1,2900.3430252456697,2,0,Tupaia chinensis,Tupaia,,Tupaiidae,Scandentia
1401,GEPGPPGPAGFAGPPGADGQPGAKGEPGDAGAK,642,674,1,2901.3270412456695,2,1,Tupaia chinensis,Tupaia,,Tupaiidae,Scandentia
1402,GEPGPPGPAGFAGPPGADGQPGAKGEPGDAGAK,642,674,1,2916.3371752456696,3,0,Tupaia chinensis,Tupaia,,Tupaiidae,Scandentia
1403,GEPGPPGPAGFAGPPGADGQPGAKGEPGDAGAK,642,674,1,2917.3211912456695,3,1,Tupaia chinensis,Tupaia,,Tupaiidae,Scandentia
1404,GEPGPPGPAGFAGPPGADGQPGAKGEPGDAGAK,642,674,1,2932.3313252456696,4,0,Tupaia chinensis,Tupaia,,Tupaiidae,Scandentia
1405,GEPGPPGPAGFAGPPGADGQPGAKGEPGDAGAK,642,674,1,2933.3153412456695,4,1,Tupaia chinensis,Tupaia,,Tupaiidae,Scandentia
1406,GEPGPPGPAGFAGPPGADGQPGAKGEPGDAGAK,642,674,1,2948.3254752456696,5,0,Tupaia chinensis,Tupaia,,Tupaiidae,Scandentia
1407,GEPGPPGPAGFAGPPGADGQPGAKGEPGDAGAK,642,674,1,2949.3094912456695,5,1,Tupaia chinensis,Tupaia,,Tupaiidae,Scandentia
1408,GEPGPPGPAGFAGPPGADGQPGAKGEPGDAGAK,642,674,1,2964.3196252456696,6,0,Tupaia chinensis,Tupaia,,Tupaiidae,Scandentia
1409,GEPGPPGPAGFAGPPGADGQPGAKGEPGDAGAK,642,674,1,2965.3036412456695,6,1,Tupaia chinensis,Tupaia,,Tupaiidae,Scandentia
1410,GEPGPPGPAGFAGPPGADGQPGAKGEPGDAGAK,642,674,1,2980.3137752456696,7,0,Tupaia chinensis,Tupaia,,Tupaiidae,Scandentia
1411,GEPGPPGPAGFAGPPGADGQPGAKGEPGDAGAK,642,674,1,2981.2977912456695,7,1,Tupaia chinensis,Tupaia,,Tupaiidae,Scandentia
1412,GEPGPPGPAGFAGPPGADGQPGAKGEPGDAGAK,642,674,1,2996.3079252456696,8,0,Tupaia chinensis,Tupaia,,Tupaiidae,Scandentia
1413,GEPGPPGPAGFAGPPGADGQPGAKGEPGDAGAK,642,674,1,2997.2919412456695,8,1,Tupaia chinensis,Tupaia,,Tupaiidae,Scandentia
1414,GEPGPPGPAGFAGPPGADGQPGAKGEPGDAGAK,642,674,1,3012.3020752456696,9,0,Tupaia chinensis,Tupaia,,Tupaiidae,Scandentia
1415,GEPGPPGPAGFAGPPGADGQPGAKGEPGDAGAK,642,674,1,3013.2860912456695,9,1,Tupaia chinensis,Tupaia,,Tupaiidae,Scandentia
1416,GEPGPPGPAGFAGPPGADGQPGAKGEPGDAGAK,642,674,1,3028.2962252456696,10,0,Tupaia chinensis,Tupaia,,Tupaiidae,Scandentia
1417,GEPGPPGPAGFAGPPGADGQPGAKGEPGDAGAK,642,674,1,3029.2802412456695,10,1,Tupaia chinensis,Tupaia,,Tupaiidae,Scandentia
1418,GEPGDAGAK,666,674,0,801.37372285625,0,0,Tupaia chinensis,Tupaia,,Tupaiidae,Scandentia
1419,GEPGDAGAK,666,674,0,817.36787285625,1,0,Tupaia chinensis,Tupaia,,Tupaiidae,Scandentia
1420,GEPGDAGAK,666,674,0,833.36202285625,2,0,Tupaia chinensis,Tupaia,,Tupaiidae,Scandentia
1421,GEPGDAGAKGDAGPPGPAGPAGPPGPIGNVGAPGPK,666,701,1,3041.5075374889598,0,0,Tupaia chinensis,Tupaia,,Tupaiidae,Scandentia
1422,GEPGDAGAKGDAGPPGPAGPAGPPGPIGNVGAPGPK,666,701,1,3042.4915534889597,0,1,Tupaia chinensis,Tupaia,,Tupaiidae,Scandentia
1423,GEPGDAGAKGDAGPPGPAGPAGPPGPIGNVGAPGPK,666,701,1,3057.5016874889598,1,0,Tupaia chinensis,Tupaia,,Tupaiidae,Scandentia
1424,GEPGDAGAKGDAGPPGPAGPAGPPGPIGNVGAPGPK,666,701,1,3058.4857034889596,1,1,Tupaia chinensis,Tupaia,,Tupaiidae,Scandentia
1425,GEPGDAGAKGDAGPPGPAGPAGPPGPIGNVGAPGPK,666,701,1,3073.4958374889598,2,0,Tupaia chinensis,Tupaia,,Tupaiidae,Scandentia
1426,GEPGDAGAKGDAGPPGPAGPAGPPGPIGNVGAPGPK,666,701,1,3074.4798534889596,2,1,Tupaia chinensis,Tupaia,,Tupaiidae,Scandentia
1427,GEPGDAGAKGDAGPPGPAGPAGPPGPIGNVGAPGPK,666,701,1,3089.4899874889597,3,0,Tupaia chinensis,Tupaia,,Tupaiidae,Scandentia
1428,GEPGDAGAKGDAGPPGPAGPAGPPGPIGNVGAPGPK,666,701,1,3090.4740034889596,3,1,Tupaia chinensis,Tupaia,,Tupaiidae,Scandentia
1429,GEPGDAGAKGDAGPPGPAGPAGPPGPIGNVGAPGPK,666,701,1,3105.4841374889597,4,0,Tupaia chinensis,Tupaia,,Tupaiidae,Scandentia
1430,GEPGDAGAKGDAGPPGPAGPAGPPGPIGNVGAPGPK,666,701,1,3106.4681534889596,4,1,Tupaia chinensis,Tupaia,,Tupaiidae,Scandentia
1431,GEPGDAGAKGDAGPPGPAGPAGPPGPIGNVGAPGPK,666,701,1,3121.4782874889597,5,0,Tupaia chinensis,Tupaia,,Tupaiidae,Scandentia
1432,GEPGDAGAKGDAGPPGPAGPAGPPGPIGNVGAPGPK,666,701,1,3122.4623034889596,5,1,Tupaia chinensis,Tupaia,,Tupaiidae,Scandentia
1433,GEPGDAGAKGDAGPPGPAGPAGPPGPIGNVGAPGPK,666,701,1,3137.4724374889597,6,0,Tupaia chinensis,Tupaia,,Tupaiidae,Scandentia
1434,GEPGDAGAKGDAGPPGPAGPAGPPGPIGNVGAPGPK,666,701,1,3138.4564534889596,6,1,Tupaia chinensis,Tupaia,,Tupaiidae,Scandentia
1435,GEPGDAGAKGDAGPPGPAGPAGPPGPIGNVGAPGPK,666,701,1,3153.4665874889597,7,0,Tupaia chinensis,Tupaia,,Tupaiidae,Scandentia
1436,GEPGDAGAKGDAGPPGPAGPAGPPGPIGNVGAPGPK,666,701,1,3154.4506034889596,7,1,Tupaia chinensis,Tupaia,,Tupaiidae,Scandentia
1437,GEPGDAGAKGDAGPPGPAGPAGPPGPIGNVGAPGPK,666,701,1,3169.4607374889597,8,0,Tupaia chinensis,Tupaia,,Tupaiidae,Scandentia
1438,GEPGDAGAKGDAGPPGPAGPAGPPGPIGNVGAPGPK,666,701,1,3170.4447534889596,8,1,Tupaia chinensis,Tupaia,,Tupaiidae,Scandentia
1439,GEPGDAGAKGDAGPPGPAGPAGPPGPIGNVGAPGPK,666,701,1,3185.4548874889597,9,0,Tupaia chinensis,Tupaia,,Tupaiidae,Scandentia
1440,GEPGDAGAKGDAGPPGPAGPAGPPGPIGNVGAPGPK,666,701,1,3186.4389034889596,9,1,Tupaia chinensis,Tupaia,,Tupaiidae,Scandentia
1441,GEPGDAGAKGDAGPPGPAGPAGPPGPIGNVGAPGPK,666,701,1,3201.4490374889597,10,0,Tupaia chinensis,Tupaia,,Tupaiidae,Scandentia
1442,GEPGDAGAKGDAGPPGPAGPAGPPGPIGNVGAPGPK,666,701,1,3202.4330534889596,10,1,Tupaia chinensis,Tupaia,,Tupaiidae,Scandentia
1443,GEPGDAGAKGDAGPPGPAGPAGPPGPIGNVGAPGPK,666,701,1,3217.4431874889597,11,0,Tupaia chinensis,Tupaia,,Tupaiidae,Scandentia
1444,GEPGDAGAKGDAGPPGPAGPAGPPGPIGNVGAPGPK,666,701,1,3218.4272034889595,11,1,Tupaia chinensis,Tupaia,,Tupaiidae,Scandentia
1445,GEPGDAGAKGDAGPPGPAGPAGPPGPIGNVGAPGPK,666,701,1,3233.4373374889597,12,0,Tupaia chinensis,Tupaia,,Tupaiidae,Scandentia
1446,GEPGDAGAKGDAGPPGPAGPAGPPGPIGNVGAPGPK,666,701,1,3234.4213534889595,12,1,Tupaia chinensis,Tupaia,,Tupaiidae,Scandentia
1447,GDAGPPGPAGPAGPPGPIGNVGAPGPK,675,701,0,2259.15165578318,0,0,Tupaia chinensis,Tupaia,,Tupaiidae,Scandentia
1448,GDAGPPGPAGPAGPPGPIGNVGAPGPK,675,701,0,2260.13567178318,0,1,Tupaia chinensis,Tupaia,,Tupaiidae,Scandentia
1449,GDAGPPGPAGPAGPPGPIGNVGAPGPK,675,701,0,2275.14580578318,1,0,Tupaia chinensis,Tupaia,,Tupaiidae,Scandentia
1450,GDAGPPGPAGPAGPPGPIGNVGAPGPK,675,701,0,2276.12982178318,1,1,Tupaia chinensis,Tupaia,,Tupaiidae,Scandentia
1451,GDAGPPGPAGPAGPPGPIGNVGAPGPK,675,701,0,2291.13995578318,2,0,Tupaia chinensis,Tupaia,,Tupaiidae,Scandentia
1452,GDAGPPGPAGPAGPPGPIGNVGAPGPK,675,701,0,2292.12397178318,2,1,Tupaia chinensis,Tupaia,,Tupaiidae,Scandentia
1453,GDAGPPGPAGPAGPPGPIGNVGAPGPK,675,701,0,2307.13410578318,3,0,Tupaia chinensis,Tupaia,,Tupaiidae,Scandentia
1454,GDAGPPGPAGPAGPPGPIGNVGAPGPK,675,701,0,2308.11812178318,3,1,Tupaia chinensis,Tupaia,,Tupaiidae,Scandentia
1455,GDAGPPGPAGPAGPPGPIGNVGAPGPK,675,701,0,2323.12825578318,4,0,Tupaia chinensis,Tupaia,,Tupaiidae,Scandentia
1456,GDAGPPGPAGPAGPPGPIGNVGAPGPK,675,701,0,2324.11227178318,4,1,Tupaia chinensis,Tupaia,,Tupaiidae,Scandentia
1457,GDAGPPGPAGPAGPPGPIGNVGAPGPK,675,701,0,2339.12240578318,5,0,Tupaia chinensis,Tupaia,,Tupaiidae,Scandentia
1458,GDAGPPGPAGPAGPPGPIGNVGAPGPK,675,701,0,2340.10642178318,5,1,Tupaia chinensis,Tupaia,,Tupaiidae,Scandentia
1459,GDAGPPGPAGPAGPPGPIGNVGAPGPK,675,701,0,2355.11655578318,6,0,Tupaia chinensis,Tupaia,,Tupaiidae,Scandentia
1460,GDAGPPGPAGPAGPPGPIGNVGAPGPK,675,701,0,2356.10057178318,6,1,Tupaia chinensis,Tupaia,,Tupaiidae,Scandentia
1461,GDAGPPGPAGPAGPPGPIGNVGAPGPK,675,701,0,2371.11070578318,7,0,Tupaia chinensis,Tupaia,,Tupaiidae,Scandentia
1462,GDAGPPGPAGPAGPPGPIGNVGAPGPK,675,701,0,2372.09472178318,7,1,Tupaia chinensis,Tupaia,,Tupaiidae,Scandentia
1463,GDAGPPGPAGPAGPPGPIGNVGAPGPK,675,701,0,2387.10485578318,8,0,Tupaia chinensis,Tupaia,,Tupaiidae,Scandentia
1464,GDAGPPGPAGPAGPPGPIGNVGAPGPK,675,701,0,2388.08887178318,8,1,Tupaia chinensis,Tupaia,,Tupaiidae,Scandentia
1465,GDAGPPGPAGPAGPPGPIGNVGAPGPK,675,701,0,2403.09900578318,9,0,Tupaia chinensis,Tupaia,,Tupaiidae,Scandentia
1466,GDAGPPGPAGPAGPPGPIGNVGAPGPK,675,701,0,2404.08302178318,9,1,Tupaia chinensis,Tupaia,,Tupaiidae,Scandentia
1467,GDAGPPGPAGPAGPPGPIGNVGAPGPK,675,701,0,2419.09315578318,10,0,Tupaia chinensis,Tupaia,,Tupaiidae,Scandentia
1468,GDAGPPGPAGPAGPPGPIGNVGAPGPK,675,701,0,2420.07717178318,10,1,Tupaia chinensis,Tupaia,,Tupaiidae,Scandentia
1469,GDAGPPGPAGPAGPPGPIGNVGAPGPKGAR,675,704,1,2543.3113443120596,0,0,Tupaia chinensis,Tupaia,,Tupaiidae,Scandentia
1470,GDAGPPGPAGPAGPPGPIGNVGAPGPKGAR,675,704,1,2544.2953603120595,0,1,Tupaia chinensis,Tupaia,,Tupaiidae,Scandentia
1471,GDAGPPGPAGPAGPPGPIGNVGAPGPKGAR,675,704,1,2559.3054943120596,1,0,Tupaia chinensis,Tupaia,,Tupaiidae,Scandentia
1472,GDAGPPGPAGPAGPPGPIGNVGAPGPKGAR,675,704,1,2560.2895103120595,1,1,Tupaia chinensis,Tupaia,,Tupaiidae,Scandentia
1473,GDAGPPGPAGPAGPPGPIGNVGAPGPKGAR,675,704,1,2575.2996443120596,2,0,Tupaia chinensis,Tupaia,,Tupaiidae,Scandentia
1474,GDAGPPGPAGPAGPPGPIGNVGAPGPKGAR,675,704,1,2576.2836603120595,2,1,Tupaia chinensis,Tupaia,,Tupaiidae,Scandentia
1475,GDAGPPGPAGPAGPPGPIGNVGAPGPKGAR,675,704,1,2591.2937943120596,3,0,Tupaia chinensis,Tupaia,,Tupaiidae,Scandentia
1476,GDAGPPGPAGPAGPPGPIGNVGAPGPKGAR,675,704,1,2592.2778103120595,3,1,Tupaia chinensis,Tupaia,,Tupaiidae,Scandentia
1477,GDAGPPGPAGPAGPPGPIGNVGAPGPKGAR,675,704,1,2607.2879443120596,4,0,Tupaia chinensis,Tupaia,,Tupaiidae,Scandentia
1478,GDAGPPGPAGPAGPPGPIGNVGAPGPKGAR,675,704,1,2608.2719603120595,4,1,Tupaia chinensis,Tupaia,,Tupaiidae,Scandentia
1479,GDAGPPGPAGPAGPPGPIGNVGAPGPKGAR,675,704,1,2623.2820943120596,5,0,Tupaia chinensis,Tupaia,,Tupaiidae,Scandentia
1480,GDAGPPGPAGPAGPPGPIGNVGAPGPKGAR,675,704,1,2624.2661103120595,5,1,Tupaia chinensis,Tupaia,,Tupaiidae,Scandentia
1481,GDAGPPGPAGPAGPPGPIGNVGAPGPKGAR,675,704,1,2639.2762443120596,6,0,Tupaia chinensis,Tupaia,,Tupaiidae,Scandentia
1482,GDAGPPGPAGPAGPPGPIGNVGAPGPKGAR,675,704,1,2640.2602603120595,6,1,Tupaia chinensis,Tupaia,,Tupaiidae,Scandentia
1483,GDAGPPGPAGPAGPPGPIGNVGAPGPKGAR,675,704,1,2655.2703943120596,7,0,Tupaia chinensis,Tupaia,,Tupaiidae,Scandentia
1484,GDAGPPGPAGPAGPPGPIGNVGAPGPKGAR,675,704,1,2656.2544103120595,7,1,Tupaia chinensis,Tupaia,,Tupaiidae,Scandentia
1485,GDAGPPGPAGPAGPPGPIGNVGAPGPKGAR,675,704,1,2671.2645443120596,8,0,Tupaia chinensis,Tupaia,,Tupaiidae,Scandentia
1486,GDAGPPGPAGPAGPPGPIGNVGAPGPKGAR,675,704,1,2672.2485603120595,8,1,Tupaia chinensis,Tupaia,,Tupaiidae,Scandentia
1487,GDAGPPGPAGPAGPPGPIGNVGAPGPKGAR,675,704,1,2687.2586943120596,9,0,Tupaia chinensis,Tupaia,,Tupaiidae,Scandentia
1488,GDAGPPGPAGPAGPPGPIGNVGAPGPKGAR,675,704,1,2688.2427103120594,9,1,Tupaia chinensis,Tupaia,,Tupaiidae,Scandentia
1489,GDAGPPGPAGPAGPPGPIGNVGAPGPKGAR,675,704,1,2703.2528443120596,10,0,Tupaia chinensis,Tupaia,,Tupaiidae,Scandentia
1490,GDAGPPGPAGPAGPPGPIGNVGAPGPKGAR,675,704,1,2704.2368603120594,10,1,Tupaia chinensis,Tupaia,,Tupaiidae,Scandentia
1491,GAR,702,704,0,303.17752967935,0,0,Tupaia chinensis,Tupaia,,Tupaiidae,Scandentia
1492,GARGSAGPPGATGFPGAAGR,702,721,1,1711.86229049743,0,0,Tupaia chinensis,Tupaia,,Tupaiidae,Scandentia
1493,GARGSAGPPGATGFPGAAGR,702,721,1,1727.85644049743,1,0,Tupaia chinensis,Tupaia,,Tupaiidae,Scandentia
1494,GARGSAGPPGATGFPGAAGR,702,721,1,1743.85059049743,2,0,Tupaia chinensis,Tupaia,,Tupaiidae,Scandentia
1495,GARGSAGPPGATGFPGAAGR,702,721,1,1759.84474049743,3,0,Tupaia chinensis,Tupaia,,Tupaiidae,Scandentia
1496,GSAGPPGATGFPGAAGR,705,721,0,1427.70260196855,0,0,Tupaia chinensis,Tupaia,,Tupaiidae,Scandentia
1497,GSAGPPGATGFPGAAGR,705,721,0,1443.69675196855,1,0,Tupaia chinensis,Tupaia,,Tupaiidae,Scandentia
1498,GSAGPPGATGFPGAAGR,705,721,0,1459.69090196855,2,0,Tupaia chinensis,Tupaia,,Tupaiidae,Scandentia
1499,GSAGPPGATGFPGAAGR,705,721,0,1475.68505196855,3,0,Tupaia chinensis,Tupaia,,Tupaiidae,Scandentia
1500,GSAGPPGATGFPGAAGRVGPPGPSGNAGPPGPPGPAGK,705,742,1,3173.5875191451596,0,0,Tupaia chinensis,Tupaia,,Tupaiidae,Scandentia
1501,GSAGPPGATGFPGAAGRVGPPGPSGNAGPPGPPGPAGK,705,742,1,3174.5715351451595,0,1,Tupaia chinensis,Tupaia,,Tupaiidae,Scandentia
1502,GSAGPPGATGFPGAAGRVGPPGPSGNAGPPGPPGPAGK,705,742,1,3189.5816691451596,1,0,Tupaia chinensis,Tupaia,,Tupaiidae,Scandentia
1503,GSAGPPGATGFPGAAGRVGPPGPSGNAGPPGPPGPAGK,705,742,1,3190.5656851451595,1,1,Tupaia chinensis,Tupaia,,Tupaiidae,Scandentia
1504,GSAGPPGATGFPGAAGRVGPPGPSGNAGPPGPPGPAGK,705,742,1,3205.5758191451596,2,0,Tupaia chinensis,Tupaia,,Tupaiidae,Scandentia
1505,GSAGPPGATGFPGAAGRVGPPGPSGNAGPPGPPGPAGK,705,742,1,3206.5598351451595,2,1,Tupaia chinensis,Tupaia,,Tupaiidae,Scandentia
1506,GSAGPPGATGFPGAAGRVGPPGPSGNAGPPGPPGPAGK,705,742,1,3221.5699691451596,3,0,Tupaia chinensis,Tupaia,,Tupaiidae,Scandentia
1507,GSAGPPGATGFPGAAGRVGPPGPSGNAGPPGPPGPAGK,705,742,1,3222.5539851451595,3,1,Tupaia chinensis,Tupaia,,Tupaiidae,Scandentia
1508,GSAGPPGATGFPGAAGRVGPPGPSGNAGPPGPPGPAGK,705,742,1,3237.5641191451596,4,0,Tupaia chinensis,Tupaia,,Tupaiidae,Scandentia
1509,GSAGPPGATGFPGAAGRVGPPGPSGNAGPPGPPGPAGK,705,742,1,3238.5481351451594,4,1,Tupaia chinensis,Tupaia,,Tupaiidae,Scandentia
1510,GSAGPPGATGFPGAAGRVGPPGPSGNAGPPGPPGPAGK,705,742,1,3253.5582691451596,5,0,Tupaia chinensis,Tupaia,,Tupaiidae,Scandentia
1511,GSAGPPGATGFPGAAGRVGPPGPSGNAGPPGPPGPAGK,705,742,1,3254.5422851451594,5,1,Tupaia chinensis,Tupaia,,Tupaiidae,Scandentia
1512,GSAGPPGATGFPGAAGRVGPPGPSGNAGPPGPPGPAGK,705,742,1,3269.5524191451595,6,0,Tupaia chinensis,Tupaia,,Tupaiidae,Scandentia
1513,GSAGPPGATGFPGAAGRVGPPGPSGNAGPPGPPGPAGK,705,742,1,3270.5364351451594,6,1,Tupaia chinensis,Tupaia,,Tupaiidae,Scandentia
1514,GSAGPPGATGFPGAAGRVGPPGPSGNAGPPGPPGPAGK,705,742,1,3285.5465691451595,7,0,Tupaia chinensis,Tupaia,,Tupaiidae,Scandentia
1515,GSAGPPGATGFPGAAGRVGPPGPSGNAGPPGPPGPAGK,705,742,1,3286.5305851451594,7,1,Tupaia chinensis,Tupaia,,Tupaiidae,Scandentia
1516,GSAGPPGATGFPGAAGRVGPPGPSGNAGPPGPPGPAGK,705,742,1,3301.5407191451595,8,0,Tupaia chinensis,Tupaia,,Tupaiidae,Scandentia
1517,GSAGPPGATGFPGAAGRVGPPGPSGNAGPPGPPGPAGK,705,742,1,3302.5247351451594,8,1,Tupaia chinensis,Tupaia,,Tupaiidae,Scandentia
1518,GSAGPPGATGFPGAAGRVGPPGPSGNAGPPGPPGPAGK,705,742,1,3317.5348691451595,9,0,Tupaia chinensis,Tupaia,,Tupaiidae,Scandentia
1519,GSAGPPGATGFPGAAGRVGPPGPSGNAGPPGPPGPAGK,705,742,1,3318.5188851451594,9,1,Tupaia chinensis,Tupaia,,Tupaiidae,Scandentia
1520,GSAGPPGATGFPGAAGRVGPPGPSGNAGPPGPPGPAGK,705,742,1,3333.5290191451595,10,0,Tupaia chinensis,Tupaia,,Tupaiidae,Scandentia
1521,GSAGPPGATGFPGAAGRVGPPGPSGNAGPPGPPGPAGK,705,742,1,3334.5130351451594,10,1,Tupaia chinensis,Tupaia,,Tupaiidae,Scandentia
1522,GSAGPPGATGFPGAAGRVGPPGPSGNAGPPGPPGPAGK,705,742,1,3349.5231691451595,11,0,Tupaia chinensis,Tupaia,,Tupaiidae,Scandentia
1523,GSAGPPGATGFPGAAGRVGPPGPSGNAGPPGPPGPAGK,705,742,1,3350.5071851451594,11,1,Tupaia chinensis,Tupaia,,Tupaiidae,Scandentia
1524,GSAGPPGATGFPGAAGRVGPPGPSGNAGPPGPPGPAGK,705,742,1,3365.5173191451595,12,0,Tupaia chinensis,Tupaia,,Tupaiidae,Scandentia
1525,GSAGPPGATGFPGAAGRVGPPGPSGNAGPPGPPGPAGK,705,742,1,3366.5013351451594,12,1,Tupaia chinensis,Tupaia,,Tupaiidae,Scandentia
1526,VGPPGPSGNAGPPGPPGPAGKEGGK,722,746,1,2136.08324187019,0,0,Tupaia chinensis,Tupaia,,Tupaiidae,Scandentia
1527,VGPPGPSGNAGPPGPPGPAGKEGGK,722,746,1,2137.0672578701897,0,1,Tupaia chinensis,Tupaia,,Tupaiidae,Scandentia
1528,VGPPGPSGNAGPPGPPGPAGKEGGK,722,746,1,2152.07739187019,1,0,Tupaia chinensis,Tupaia,,Tupaiidae,Scandentia
1529,VGPPGPSGNAGPPGPPGPAGKEGGK,722,746,1,2153.0614078701897,1,1,Tupaia chinensis,Tupaia,,Tupaiidae,Scandentia
1530,VGPPGPSGNAGPPGPPGPAGKEGGK,722,746,1,2168.07154187019,2,0,Tupaia chinensis,Tupaia,,Tupaiidae,Scandentia
1531,VGPPGPSGNAGPPGPPGPAGKEGGK,722,746,1,2169.0555578701897,2,1,Tupaia chinensis,Tupaia,,Tupaiidae,Scandentia
1532,VGPPGPSGNAGPPGPPGPAGKEGGK,722,746,1,2184.0656918701898,3,0,Tupaia chinensis,Tupaia,,Tupaiidae,Scandentia
1533,VGPPGPSGNAGPPGPPGPAGKEGGK,722,746,1,2185.0497078701896,3,1,Tupaia chinensis,Tupaia,,Tupaiidae,Scandentia
1534,VGPPGPSGNAGPPGPPGPAGKEGGK,722,746,1,2200.0598418701898,4,0,Tupaia chinensis,Tupaia,,Tupaiidae,Scandentia
1535,VGPPGPSGNAGPPGPPGPAGKEGGK,722,746,1,2201.0438578701896,4,1,Tupaia chinensis,Tupaia,,Tupaiidae,Scandentia
1536,VGPPGPSGNAGPPGPPGPAGKEGGK,722,746,1,2216.0539918701897,5,0,Tupaia chinensis,Tupaia,,Tupaiidae,Scandentia
1537,VGPPGPSGNAGPPGPPGPAGKEGGK,722,746,1,2217.0380078701896,5,1,Tupaia chinensis,Tupaia,,Tupaiidae,Scandentia
1538,VGPPGPSGNAGPPGPPGPAGKEGGK,722,746,1,2232.0481418701897,6,0,Tupaia chinensis,Tupaia,,Tupaiidae,Scandentia
1539,VGPPGPSGNAGPPGPPGPAGKEGGK,722,746,1,2233.0321578701896,6,1,Tupaia chinensis,Tupaia,,Tupaiidae,Scandentia
1540,VGPPGPSGNAGPPGPPGPAGKEGGK,722,746,1,2248.0422918701897,7,0,Tupaia chinensis,Tupaia,,Tupaiidae,Scandentia
1541,VGPPGPSGNAGPPGPPGPAGKEGGK,722,746,1,2249.0263078701896,7,1,Tupaia chinensis,Tupaia,,Tupaiidae,Scandentia
1542,VGPPGPSGNAGPPGPPGPAGKEGGK,722,746,1,2264.0364418701897,8,0,Tupaia chinensis,Tupaia,,Tupaiidae,Scandentia
1543,VGPPGPSGNAGPPGPPGPAGKEGGK,722,746,1,2265.0204578701896,8,1,Tupaia chinensis,Tupaia,,Tupaiidae,Scandentia
1544,VGPPGPSGNAGPPGPPGPAGKEGGK,722,746,1,2280.0305918701897,9,0,Tupaia chinensis,Tupaia,,Tupaiidae,Scandentia
1545,VGPPGPSGNAGPPGPPGPAGKEGGK,722,746,1,2281.0146078701896,9,1,Tupaia chinensis,Tupaia,,Tupaiidae,Scandentia
1546,VGPPGPSGNAGPPGPPGPAGKEGGK,722,746,1,2296.0247418701897,10,0,Tupaia chinensis,Tupaia,,Tupaiidae,Scandentia
1547,VGPPGPSGNAGPPGPPGPAGKEGGK,722,746,1,2297.0087578701896,10,1,Tupaia chinensis,Tupaia,,Tupaiidae,Scandentia
1548,VGPPGPSGNAGPPGPPGPAGK,722,742,0,1764.9027583270802,0,0,Tupaia chinensis,Tupaia,,Tupaiidae,Scandentia
1549,VGPPGPSGNAGPPGPPGPAGK,722,742,0,1765.8867743270803,0,1,Tupaia chinensis,Tupaia,,Tupaiidae,Scandentia
1550,VGPPGPSGNAGPPGPPGPAGK,722,742,0,1780.8969083270802,1,0,Tupaia chinensis,Tupaia,,Tupaiidae,Scandentia
1551,VGPPGPSGNAGPPGPPGPAGK,722,742,0,1781.8809243270803,1,1,Tupaia chinensis,Tupaia,,Tupaiidae,Scandentia
1552,VGPPGPSGNAGPPGPPGPAGK,722,742,0,1796.8910583270801,2,0,Tupaia chinensis,Tupaia,,Tupaiidae,Scandentia
1553,VGPPGPSGNAGPPGPPGPAGK,722,742,0,1797.8750743270803,2,1,Tupaia chinensis,Tupaia,,Tupaiidae,Scandentia
1554,VGPPGPSGNAGPPGPPGPAGK,722,742,0,1812.8852083270801,3,0,Tupaia chinensis,Tupaia,,Tupaiidae,Scandentia
1555,VGPPGPSGNAGPPGPPGPAGK,722,742,0,1813.8692243270802,3,1,Tupaia chinensis,Tupaia,,Tupaiidae,Scandentia
1556,VGPPGPSGNAGPPGPPGPAGK,722,742,0,1828.8793583270801,4,0,Tupaia chinensis,Tupaia,,Tupaiidae,Scandentia
1557,VGPPGPSGNAGPPGPPGPAGK,722,742,0,1829.8633743270802,4,1,Tupaia chinensis,Tupaia,,Tupaiidae,Scandentia
1558,VGPPGPSGNAGPPGPPGPAGK,722,742,0,1844.8735083270801,5,0,Tupaia chinensis,Tupaia,,Tupaiidae,Scandentia
1559,VGPPGPSGNAGPPGPPGPAGK,722,742,0,1845.8575243270802,5,1,Tupaia chinensis,Tupaia,,Tupaiidae,Scandentia
1560,VGPPGPSGNAGPPGPPGPAGK,722,742,0,1860.86765832708,6,0,Tupaia chinensis,Tupaia,,Tupaiidae,Scandentia
1561,VGPPGPSGNAGPPGPPGPAGK,722,742,0,1861.8516743270802,6,1,Tupaia chinensis,Tupaia,,Tupaiidae,Scandentia
1562,VGPPGPSGNAGPPGPPGPAGK,722,742,0,1876.86180832708,7,0,Tupaia chinensis,Tupaia,,Tupaiidae,Scandentia
1563,VGPPGPSGNAGPPGPPGPAGK,722,742,0,1877.8458243270802,7,1,Tupaia chinensis,Tupaia,,Tupaiidae,Scandentia
1564,VGPPGPSGNAGPPGPPGPAGK,722,742,0,1892.85595832708,8,0,Tupaia chinensis,Tupaia,,Tupaiidae,Scandentia
1565,VGPPGPSGNAGPPGPPGPAGK,722,742,0,1893.8399743270802,8,1,Tupaia chinensis,Tupaia,,Tupaiidae,Scandentia
1566,VGPPGPSGNAGPPGPPGPAGK,722,742,0,1908.85010832708,9,0,Tupaia chinensis,Tupaia,,Tupaiidae,Scandentia
1567,VGPPGPSGNAGPPGPPGPAGK,722,742,0,1909.8341243270802,9,1,Tupaia chinensis,Tupaia,,Tupaiidae,Scandentia
1568,EGGK,743,746,0,390.19832469358,0,0,Tupaia chinensis,Tupaia,,Tupaiidae,Scandentia
1569,EGGK,743,746,0,406.19247469358,1,0,Tupaia chinensis,Tupaia,,Tupaiidae,Scandentia
1570,EGGKGPR,743,749,1,700.3736632865999,0,0,Tupaia chinensis,Tupaia,,Tupaiidae,Scandentia
1571,EGGKGPR,743,749,1,716.3678132865999,1,0,Tupaia chinensis,Tupaia,,Tupaiidae,Scandentia
1572,EGGKGPR,743,749,1,732.3619632865999,2,0,Tupaia chinensis,Tupaia,,Tupaiidae,Scandentia
1573,GPRGETGPAGRPGEVGPPGPPGPAGEK,747,773,1,2478.24840970233,0,0,Tupaia chinensis,Tupaia,,Tupaiidae,Scandentia
1574,GPRGETGPAGRPGEVGPPGPPGPAGEK,747,773,1,2494.24255970233,1,0,Tupaia chinensis,Tupaia,,Tupaiidae,Scandentia
1575,GPRGETGPAGRPGEVGPPGPPGPAGEK,747,773,1,2510.23670970233,2,0,Tupaia chinensis,Tupaia,,Tupaiidae,Scandentia
1576,GPRGETGPAGRPGEVGPPGPPGPAGEK,747,773,1,2526.23085970233,3,0,Tupaia chinensis,Tupaia,,Tupaiidae,Scandentia
1577,GPRGETGPAGRPGEVGPPGPPGPAGEK,747,773,1,2542.2250097023298,4,0,Tupaia chinensis,Tupaia,,Tupaiidae,Scandentia
1578,GPRGETGPAGRPGEVGPPGPPGPAGEK,747,773,1,2558.2191597023298,5,0,Tupaia chinensis,Tupaia,,Tupaiidae,Scandentia
1579,GPRGETGPAGRPGEVGPPGPPGPAGEK,747,773,1,2574.2133097023298,6,0,Tupaia chinensis,Tupaia,,Tupaiidae,Scandentia
1580,GPRGETGPAGRPGEVGPPGPPGPAGEK,747,773,1,2590.2074597023297,7,0,Tupaia chinensis,Tupaia,,Tupaiidae,Scandentia
1581,GPRGETGPAGRPGEVGPPGPPGPAGEK,747,773,1,2606.2016097023297,8,0,Tupaia chinensis,Tupaia,,Tupaiidae,Scandentia
1582,GPRGETGPAGRPGEVGPPGPPGPAGEK,747,773,1,2622.1957597023297,9,0,Tupaia chinensis,Tupaia,,Tupaiidae,Scandentia
1583,GPR,747,749,0,329.19317974349,0,0,Tupaia chinensis,Tupaia,,Tupaiidae,Scandentia
1584,GPR,747,749,0,345.18732974349,1,0,Tupaia chinensis,Tupaia,,Tupaiidae,Scandentia
1585,GETGPAGRPGEVGPPGPPGPAGEK,750,773,0,2168.0730711093097,0,0,Tupaia chinensis,Tupaia,,Tupaiidae,Scandentia
1586,GETGPAGRPGEVGPPGPPGPAGEK,750,773,0,2184.0672211093097,1,0,Tupaia chinensis,Tupaia,,Tupaiidae,Scandentia
1587,GETGPAGRPGEVGPPGPPGPAGEK,750,773,0,2200.0613711093097,2,0,Tupaia chinensis,Tupaia,,Tupaiidae,Scandentia
1588,GETGPAGRPGEVGPPGPPGPAGEK,750,773,0,2216.0555211093097,3,0,Tupaia chinensis,Tupaia,,Tupaiidae,Scandentia
1589,GETGPAGRPGEVGPPGPPGPAGEK,750,773,0,2232.0496711093097,4,0,Tupaia chinensis,Tupaia,,Tupaiidae,Scandentia
1590,GETGPAGRPGEVGPPGPPGPAGEK,750,773,0,2248.0438211093096,5,0,Tupaia chinensis,Tupaia,,Tupaiidae,Scandentia
1591,GETGPAGRPGEVGPPGPPGPAGEK,750,773,0,2264.0379711093096,6,0,Tupaia chinensis,Tupaia,,Tupaiidae,Scandentia
1592,GETGPAGRPGEVGPPGPPGPAGEK,750,773,0,2280.0321211093096,7,0,Tupaia chinensis,Tupaia,,Tupaiidae,Scandentia
1593,GETGPAGRPGEVGPPGPPGPAGEK,750,773,0,2296.0262711093096,8,0,Tupaia chinensis,Tupaia,,Tupaiidae,Scandentia
1594,GETGPAGRPGEVGPPGPPGPAGEKGSPGADGPAGAPGTPGPQGIAGQR,750,797,1,4222.06603516476,0,0,Tupaia chinensis,Tupaia,,Tupaiidae,Scandentia
1595,GETGPAGRPGEVGPPGPPGPAGEKGSPGADGPAGAPGTPGPQGIAGQR,750,797,1,4223.050051164761,0,1,Tupaia chinensis,Tupaia,,Tupaiidae,Scandentia
1596,GETGPAGRPGEVGPPGPPGPAGEKGSPGADGPAGAPGTPGPQGIAGQR,750,797,1,4224.03406716476,0,2,Tupaia chinensis,Tupaia,,Tupaiidae,Scandentia
1597,GETGPAGRPGEVGPPGPPGPAGEKGSPGADGPAGAPGTPGPQGIAGQR,750,797,1,4238.060185164761,1,0,Tupaia chinensis,Tupaia,,Tupaiidae,Scandentia
1598,GETGPAGRPGEVGPPGPPGPAGEKGSPGADGPAGAPGTPGPQGIAGQR,750,797,1,4239.044201164761,1,1,Tupaia chinensis,Tupaia,,Tupaiidae,Scandentia
1599,GETGPAGRPGEVGPPGPPGPAGEKGSPGADGPAGAPGTPGPQGIAGQR,750,797,1,4240.0282171647605,1,2,Tupaia chinensis,Tupaia,,Tupaiidae,Scandentia
1600,GETGPAGRPGEVGPPGPPGPAGEKGSPGADGPAGAPGTPGPQGIAGQR,750,797,1,4254.05433516476,2,0,Tupaia chinensis,Tupaia,,Tupaiidae,Scandentia
1601,GETGPAGRPGEVGPPGPPGPAGEKGSPGADGPAGAPGTPGPQGIAGQR,750,797,1,4255.038351164761,2,1,Tupaia chinensis,Tupaia,,Tupaiidae,Scandentia
1602,GETGPAGRPGEVGPPGPPGPAGEKGSPGADGPAGAPGTPGPQGIAGQR,750,797,1,4256.02236716476,2,2,Tupaia chinensis,Tupaia,,Tupaiidae,Scandentia
1603,GETGPAGRPGEVGPPGPPGPAGEKGSPGADGPAGAPGTPGPQGIAGQR,750,797,1,4270.048485164761,3,0,Tupaia chinensis,Tupaia,,Tupaiidae,Scandentia
1604,GETGPAGRPGEVGPPGPPGPAGEKGSPGADGPAGAPGTPGPQGIAGQR,750,797,1,4271.032501164761,3,1,Tupaia chinensis,Tupaia,,Tupaiidae,Scandentia
1605,GETGPAGRPGEVGPPGPPGPAGEKGSPGADGPAGAPGTPGPQGIAGQR,750,797,1,4272.01651716476,3,2,Tupaia chinensis,Tupaia,,Tupaiidae,Scandentia
1606,GETGPAGRPGEVGPPGPPGPAGEKGSPGADGPAGAPGTPGPQGIAGQR,750,797,1,4286.04263516476,4,0,Tupaia chinensis,Tupaia,,Tupaiidae,Scandentia
1607,GETGPAGRPGEVGPPGPPGPAGEKGSPGADGPAGAPGTPGPQGIAGQR,750,797,1,4287.026651164761,4,1,Tupaia chinensis,Tupaia,,Tupaiidae,Scandentia
1608,GETGPAGRPGEVGPPGPPGPAGEKGSPGADGPAGAPGTPGPQGIAGQR,750,797,1,4288.01066716476,4,2,Tupaia chinensis,Tupaia,,Tupaiidae,Scandentia
1609,GETGPAGRPGEVGPPGPPGPAGEKGSPGADGPAGAPGTPGPQGIAGQR,750,797,1,4302.036785164761,5,0,Tupaia chinensis,Tupaia,,Tupaiidae,Scandentia
1610,GETGPAGRPGEVGPPGPPGPAGEKGSPGADGPAGAPGTPGPQGIAGQR,750,797,1,4303.020801164761,5,1,Tupaia chinensis,Tupaia,,Tupaiidae,Scandentia
1611,GETGPAGRPGEVGPPGPPGPAGEKGSPGADGPAGAPGTPGPQGIAGQR,750,797,1,4304.00481716476,5,2,Tupaia chinensis,Tupaia,,Tupaiidae,Scandentia
1612,GETGPAGRPGEVGPPGPPGPAGEKGSPGADGPAGAPGTPGPQGIAGQR,750,797,1,4318.03093516476,6,0,Tupaia chinensis,Tupaia,,Tupaiidae,Scandentia
1613,GETGPAGRPGEVGPPGPPGPAGEKGSPGADGPAGAPGTPGPQGIAGQR,750,797,1,4319.0149511647605,6,1,Tupaia chinensis,Tupaia,,Tupaiidae,Scandentia
1614,GETGPAGRPGEVGPPGPPGPAGEKGSPGADGPAGAPGTPGPQGIAGQR,750,797,1,4319.99896716476,6,2,Tupaia chinensis,Tupaia,,Tupaiidae,Scandentia
1615,GETGPAGRPGEVGPPGPPGPAGEKGSPGADGPAGAPGTPGPQGIAGQR,750,797,1,4334.025085164761,7,0,Tupaia chinensis,Tupaia,,Tupaiidae,Scandentia
1616,GETGPAGRPGEVGPPGPPGPAGEKGSPGADGPAGAPGTPGPQGIAGQR,750,797,1,4335.009101164761,7,1,Tupaia chinensis,Tupaia,,Tupaiidae,Scandentia
1617,GETGPAGRPGEVGPPGPPGPAGEKGSPGADGPAGAPGTPGPQGIAGQR,750,797,1,4335.99311716476,7,2,Tupaia chinensis,Tupaia,,Tupaiidae,Scandentia
1618,GETGPAGRPGEVGPPGPPGPAGEKGSPGADGPAGAPGTPGPQGIAGQR,750,797,1,4350.01923516476,8,0,Tupaia chinensis,Tupaia,,Tupaiidae,Scandentia
1619,GETGPAGRPGEVGPPGPPGPAGEKGSPGADGPAGAPGTPGPQGIAGQR,750,797,1,4351.0032511647605,8,1,Tupaia chinensis,Tupaia,,Tupaiidae,Scandentia
1620,GETGPAGRPGEVGPPGPPGPAGEKGSPGADGPAGAPGTPGPQGIAGQR,750,797,1,4351.98726716476,8,2,Tupaia chinensis,Tupaia,,Tupaiidae,Scandentia
1621,GETGPAGRPGEVGPPGPPGPAGEKGSPGADGPAGAPGTPGPQGIAGQR,750,797,1,4366.013385164761,9,0,Tupaia chinensis,Tupaia,,Tupaiidae,Scandentia
1622,GETGPAGRPGEVGPPGPPGPAGEKGSPGADGPAGAPGTPGPQGIAGQR,750,797,1,4366.997401164761,9,1,Tupaia chinensis,Tupaia,,Tupaiidae,Scandentia
1623,GETGPAGRPGEVGPPGPPGPAGEKGSPGADGPAGAPGTPGPQGIAGQR,750,797,1,4367.98141716476,9,2,Tupaia chinensis,Tupaia,,Tupaiidae,Scandentia
1624,GETGPAGRPGEVGPPGPPGPAGEKGSPGADGPAGAPGTPGPQGIAGQR,750,797,1,4382.00753516476,10,0,Tupaia chinensis,Tupaia,,Tupaiidae,Scandentia
1625,GETGPAGRPGEVGPPGPPGPAGEKGSPGADGPAGAPGTPGPQGIAGQR,750,797,1,4382.9915511647605,10,1,Tupaia chinensis,Tupaia,,Tupaiidae,Scandentia
1626,GETGPAGRPGEVGPPGPPGPAGEKGSPGADGPAGAPGTPGPQGIAGQR,750,797,1,4383.97556716476,10,2,Tupaia chinensis,Tupaia,,Tupaiidae,Scandentia
1627,GETGPAGRPGEVGPPGPPGPAGEKGSPGADGPAGAPGTPGPQGIAGQR,750,797,1,4398.001685164761,11,0,Tupaia chinensis,Tupaia,,Tupaiidae,Scandentia
1628,GETGPAGRPGEVGPPGPPGPAGEKGSPGADGPAGAPGTPGPQGIAGQR,750,797,1,4398.985701164761,11,1,Tupaia chinensis,Tupaia,,Tupaiidae,Scandentia
1629,GETGPAGRPGEVGPPGPPGPAGEKGSPGADGPAGAPGTPGPQGIAGQR,750,797,1,4399.96971716476,11,2,Tupaia chinensis,Tupaia,,Tupaiidae,Scandentia
1630,GETGPAGRPGEVGPPGPPGPAGEKGSPGADGPAGAPGTPGPQGIAGQR,750,797,1,4413.99583516476,12,0,Tupaia chinensis,Tupaia,,Tupaiidae,Scandentia
1631,GETGPAGRPGEVGPPGPPGPAGEKGSPGADGPAGAPGTPGPQGIAGQR,750,797,1,4414.9798511647605,12,1,Tupaia chinensis,Tupaia,,Tupaiidae,Scandentia
1632,GETGPAGRPGEVGPPGPPGPAGEKGSPGADGPAGAPGTPGPQGIAGQR,750,797,1,4415.96386716476,12,2,Tupaia chinensis,Tupaia,,Tupaiidae,Scandentia
1633,GETGPAGRPGEVGPPGPPGPAGEKGSPGADGPAGAPGTPGPQGIAGQR,750,797,1,4429.989985164761,13,0,Tupaia chinensis,Tupaia,,Tupaiidae,Scandentia
1634,GETGPAGRPGEVGPPGPPGPAGEKGSPGADGPAGAPGTPGPQGIAGQR,750,797,1,4430.974001164761,13,1,Tupaia chinensis,Tupaia,,Tupaiidae,Scandentia
1635,GETGPAGRPGEVGPPGPPGPAGEKGSPGADGPAGAPGTPGPQGIAGQR,750,797,1,4431.95801716476,13,2,Tupaia chinensis,Tupaia,,Tupaiidae,Scandentia
1636,GSPGADGPAGAPGTPGPQGIAGQRGVVGLPGQR,774,806,1,2936.5085405484697,0,0,Tupaia chinensis,Tupaia,,Tupaiidae,Scandentia
1637,GSPGADGPAGAPGTPGPQGIAGQRGVVGLPGQR,774,806,1,2937.4925565484696,0,1,Tupaia chinensis,Tupaia,,Tupaiidae,Scandentia
1638,GSPGADGPAGAPGTPGPQGIAGQRGVVGLPGQR,774,806,1,2938.47657254847,0,2,Tupaia chinensis,Tupaia,,Tupaiidae,Scandentia
1639,GSPGADGPAGAPGTPGPQGIAGQRGVVGLPGQR,774,806,1,2939.46058854847,0,3,Tupaia chinensis,Tupaia,,Tupaiidae,Scandentia
1640,GSPGADGPAGAPGTPGPQGIAGQRGVVGLPGQR,774,806,1,2952.5026905484697,1,0,Tupaia chinensis,Tupaia,,Tupaiidae,Scandentia
1641,GSPGADGPAGAPGTPGPQGIAGQRGVVGLPGQR,774,806,1,2953.4867065484696,1,1,Tupaia chinensis,Tupaia,,Tupaiidae,Scandentia
1642,GSPGADGPAGAPGTPGPQGIAGQRGVVGLPGQR,774,806,1,2954.47072254847,1,2,Tupaia chinensis,Tupaia,,Tupaiidae,Scandentia
1643,GSPGADGPAGAPGTPGPQGIAGQRGVVGLPGQR,774,806,1,2955.45473854847,1,3,Tupaia chinensis,Tupaia,,Tupaiidae,Scandentia
1644,GSPGADGPAGAPGTPGPQGIAGQRGVVGLPGQR,774,806,1,2968.4968405484697,2,0,Tupaia chinensis,Tupaia,,Tupaiidae,Scandentia
1645,GSPGADGPAGAPGTPGPQGIAGQRGVVGLPGQR,774,806,1,2969.4808565484695,2,1,Tupaia chinensis,Tupaia,,Tupaiidae,Scandentia
1646,GSPGADGPAGAPGTPGPQGIAGQRGVVGLPGQR,774,806,1,2970.46487254847,2,2,Tupaia chinensis,Tupaia,,Tupaiidae,Scandentia
1647,GSPGADGPAGAPGTPGPQGIAGQRGVVGLPGQR,774,806,1,2971.4488885484698,2,3,Tupaia chinensis,Tupaia,,Tupaiidae,Scandentia
1648,GSPGADGPAGAPGTPGPQGIAGQRGVVGLPGQR,774,806,1,2984.4909905484697,3,0,Tupaia chinensis,Tupaia,,Tupaiidae,Scandentia
1649,GSPGADGPAGAPGTPGPQGIAGQRGVVGLPGQR,774,806,1,2985.4750065484695,3,1,Tupaia chinensis,Tupaia,,Tupaiidae,Scandentia
1650,GSPGADGPAGAPGTPGPQGIAGQRGVVGLPGQR,774,806,1,2986.45902254847,3,2,Tupaia chinensis,Tupaia,,Tupaiidae,Scandentia
1651,GSPGADGPAGAPGTPGPQGIAGQRGVVGLPGQR,774,806,1,2987.4430385484698,3,3,Tupaia chinensis,Tupaia,,Tupaiidae,Scandentia
1652,GSPGADGPAGAPGTPGPQGIAGQRGVVGLPGQR,774,806,1,3000.4851405484696,4,0,Tupaia chinensis,Tupaia,,Tupaiidae,Scandentia
1653,GSPGADGPAGAPGTPGPQGIAGQRGVVGLPGQR,774,806,1,3001.4691565484695,4,1,Tupaia chinensis,Tupaia,,Tupaiidae,Scandentia
1654,GSPGADGPAGAPGTPGPQGIAGQRGVVGLPGQR,774,806,1,3002.45317254847,4,2,Tupaia chinensis,Tupaia,,Tupaiidae,Scandentia
1655,GSPGADGPAGAPGTPGPQGIAGQRGVVGLPGQR,774,806,1,3003.4371885484697,4,3,Tupaia chinensis,Tupaia,,Tupaiidae,Scandentia
1656,GSPGADGPAGAPGTPGPQGIAGQRGVVGLPGQR,774,806,1,3016.4792905484696,5,0,Tupaia chinensis,Tupaia,,Tupaiidae,Scandentia
1657,GSPGADGPAGAPGTPGPQGIAGQRGVVGLPGQR,774,806,1,3017.4633065484695,5,1,Tupaia chinensis,Tupaia,,Tupaiidae,Scandentia
1658,GSPGADGPAGAPGTPGPQGIAGQRGVVGLPGQR,774,806,1,3018.44732254847,5,2,Tupaia chinensis,Tupaia,,Tupaiidae,Scandentia
1659,GSPGADGPAGAPGTPGPQGIAGQRGVVGLPGQR,774,806,1,3019.4313385484697,5,3,Tupaia chinensis,Tupaia,,Tupaiidae,Scandentia
1660,GSPGADGPAGAPGTPGPQGIAGQRGVVGLPGQR,774,806,1,3032.4734405484696,6,0,Tupaia chinensis,Tupaia,,Tupaiidae,Scandentia
1661,GSPGADGPAGAPGTPGPQGIAGQRGVVGLPGQR,774,806,1,3033.4574565484695,6,1,Tupaia chinensis,Tupaia,,Tupaiidae,Scandentia
1662,GSPGADGPAGAPGTPGPQGIAGQRGVVGLPGQR,774,806,1,3034.44147254847,6,2,Tupaia chinensis,Tupaia,,Tupaiidae,Scandentia
1663,GSPGADGPAGAPGTPGPQGIAGQRGVVGLPGQR,774,806,1,3035.4254885484697,6,3,Tupaia chinensis,Tupaia,,Tupaiidae,Scandentia
1664,GSPGADGPAGAPGTPGPQGIAGQR,774,797,0,2073.01080520592,0,0,Tupaia chinensis,Tupaia,,Tupaiidae,Scandentia
1665,GSPGADGPAGAPGTPGPQGIAGQR,774,797,0,2073.99482120592,0,1,Tupaia chinensis,Tupaia,,Tupaiidae,Scandentia
1666,GSPGADGPAGAPGTPGPQGIAGQR,774,797,0,2074.97883720592,0,2,Tupaia chinensis,Tupaia,,Tupaiidae,Scandentia
1667,GSPGADGPAGAPGTPGPQGIAGQR,774,797,0,2089.00495520592,1,0,Tupaia chinensis,Tupaia,,Tupaiidae,Scandentia
1668,GSPGADGPAGAPGTPGPQGIAGQR,774,797,0,2089.98897120592,1,1,Tupaia chinensis,Tupaia,,Tupaiidae,Scandentia
1669,GSPGADGPAGAPGTPGPQGIAGQR,774,797,0,2090.97298720592,1,2,Tupaia chinensis,Tupaia,,Tupaiidae,Scandentia
1670,GSPGADGPAGAPGTPGPQGIAGQR,774,797,0,2104.99910520592,2,0,Tupaia chinensis,Tupaia,,Tupaiidae,Scandentia
1671,GSPGADGPAGAPGTPGPQGIAGQR,774,797,0,2105.98312120592,2,1,Tupaia chinensis,Tupaia,,Tupaiidae,Scandentia
1672,GSPGADGPAGAPGTPGPQGIAGQR,774,797,0,2106.96713720592,2,2,Tupaia chinensis,Tupaia,,Tupaiidae,Scandentia
1673,GSPGADGPAGAPGTPGPQGIAGQR,774,797,0,2120.99325520592,3,0,Tupaia chinensis,Tupaia,,Tupaiidae,Scandentia
1674,GSPGADGPAGAPGTPGPQGIAGQR,774,797,0,2121.97727120592,3,1,Tupaia chinensis,Tupaia,,Tupaiidae,Scandentia
1675,GSPGADGPAGAPGTPGPQGIAGQR,774,797,0,2122.96128720592,3,2,Tupaia chinensis,Tupaia,,Tupaiidae,Scandentia
1676,GSPGADGPAGAPGTPGPQGIAGQR,774,797,0,2136.98740520592,4,0,Tupaia chinensis,Tupaia,,Tupaiidae,Scandentia
1677,GSPGADGPAGAPGTPGPQGIAGQR,774,797,0,2137.97142120592,4,1,Tupaia chinensis,Tupaia,,Tupaiidae,Scandentia
1678,GSPGADGPAGAPGTPGPQGIAGQR,774,797,0,2138.95543720592,4,2,Tupaia chinensis,Tupaia,,Tupaiidae,Scandentia
1679,GSPGADGPAGAPGTPGPQGIAGQR,774,797,0,2152.98155520592,5,0,Tupaia chinensis,Tupaia,,Tupaiidae,Scandentia
1680,GSPGADGPAGAPGTPGPQGIAGQR,774,797,0,2153.96557120592,5,1,Tupaia chinensis,Tupaia,,Tupaiidae,Scandentia
1681,GSPGADGPAGAPGTPGPQGIAGQR,774,797,0,2154.94958720592,5,2,Tupaia chinensis,Tupaia,,Tupaiidae,Scandentia
1682,GVVGLPGQRGER,798,809,1,1224.68074432516,0,0,Tupaia chinensis,Tupaia,,Tupaiidae,Scandentia
1683,GVVGLPGQRGER,798,809,1,1225.6647603251602,0,1,Tupaia chinensis,Tupaia,,Tupaiidae,Scandentia
1684,GVVGLPGQRGER,798,809,1,1240.67489432516,1,0,Tupaia chinensis,Tupaia,,Tupaiidae,Scandentia
1685,GVVGLPGQRGER,798,809,1,1241.6589103251602,1,1,Tupaia chinensis,Tupaia,,Tupaiidae,Scandentia
1686,GVVGLPGQR,798,806,0,882.5155764930199,0,0,Tupaia chinensis,Tupaia,,Tupaiidae,Scandentia
1687,GVVGLPGQR,798,806,0,883.4995924930199,0,1,Tupaia chinensis,Tupaia,,Tupaiidae,Scandentia
1688,GVVGLPGQR,798,806,0,898.5097264930199,1,0,Tupaia chinensis,Tupaia,,Tupaiidae,Scandentia
1689,GVVGLPGQR,798,806,0,899.4937424930199,1,1,Tupaia chinensis,Tupaia,,Tupaiidae,Scandentia
1690,GER,807,809,0,361.18300898261,0,0,Tupaia chinensis,Tupaia,,Tupaiidae,Scandentia
1691,GERGFPGLPGPSGEPGK,807,823,1,1638.82344537722,0,0,Tupaia chinensis,Tupaia,,Tupaiidae,Scandentia
1692,GERGFPGLPGPSGEPGK,807,823,1,1654.81759537722,1,0,Tupaia chinensis,Tupaia,,Tupaiidae,Scandentia
1693,GERGFPGLPGPSGEPGK,807,823,1,1670.81174537722,2,0,Tupaia chinensis,Tupaia,,Tupaiidae,Scandentia
1694,GERGFPGLPGPSGEPGK,807,823,1,1686.80589537722,3,0,Tupaia chinensis,Tupaia,,Tupaiidae,Scandentia
1695,GERGFPGLPGPSGEPGK,807,823,1,1702.80004537722,4,0,Tupaia chinensis,Tupaia,,Tupaiidae,Scandentia
1696,GERGFPGLPGPSGEPGK,807,823,1,1718.79419537722,5,0,Tupaia chinensis,Tupaia,,Tupaiidae,Scandentia
1697,GFPGLPGPSGEPGKQGPSGASGER,810,833,1,2223.0788847657395,0,0,Tupaia chinensis,Tupaia,,Tupaiidae,Scandentia
1698,GFPGLPGPSGEPGKQGPSGASGER,810,833,1,2224.0629007657394,0,1,Tupaia chinensis,Tupaia,,Tupaiidae,Scandentia
1699,GFPGLPGPSGEPGKQGPSGASGER,810,833,1,2239.0730347657395,1,0,Tupaia chinensis,Tupaia,,Tupaiidae,Scandentia
1700,GFPGLPGPSGEPGKQGPSGASGER,810,833,1,2240.0570507657394,1,1,Tupaia chinensis,Tupaia,,Tupaiidae,Scandentia
1701,GFPGLPGPSGEPGKQGPSGASGER,810,833,1,2255.0671847657395,2,0,Tupaia chinensis,Tupaia,,Tupaiidae,Scandentia
1702,GFPGLPGPSGEPGKQGPSGASGER,810,833,1,2256.0512007657394,2,1,Tupaia chinensis,Tupaia,,Tupaiidae,Scandentia
1703,GFPGLPGPSGEPGKQGPSGASGER,810,833,1,2271.0613347657395,3,0,Tupaia chinensis,Tupaia,,Tupaiidae,Scandentia
1704,GFPGLPGPSGEPGKQGPSGASGER,810,833,1,2272.0453507657394,3,1,Tupaia chinensis,Tupaia,,Tupaiidae,Scandentia
1705,GFPGLPGPSGEPGKQGPSGASGER,810,833,1,2287.0554847657395,4,0,Tupaia chinensis,Tupaia,,Tupaiidae,Scandentia
1706,GFPGLPGPSGEPGKQGPSGASGER,810,833,1,2288.0395007657394,4,1,Tupaia chinensis,Tupaia,,Tupaiidae,Scandentia
1707,GFPGLPGPSGEPGKQGPSGASGER,810,833,1,2303.0496347657395,5,0,Tupaia chinensis,Tupaia,,Tupaiidae,Scandentia
1708,GFPGLPGPSGEPGKQGPSGASGER,810,833,1,2304.0336507657394,5,1,Tupaia chinensis,Tupaia,,Tupaiidae,Scandentia
1709,GFPGLPGPSGEPGKQGPSGASGER,810,833,1,2319.0437847657395,6,0,Tupaia chinensis,Tupaia,,Tupaiidae,Scandentia
1710,GFPGLPGPSGEPGKQGPSGASGER,810,833,1,2320.0278007657394,6,1,Tupaia chinensis,Tupaia,,Tupaiidae,Scandentia
1711,GFPGLPGPSGEPGK,810,823,0,1296.65827754508,0,0,Tupaia chinensis,Tupaia,,Tupaiidae,Scandentia
1712,GFPGLPGPSGEPGK,810,823,0,1312.65242754508,1,0,Tupaia chinensis,Tupaia,,Tupaiidae,Scandentia
1713,GFPGLPGPSGEPGK,810,823,0,1328.64657754508,2,0,Tupaia chinensis,Tupaia,,Tupaiidae,Scandentia
1714,GFPGLPGPSGEPGK,810,823,0,1344.64072754508,3,0,Tupaia chinensis,Tupaia,,Tupaiidae,Scandentia
1715,GFPGLPGPSGEPGK,810,823,0,1360.63487754508,4,0,Tupaia chinensis,Tupaia,,Tupaiidae,Scandentia
1716,GFPGLPGPSGEPGK,810,823,0,1376.62902754508,5,0,Tupaia chinensis,Tupaia,,Tupaiidae,Scandentia
1717,QGPSGASGERGPPGPMGPPGMAGPPGESGR,824,853,1,2729.2518574836,0,0,Tupaia chinensis,Tupaia,,Tupaiidae,Scandentia
1718,QGPSGASGERGPPGPMGPPGMAGPPGESGR,824,853,1,2730.2358734836,0,1,Tupaia chinensis,Tupaia,,Tupaiidae,Scandentia
1719,QGPSGASGERGPPGPMGPPGMAGPPGESGR,824,853,1,2745.2460074836,1,0,Tupaia chinensis,Tupaia,,Tupaiidae,Scandentia
1720,QGPSGASGERGPPGPMGPPGMAGPPGESGR,824,853,1,2746.2300234836,1,1,Tupaia chinensis,Tupaia,,Tupaiidae,Scandentia
1721,QGPSGASGERGPPGPMGPPGMAGPPGESGR,824,853,1,2761.2401574836,2,0,Tupaia chinensis,Tupaia,,Tupaiidae,Scandentia
1722,QGPSGASGERGPPGPMGPPGMAGPPGESGR,824,853,1,2762.2241734835998,2,1,Tupaia chinensis,Tupaia,,Tupaiidae,Scandentia
1723,QGPSGASGERGPPGPMGPPGMAGPPGESGR,824,853,1,2777.2343074836,3,0,Tupaia chinensis,Tupaia,,Tupaiidae,Scandentia
1724,QGPSGASGERGPPGPMGPPGMAGPPGESGR,824,853,1,2778.2183234835998,3,1,Tupaia chinensis,Tupaia,,Tupaiidae,Scandentia
1725,QGPSGASGERGPPGPMGPPGMAGPPGESGR,824,853,1,2793.2284574836,4,0,Tupaia chinensis,Tupaia,,Tupaiidae,Scandentia
1726,QGPSGASGERGPPGPMGPPGMAGPPGESGR,824,853,1,2794.2124734835998,4,1,Tupaia chinensis,Tupaia,,Tupaiidae,Scandentia
1727,QGPSGASGERGPPGPMGPPGMAGPPGESGR,824,853,1,2809.2226074836,5,0,Tupaia chinensis,Tupaia,,Tupaiidae,Scandentia
1728,QGPSGASGERGPPGPMGPPGMAGPPGESGR,824,853,1,2810.2066234835997,5,1,Tupaia chinensis,Tupaia,,Tupaiidae,Scandentia
1729,QGPSGASGERGPPGPMGPPGMAGPPGESGR,824,853,1,2825.2167574836,6,0,Tupaia chinensis,Tupaia,,Tupaiidae,Scandentia
1730,QGPSGASGERGPPGPMGPPGMAGPPGESGR,824,853,1,2826.2007734835997,6,1,Tupaia chinensis,Tupaia,,Tupaiidae,Scandentia
1731,QGPSGASGERGPPGPMGPPGMAGPPGESGR,824,853,1,2841.2109074836,7,0,Tupaia chinensis,Tupaia,,Tupaiidae,Scandentia
1732,QGPSGASGERGPPGPMGPPGMAGPPGESGR,824,853,1,2842.1949234835997,7,1,Tupaia chinensis,Tupaia,,Tupaiidae,Scandentia
1733,QGPSGASGERGPPGPMGPPGMAGPPGESGR,824,853,1,2857.2050574836,8,0,Tupaia chinensis,Tupaia,,Tupaiidae,Scandentia
1734,QGPSGASGERGPPGPMGPPGMAGPPGESGR,824,853,1,2858.1890734835997,8,1,Tupaia chinensis,Tupaia,,Tupaiidae,Scandentia
1735,QGPSGASGERGPPGPMGPPGMAGPPGESGR,824,853,1,2873.1992074836,9,0,Tupaia chinensis,Tupaia,,Tupaiidae,Scandentia
1736,QGPSGASGERGPPGPMGPPGMAGPPGESGR,824,853,1,2874.1832234835997,9,1,Tupaia chinensis,Tupaia,,Tupaiidae,Scandentia
1737,QGPSGASGERGPPGPMGPPGMAGPPGESGR,824,853,1,2889.1933574836,10,0,Tupaia chinensis,Tupaia,,Tupaiidae,Scandentia
1738,QGPSGASGERGPPGPMGPPGMAGPPGESGR,824,853,1,2890.1773734835997,10,1,Tupaia chinensis,Tupaia,,Tupaiidae,Scandentia
1739,QGPSGASGER,824,833,0,945.4384483711299,0,0,Tupaia chinensis,Tupaia,,Tupaiidae,Scandentia
1740,QGPSGASGER,824,833,0,946.4224643711299,0,1,Tupaia chinensis,Tupaia,,Tupaiidae,Scandentia
1741,QGPSGASGER,824,833,0,961.4325983711299,1,0,Tupaia chinensis,Tupaia,,Tupaiidae,Scandentia
1742,QGPSGASGER,824,833,0,962.4166143711299,1,1,Tupaia chinensis,Tupaia,,Tupaiidae,Scandentia
1743,GPPGPMGPPGMAGPPGESGREGSPGAEGSPGR,834,865,1,2884.3101006357097,0,0,Tupaia chinensis,Tupaia,,Tupaiidae,Scandentia
1744,GPPGPMGPPGMAGPPGESGREGSPGAEGSPGR,834,865,1,2900.3042506357096,1,0,Tupaia chinensis,Tupaia,,Tupaiidae,Scandentia
1745,GPPGPMGPPGMAGPPGESGREGSPGAEGSPGR,834,865,1,2916.2984006357096,2,0,Tupaia chinensis,Tupaia,,Tupaiidae,Scandentia
1746,GPPGPMGPPGMAGPPGESGREGSPGAEGSPGR,834,865,1,2932.2925506357096,3,0,Tupaia chinensis,Tupaia,,Tupaiidae,Scandentia
1747,GPPGPMGPPGMAGPPGESGREGSPGAEGSPGR,834,865,1,2948.2867006357096,4,0,Tupaia chinensis,Tupaia,,Tupaiidae,Scandentia
1748,GPPGPMGPPGMAGPPGESGREGSPGAEGSPGR,834,865,1,2964.2808506357096,5,0,Tupaia chinensis,Tupaia,,Tupaiidae,Scandentia
1749,GPPGPMGPPGMAGPPGESGREGSPGAEGSPGR,834,865,1,2980.2750006357096,6,0,Tupaia chinensis,Tupaia,,Tupaiidae,Scandentia
1750,GPPGPMGPPGMAGPPGESGREGSPGAEGSPGR,834,865,1,2996.2691506357096,7,0,Tupaia chinensis,Tupaia,,Tupaiidae,Scandentia
1751,GPPGPMGPPGMAGPPGESGREGSPGAEGSPGR,834,865,1,3012.2633006357096,8,0,Tupaia chinensis,Tupaia,,Tupaiidae,Scandentia
1752,GPPGPMGPPGMAGPPGESGREGSPGAEGSPGR,834,865,1,3028.2574506357096,9,0,Tupaia chinensis,Tupaia,,Tupaiidae,Scandentia
1753,GPPGPMGPPGMAGPPGESGREGSPGAEGSPGR,834,865,1,3044.2516006357096,10,0,Tupaia chinensis,Tupaia,,Tupaiidae,Scandentia
1754,GPPGPMGPPGMAGPPGESGREGSPGAEGSPGR,834,865,1,3060.2457506357096,11,0,Tupaia chinensis,Tupaia,,Tupaiidae,Scandentia
1755,GPPGPMGPPGMAGPPGESGR,834,853,0,1802.83125026294,0,0,Tupaia chinensis,Tupaia,,Tupaiidae,Scandentia
1756,GPPGPMGPPGMAGPPGESGR,834,853,0,1818.82540026294,1,0,Tupaia chinensis,Tupaia,,Tupaiidae,Scandentia
1757,GPPGPMGPPGMAGPPGESGR,834,853,0,1834.81955026294,2,0,Tupaia chinensis,Tupaia,,Tupaiidae,Scandentia
1758,GPPGPMGPPGMAGPPGESGR,834,853,0,1850.81370026294,3,0,Tupaia chinensis,Tupaia,,Tupaiidae,Scandentia
1759,GPPGPMGPPGMAGPPGESGR,834,853,0,1866.80785026294,4,0,Tupaia chinensis,Tupaia,,Tupaiidae,Scandentia
1760,GPPGPMGPPGMAGPPGESGR,834,853,0,1882.80200026294,5,0,Tupaia chinensis,Tupaia,,Tupaiidae,Scandentia
1761,GPPGPMGPPGMAGPPGESGR,834,853,0,1898.79615026294,6,0,Tupaia chinensis,Tupaia,,Tupaiidae,Scandentia
1762,GPPGPMGPPGMAGPPGESGR,834,853,0,1914.79030026294,7,0,Tupaia chinensis,Tupaia,,Tupaiidae,Scandentia
1763,GPPGPMGPPGMAGPPGESGR,834,853,0,1930.78445026294,8,0,Tupaia chinensis,Tupaia,,Tupaiidae,Scandentia
1764,GPPGPMGPPGMAGPPGESGR,834,853,0,1946.77860026294,9,0,Tupaia chinensis,Tupaia,,Tupaiidae,Scandentia
1765,EGSPGAEGSPGRDGSPGPK,854,872,1,1738.79908110418,0,0,Tupaia chinensis,Tupaia,,Tupaiidae,Scandentia
1766,EGSPGAEGSPGRDGSPGPK,854,872,1,1754.79323110418,1,0,Tupaia chinensis,Tupaia,,Tupaiidae,Scandentia
1767,EGSPGAEGSPGRDGSPGPK,854,872,1,1770.78738110418,2,0,Tupaia chinensis,Tupaia,,Tupaiidae,Scandentia
1768,EGSPGAEGSPGRDGSPGPK,854,872,1,1786.78153110418,3,0,Tupaia chinensis,Tupaia,,Tupaiidae,Scandentia
1769,EGSPGAEGSPGRDGSPGPK,854,872,1,1802.77568110418,4,0,Tupaia chinensis,Tupaia,,Tupaiidae,Scandentia
1770,EGSPGAEGSPGRDGSPGPK,854,872,1,1818.76983110418,5,0,Tupaia chinensis,Tupaia,,Tupaiidae,Scandentia
1771,EGSPGAEGSPGR,854,865,0,1100.49669152324,0,0,Tupaia chinensis,Tupaia,,Tupaiidae,Scandentia
1772,EGSPGAEGSPGR,854,865,0,1116.49084152324,1,0,Tupaia chinensis,Tupaia,,Tupaiidae,Scandentia
1773,EGSPGAEGSPGR,854,865,0,1132.48499152324,2,0,Tupaia chinensis,Tupaia,,Tupaiidae,Scandentia
1774,DGSPGPK,866,872,0,657.32023073141,0,0,Tupaia chinensis,Tupaia,,Tupaiidae,Scandentia
1775,DGSPGPK,866,872,0,673.31438073141,1,0,Tupaia chinensis,Tupaia,,Tupaiidae,Scandentia
1776,DGSPGPK,866,872,0,689.30853073141,2,0,Tupaia chinensis,Tupaia,,Tupaiidae,Scandentia
1777,DGSPGPK,866,872,0,705.30268073141,3,0,Tupaia chinensis,Tupaia,,Tupaiidae,Scandentia
1778,DGSPGPKGDR,866,875,1,985.46974849941,0,0,Tupaia chinensis,Tupaia,,Tupaiidae,Scandentia
1779,DGSPGPKGDR,866,875,1,1001.46389849941,1,0,Tupaia chinensis,Tupaia,,Tupaiidae,Scandentia
1780,DGSPGPKGDR,866,875,1,1017.45804849941,2,0,Tupaia chinensis,Tupaia,,Tupaiidae,Scandentia
1781,DGSPGPKGDR,866,875,1,1033.45219849941,3,0,Tupaia chinensis,Tupaia,,Tupaiidae,Scandentia
1782,GDRGETGPAGPPGAPGAPGAPGPVGPAGK,873,901,1,2449.22186060132,0,0,Tupaia chinensis,Tupaia,,Tupaiidae,Scandentia
1783,GDRGETGPAGPPGAPGAPGAPGPVGPAGK,873,901,1,2465.21601060132,1,0,Tupaia chinensis,Tupaia,,Tupaiidae,Scandentia
1784,GDRGETGPAGPPGAPGAPGAPGPVGPAGK,873,901,1,2481.21016060132,2,0,Tupaia chinensis,Tupaia,,Tupaiidae,Scandentia
1785,GDRGETGPAGPPGAPGAPGAPGPVGPAGK,873,901,1,2497.20431060132,3,0,Tupaia chinensis,Tupaia,,Tupaiidae,Scandentia
1786,GDRGETGPAGPPGAPGAPGAPGPVGPAGK,873,901,1,2513.1984606013198,4,0,Tupaia chinensis,Tupaia,,Tupaiidae,Scandentia
1787,GDRGETGPAGPPGAPGAPGAPGPVGPAGK,873,901,1,2529.1926106013198,5,0,Tupaia chinensis,Tupaia,,Tupaiidae,Scandentia
1788,GDRGETGPAGPPGAPGAPGAPGPVGPAGK,873,901,1,2545.1867606013197,6,0,Tupaia chinensis,Tupaia,,Tupaiidae,Scandentia
1789,GDRGETGPAGPPGAPGAPGAPGPVGPAGK,873,901,1,2561.1809106013197,7,0,Tupaia chinensis,Tupaia,,Tupaiidae,Scandentia
1790,GDRGETGPAGPPGAPGAPGAPGPVGPAGK,873,901,1,2577.1750606013197,8,0,Tupaia chinensis,Tupaia,,Tupaiidae,Scandentia
1791,GDRGETGPAGPPGAPGAPGAPGPVGPAGK,873,901,1,2593.1692106013197,9,0,Tupaia chinensis,Tupaia,,Tupaiidae,Scandentia
1792,GDR,873,875,0,347.16735891847003,0,0,Tupaia chinensis,Tupaia,,Tupaiidae,Scandentia
1793,GETGPAGPPGAPGAPGAPGPVGPAGKNGDR,876,905,1,2563.2647880424597,0,0,Tupaia chinensis,Tupaia,,Tupaiidae,Scandentia
1794,GETGPAGPPGAPGAPGAPGPVGPAGKNGDR,876,905,1,2564.2488040424596,0,1,Tupaia chinensis,Tupaia,,Tupaiidae,Scandentia
1795,GETGPAGPPGAPGAPGAPGPVGPAGKNGDR,876,905,1,2579.2589380424597,1,0,Tupaia chinensis,Tupaia,,Tupaiidae,Scandentia
1796,GETGPAGPPGAPGAPGAPGPVGPAGKNGDR,876,905,1,2580.2429540424596,1,1,Tupaia chinensis,Tupaia,,Tupaiidae,Scandentia
1797,GETGPAGPPGAPGAPGAPGPVGPAGKNGDR,876,905,1,2595.2530880424597,2,0,Tupaia chinensis,Tupaia,,Tupaiidae,Scandentia
1798,GETGPAGPPGAPGAPGAPGPVGPAGKNGDR,876,905,1,2596.2371040424596,2,1,Tupaia chinensis,Tupaia,,Tupaiidae,Scandentia
1799,GETGPAGPPGAPGAPGAPGPVGPAGKNGDR,876,905,1,2611.2472380424597,3,0,Tupaia chinensis,Tupaia,,Tupaiidae,Scandentia
1800,GETGPAGPPGAPGAPGAPGPVGPAGKNGDR,876,905,1,2612.2312540424596,3,1,Tupaia chinensis,Tupaia,,Tupaiidae,Scandentia
1801,GETGPAGPPGAPGAPGAPGPVGPAGKNGDR,876,905,1,2627.2413880424597,4,0,Tupaia chinensis,Tupaia,,Tupaiidae,Scandentia
1802,GETGPAGPPGAPGAPGAPGPVGPAGKNGDR,876,905,1,2628.2254040424596,4,1,Tupaia chinensis,Tupaia,,Tupaiidae,Scandentia
1803,GETGPAGPPGAPGAPGAPGPVGPAGKNGDR,876,905,1,2643.2355380424597,5,0,Tupaia chinensis,Tupaia,,Tupaiidae,Scandentia
1804,GETGPAGPPGAPGAPGAPGPVGPAGKNGDR,876,905,1,2644.2195540424595,5,1,Tupaia chinensis,Tupaia,,Tupaiidae,Scandentia
1805,GETGPAGPPGAPGAPGAPGPVGPAGKNGDR,876,905,1,2659.2296880424597,6,0,Tupaia chinensis,Tupaia,,Tupaiidae,Scandentia
1806,GETGPAGPPGAPGAPGAPGPVGPAGKNGDR,876,905,1,2660.2137040424595,6,1,Tupaia chinensis,Tupaia,,Tupaiidae,Scandentia
1807,GETGPAGPPGAPGAPGAPGPVGPAGKNGDR,876,905,1,2675.2238380424596,7,0,Tupaia chinensis,Tupaia,,Tupaiidae,Scandentia
1808,GETGPAGPPGAPGAPGAPGPVGPAGKNGDR,876,905,1,2676.2078540424595,7,1,Tupaia chinensis,Tupaia,,Tupaiidae,Scandentia
1809,GETGPAGPPGAPGAPGAPGPVGPAGKNGDR,876,905,1,2691.2179880424596,8,0,Tupaia chinensis,Tupaia,,Tupaiidae,Scandentia
1810,GETGPAGPPGAPGAPGAPGPVGPAGKNGDR,876,905,1,2692.2020040424595,8,1,Tupaia chinensis,Tupaia,,Tupaiidae,Scandentia
1811,GETGPAGPPGAPGAPGAPGPVGPAGKNGDR,876,905,1,2707.2121380424596,9,0,Tupaia chinensis,Tupaia,,Tupaiidae,Scandentia
1812,GETGPAGPPGAPGAPGAPGPVGPAGKNGDR,876,905,1,2708.1961540424595,9,1,Tupaia chinensis,Tupaia,,Tupaiidae,Scandentia
1813,GETGPAGPPGAPGAPGAPGPVGPAGK,876,901,0,2121.07234283332,0,0,Tupaia chinensis,Tupaia,,Tupaiidae,Scandentia
1814,GETGPAGPPGAPGAPGAPGPVGPAGK,876,901,0,2137.06649283332,1,0,Tupaia chinensis,Tupaia,,Tupaiidae,Scandentia
1815,GETGPAGPPGAPGAPGAPGPVGPAGK,876,901,0,2153.06064283332,2,0,Tupaia chinensis,Tupaia,,Tupaiidae,Scandentia
1816,GETGPAGPPGAPGAPGAPGPVGPAGK,876,901,0,2169.05479283332,3,0,Tupaia chinensis,Tupaia,,Tupaiidae,Scandentia
1817,GETGPAGPPGAPGAPGAPGPVGPAGK,876,901,0,2185.04894283332,4,0,Tupaia chinensis,Tupaia,,Tupaiidae,Scandentia
1818,GETGPAGPPGAPGAPGAPGPVGPAGK,876,901,0,2201.04309283332,5,0,Tupaia chinensis,Tupaia,,Tupaiidae,Scandentia
1819,GETGPAGPPGAPGAPGAPGPVGPAGK,876,901,0,2217.03724283332,6,0,Tupaia chinensis,Tupaia,,Tupaiidae,Scandentia
1820,GETGPAGPPGAPGAPGAPGPVGPAGK,876,901,0,2233.03139283332,7,0,Tupaia chinensis,Tupaia,,Tupaiidae,Scandentia
1821,GETGPAGPPGAPGAPGAPGPVGPAGK,876,901,0,2249.02554283332,8,0,Tupaia chinensis,Tupaia,,Tupaiidae,Scandentia
1822,GETGPAGPPGAPGAPGAPGPVGPAGK,876,901,0,2265.01969283332,9,0,Tupaia chinensis,Tupaia,,Tupaiidae,Scandentia
1823,NGDRGETGPAGPAGPIGPVGAR,902,923,1,2003.00532590266,0,0,Tupaia chinensis,Tupaia,,Tupaiidae,Scandentia
1824,NGDRGETGPAGPAGPIGPVGAR,902,923,1,2003.98934190266,0,1,Tupaia chinensis,Tupaia,,Tupaiidae,Scandentia
1825,NGDRGETGPAGPAGPIGPVGAR,902,923,1,2018.99947590266,1,0,Tupaia chinensis,Tupaia,,Tupaiidae,Scandentia
1826,NGDRGETGPAGPAGPIGPVGAR,902,923,1,2019.98349190266,1,1,Tupaia chinensis,Tupaia,,Tupaiidae,Scandentia
1827,NGDRGETGPAGPAGPIGPVGAR,902,923,1,2034.99362590266,2,0,Tupaia chinensis,Tupaia,,Tupaiidae,Scandentia
1828,NGDRGETGPAGPAGPIGPVGAR,902,923,1,2035.97764190266,2,1,Tupaia chinensis,Tupaia,,Tupaiidae,Scandentia
1829,NGDRGETGPAGPAGPIGPVGAR,902,923,1,2050.98777590266,3,0,Tupaia chinensis,Tupaia,,Tupaiidae,Scandentia
1830,NGDRGETGPAGPAGPIGPVGAR,902,923,1,2051.97179190266,3,1,Tupaia chinensis,Tupaia,,Tupaiidae,Scandentia
1831,NGDRGETGPAGPAGPIGPVGAR,902,923,1,2066.98192590266,4,0,Tupaia chinensis,Tupaia,,Tupaiidae,Scandentia
1832,NGDRGETGPAGPAGPIGPVGAR,902,923,1,2067.96594190266,4,1,Tupaia chinensis,Tupaia,,Tupaiidae,Scandentia
1833,NGDR,902,905,0,461.21028635961,0,0,Tupaia chinensis,Tupaia,,Tupaiidae,Scandentia
1834,NGDR,902,905,0,462.19430235961,0,1,Tupaia chinensis,Tupaia,,Tupaiidae,Scandentia
1835,GETGPAGPAGPIGPVGARGPAGPQGPR,906,932,1,2378.2323657153697,0,0,Tupaia chinensis,Tupaia,,Tupaiidae,Scandentia
1836,GETGPAGPAGPIGPVGARGPAGPQGPR,906,932,1,2379.2163817153696,0,1,Tupaia chinensis,Tupaia,,Tupaiidae,Scandentia
1837,GETGPAGPAGPIGPVGARGPAGPQGPR,906,932,1,2394.2265157153697,1,0,Tupaia chinensis,Tupaia,,Tupaiidae,Scandentia
1838,GETGPAGPAGPIGPVGARGPAGPQGPR,906,932,1,2395.2105317153696,1,1,Tupaia chinensis,Tupaia,,Tupaiidae,Scandentia
1839,GETGPAGPAGPIGPVGARGPAGPQGPR,906,932,1,2410.2206657153697,2,0,Tupaia chinensis,Tupaia,,Tupaiidae,Scandentia
1840,GETGPAGPAGPIGPVGARGPAGPQGPR,906,932,1,2411.2046817153696,2,1,Tupaia chinensis,Tupaia,,Tupaiidae,Scandentia
1841,GETGPAGPAGPIGPVGARGPAGPQGPR,906,932,1,2426.2148157153697,3,0,Tupaia chinensis,Tupaia,,Tupaiidae,Scandentia
1842,GETGPAGPAGPIGPVGARGPAGPQGPR,906,932,1,2427.1988317153696,3,1,Tupaia chinensis,Tupaia,,Tupaiidae,Scandentia
1843,GETGPAGPAGPIGPVGARGPAGPQGPR,906,932,1,2442.2089657153697,4,0,Tupaia chinensis,Tupaia,,Tupaiidae,Scandentia
1844,GETGPAGPAGPIGPVGARGPAGPQGPR,906,932,1,2443.1929817153696,4,1,Tupaia chinensis,Tupaia,,Tupaiidae,Scandentia
1845,GETGPAGPAGPIGPVGARGPAGPQGPR,906,932,1,2458.2031157153697,5,0,Tupaia chinensis,Tupaia,,Tupaiidae,Scandentia
1846,GETGPAGPAGPIGPVGARGPAGPQGPR,906,932,1,2459.1871317153696,5,1,Tupaia chinensis,Tupaia,,Tupaiidae,Scandentia
1847,GETGPAGPAGPIGPVGARGPAGPQGPR,906,932,1,2474.1972657153697,6,0,Tupaia chinensis,Tupaia,,Tupaiidae,Scandentia
1848,GETGPAGPAGPIGPVGARGPAGPQGPR,906,932,1,2475.1812817153696,6,1,Tupaia chinensis,Tupaia,,Tupaiidae,Scandentia
1849,GETGPAGPAGPIGPVGARGPAGPQGPR,906,932,1,2490.1914157153697,7,0,Tupaia chinensis,Tupaia,,Tupaiidae,Scandentia
1850,GETGPAGPAGPIGPVGARGPAGPQGPR,906,932,1,2491.1754317153695,7,1,Tupaia chinensis,Tupaia,,Tupaiidae,Scandentia
1851,GETGPAGPAGPIGPVGAR,906,923,0,1560.8128806935201,0,0,Tupaia chinensis,Tupaia,,Tupaiidae,Scandentia
1852,GETGPAGPAGPIGPVGAR,906,923,0,1576.8070306935201,1,0,Tupaia chinensis,Tupaia,,Tupaiidae,Scandentia
1853,GETGPAGPAGPIGPVGAR,906,923,0,1592.80118069352,2,0,Tupaia chinensis,Tupaia,,Tupaiidae,Scandentia
1854,GETGPAGPAGPIGPVGAR,906,923,0,1608.79533069352,3,0,Tupaia chinensis,Tupaia,,Tupaiidae,Scandentia
1855,GETGPAGPAGPIGPVGAR,906,923,0,1624.78948069352,4,0,Tupaia chinensis,Tupaia,,Tupaiidae,Scandentia
1856,GPAGPQGPR,924,932,0,836.4373261723199,0,0,Tupaia chinensis,Tupaia,,Tupaiidae,Scandentia
1857,GPAGPQGPR,924,932,0,837.4213421723199,0,1,Tupaia chinensis,Tupaia,,Tupaiidae,Scandentia
1858,GPAGPQGPR,924,932,0,852.4314761723199,1,0,Tupaia chinensis,Tupaia,,Tupaiidae,Scandentia
1859,GPAGPQGPR,924,932,0,853.4154921723199,1,1,Tupaia chinensis,Tupaia,,Tupaiidae,Scandentia
1860,GPAGPQGPR,924,932,0,868.4256261723199,2,0,Tupaia chinensis,Tupaia,,Tupaiidae,Scandentia
1861,GPAGPQGPR,924,932,0,869.4096421723199,2,1,Tupaia chinensis,Tupaia,,Tupaiidae,Scandentia
1862,GPAGPQGPR,924,932,0,884.4197761723199,3,0,Tupaia chinensis,Tupaia,,Tupaiidae,Scandentia
1863,GPAGPQGPR,924,932,0,885.4037921723199,3,1,Tupaia chinensis,Tupaia,,Tupaiidae,Scandentia
1864,GPAGPQGPRGDK,924,935,1,1136.58069593072,0,0,Tupaia chinensis,Tupaia,,Tupaiidae,Scandentia
1865,GPAGPQGPRGDK,924,935,1,1137.56471193072,0,1,Tupaia chinensis,Tupaia,,Tupaiidae,Scandentia
1866,GPAGPQGPRGDK,924,935,1,1152.57484593072,1,0,Tupaia chinensis,Tupaia,,Tupaiidae,Scandentia
1867,GPAGPQGPRGDK,924,935,1,1153.55886193072,1,1,Tupaia chinensis,Tupaia,,Tupaiidae,Scandentia
1868,GPAGPQGPRGDK,924,935,1,1168.56899593072,2,0,Tupaia chinensis,Tupaia,,Tupaiidae,Scandentia
1869,GPAGPQGPRGDK,924,935,1,1169.55301193072,2,1,Tupaia chinensis,Tupaia,,Tupaiidae,Scandentia
1870,GPAGPQGPRGDK,924,935,1,1184.5631459307199,3,0,Tupaia chinensis,Tupaia,,Tupaiidae,Scandentia
1871,GPAGPQGPRGDK,924,935,1,1185.54716193072,3,1,Tupaia chinensis,Tupaia,,Tupaiidae,Scandentia
1872,GPAGPQGPRGDK,924,935,1,1200.5572959307199,4,0,Tupaia chinensis,Tupaia,,Tupaiidae,Scandentia
1873,GPAGPQGPRGDK,924,935,1,1201.54131193072,4,1,Tupaia chinensis,Tupaia,,Tupaiidae,Scandentia
1874,GDKGETGEQGDR,933,944,1,1248.54509826764,0,0,Tupaia chinensis,Tupaia,,Tupaiidae,Scandentia
1875,GDKGETGEQGDR,933,944,1,1249.5291142676401,0,1,Tupaia chinensis,Tupaia,,Tupaiidae,Scandentia
1876,GDKGETGEQGDR,933,944,1,1264.53924826764,1,0,Tupaia chinensis,Tupaia,,Tupaiidae,Scandentia
1877,GDKGETGEQGDR,933,944,1,1265.5232642676401,1,1,Tupaia chinensis,Tupaia,,Tupaiidae,Scandentia
1878,GDK,933,935,0,319.16121090887003,0,0,Tupaia chinensis,Tupaia,,Tupaiidae,Scandentia
1879,GDK,933,935,0,335.15536090887,1,0,Tupaia chinensis,Tupaia,,Tupaiidae,Scandentia
1880,GETGEQGDRGIK,936,947,1,1246.60221922094,0,0,Tupaia chinensis,Tupaia,,Tupaiidae,Scandentia
1881,GETGEQGDRGIK,936,947,1,1247.5862352209401,0,1,Tupaia chinensis,Tupaia,,Tupaiidae,Scandentia
1882,GETGEQGDRGIK,936,947,1,1262.59636922094,1,0,Tupaia chinensis,Tupaia,,Tupaiidae,Scandentia
1883,GETGEQGDRGIK,936,947,1,1263.5803852209401,1,1,Tupaia chinensis,Tupaia,,Tupaiidae,Scandentia
1884,GETGEQGDR,936,944,0,948.4017285092399,0,0,Tupaia chinensis,Tupaia,,Tupaiidae,Scandentia
1885,GETGEQGDR,936,944,0,949.3857445092399,0,1,Tupaia chinensis,Tupaia,,Tupaiidae,Scandentia
1886,GIKGHR,945,950,1,667.39981846479,0,0,Tupaia chinensis,Tupaia,,Tupaiidae,Scandentia
1887,GIKGHR,945,950,1,683.39396846479,1,0,Tupaia chinensis,Tupaia,,Tupaiidae,Scandentia
1888,GIK,945,947,0,317.21833186217003,0,0,Tupaia chinensis,Tupaia,,Tupaiidae,Scandentia
1889,GIK,945,947,0,333.21248186217,1,0,Tupaia chinensis,Tupaia,,Tupaiidae,Scandentia
1890,GHR,948,950,0,369.19932775309,0,0,Tupaia chinensis,Tupaia,,Tupaiidae,Scandentia
1891,GHRGFSGLQGPPGPPGSPGEQGPSGASGPAGPR,948,980,1,3007.45175394834,0,0,Tupaia chinensis,Tupaia,,Tupaiidae,Scandentia
1892,GHRGFSGLQGPPGPPGSPGEQGPSGASGPAGPR,948,980,1,3008.43576994834,0,1,Tupaia chinensis,Tupaia,,Tupaiidae,Scandentia
1893,GHRGFSGLQGPPGPPGSPGEQGPSGASGPAGPR,948,980,1,3009.41978594834,0,2,Tupaia chinensis,Tupaia,,Tupaiidae,Scandentia
1894,GHRGFSGLQGPPGPPGSPGEQGPSGASGPAGPR,948,980,1,3023.44590394834,1,0,Tupaia chinensis,Tupaia,,Tupaiidae,Scandentia
1895,GHRGFSGLQGPPGPPGSPGEQGPSGASGPAGPR,948,980,1,3024.42991994834,1,1,Tupaia chinensis,Tupaia,,Tupaiidae,Scandentia
1896,GHRGFSGLQGPPGPPGSPGEQGPSGASGPAGPR,948,980,1,3025.41393594834,1,2,Tupaia chinensis,Tupaia,,Tupaiidae,Scandentia
1897,GHRGFSGLQGPPGPPGSPGEQGPSGASGPAGPR,948,980,1,3039.44005394834,2,0,Tupaia chinensis,Tupaia,,Tupaiidae,Scandentia
1898,GHRGFSGLQGPPGPPGSPGEQGPSGASGPAGPR,948,980,1,3040.42406994834,2,1,Tupaia chinensis,Tupaia,,Tupaiidae,Scandentia
1899,GHRGFSGLQGPPGPPGSPGEQGPSGASGPAGPR,948,980,1,3041.40808594834,2,2,Tupaia chinensis,Tupaia,,Tupaiidae,Scandentia
1900,GHRGFSGLQGPPGPPGSPGEQGPSGASGPAGPR,948,980,1,3055.43420394834,3,0,Tupaia chinensis,Tupaia,,Tupaiidae,Scandentia
1901,GHRGFSGLQGPPGPPGSPGEQGPSGASGPAGPR,948,980,1,3056.41821994834,3,1,Tupaia chinensis,Tupaia,,Tupaiidae,Scandentia
1902,GHRGFSGLQGPPGPPGSPGEQGPSGASGPAGPR,948,980,1,3057.40223594834,3,2,Tupaia chinensis,Tupaia,,Tupaiidae,Scandentia
1903,GHRGFSGLQGPPGPPGSPGEQGPSGASGPAGPR,948,980,1,3071.42835394834,4,0,Tupaia chinensis,Tupaia,,Tupaiidae,Scandentia
1904,GHRGFSGLQGPPGPPGSPGEQGPSGASGPAGPR,948,980,1,3072.41236994834,4,1,Tupaia chinensis,Tupaia,,Tupaiidae,Scandentia
1905,GHRGFSGLQGPPGPPGSPGEQGPSGASGPAGPR,948,980,1,3073.39638594834,4,2,Tupaia chinensis,Tupaia,,Tupaiidae,Scandentia
1906,GHRGFSGLQGPPGPPGSPGEQGPSGASGPAGPR,948,980,1,3087.42250394834,5,0,Tupaia chinensis,Tupaia,,Tupaiidae,Scandentia
1907,GHRGFSGLQGPPGPPGSPGEQGPSGASGPAGPR,948,980,1,3088.40651994834,5,1,Tupaia chinensis,Tupaia,,Tupaiidae,Scandentia
1908,GHRGFSGLQGPPGPPGSPGEQGPSGASGPAGPR,948,980,1,3089.39053594834,5,2,Tupaia chinensis,Tupaia,,Tupaiidae,Scandentia
1909,GHRGFSGLQGPPGPPGSPGEQGPSGASGPAGPR,948,980,1,3103.41665394834,6,0,Tupaia chinensis,Tupaia,,Tupaiidae,Scandentia
1910,GHRGFSGLQGPPGPPGSPGEQGPSGASGPAGPR,948,980,1,3104.40066994834,6,1,Tupaia chinensis,Tupaia,,Tupaiidae,Scandentia
1911,GHRGFSGLQGPPGPPGSPGEQGPSGASGPAGPR,948,980,1,3105.38468594834,6,2,Tupaia chinensis,Tupaia,,Tupaiidae,Scandentia
1912,GHRGFSGLQGPPGPPGSPGEQGPSGASGPAGPR,948,980,1,3119.41080394834,7,0,Tupaia chinensis,Tupaia,,Tupaiidae,Scandentia
1913,GHRGFSGLQGPPGPPGSPGEQGPSGASGPAGPR,948,980,1,3120.39481994834,7,1,Tupaia chinensis,Tupaia,,Tupaiidae,Scandentia
1914,GHRGFSGLQGPPGPPGSPGEQGPSGASGPAGPR,948,980,1,3121.37883594834,7,2,Tupaia chinensis,Tupaia,,Tupaiidae,Scandentia
1915,GHRGFSGLQGPPGPPGSPGEQGPSGASGPAGPR,948,980,1,3135.40495394834,8,0,Tupaia chinensis,Tupaia,,Tupaiidae,Scandentia
1916,GHRGFSGLQGPPGPPGSPGEQGPSGASGPAGPR,948,980,1,3136.3889699483398,8,1,Tupaia chinensis,Tupaia,,Tupaiidae,Scandentia
1917,GHRGFSGLQGPPGPPGSPGEQGPSGASGPAGPR,948,980,1,3137.37298594834,8,2,Tupaia chinensis,Tupaia,,Tupaiidae,Scandentia
1918,GFSGLQGPPGPPGSPGEQGPSGASGPAGPR,951,980,0,2657.2702673457197,0,0,Tupaia chinensis,Tupaia,,Tupaiidae,Scandentia
1919,GFSGLQGPPGPPGSPGEQGPSGASGPAGPR,951,980,0,2658.2542833457196,0,1,Tupaia chinensis,Tupaia,,Tupaiidae,Scandentia
1920,GFSGLQGPPGPPGSPGEQGPSGASGPAGPR,951,980,0,2659.23829934572,0,2,Tupaia chinensis,Tupaia,,Tupaiidae,Scandentia
1921,GFSGLQGPPGPPGSPGEQGPSGASGPAGPR,951,980,0,2673.2644173457197,1,0,Tupaia chinensis,Tupaia,,Tupaiidae,Scandentia
1922,GFSGLQGPPGPPGSPGEQGPSGASGPAGPR,951,980,0,2674.2484333457196,1,1,Tupaia chinensis,Tupaia,,Tupaiidae,Scandentia
1923,GFSGLQGPPGPPGSPGEQGPSGASGPAGPR,951,980,0,2675.23244934572,1,2,Tupaia chinensis,Tupaia,,Tupaiidae,Scandentia
1924,GFSGLQGPPGPPGSPGEQGPSGASGPAGPR,951,980,0,2689.2585673457197,2,0,Tupaia chinensis,Tupaia,,Tupaiidae,Scandentia
1925,GFSGLQGPPGPPGSPGEQGPSGASGPAGPR,951,980,0,2690.2425833457196,2,1,Tupaia chinensis,Tupaia,,Tupaiidae,Scandentia
1926,GFSGLQGPPGPPGSPGEQGPSGASGPAGPR,951,980,0,2691.22659934572,2,2,Tupaia chinensis,Tupaia,,Tupaiidae,Scandentia
1927,GFSGLQGPPGPPGSPGEQGPSGASGPAGPR,951,980,0,2705.2527173457197,3,0,Tupaia chinensis,Tupaia,,Tupaiidae,Scandentia
1928,GFSGLQGPPGPPGSPGEQGPSGASGPAGPR,951,980,0,2706.2367333457196,3,1,Tupaia chinensis,Tupaia,,Tupaiidae,Scandentia
1929,GFSGLQGPPGPPGSPGEQGPSGASGPAGPR,951,980,0,2707.22074934572,3,2,Tupaia chinensis,Tupaia,,Tupaiidae,Scandentia
1930,GFSGLQGPPGPPGSPGEQGPSGASGPAGPR,951,980,0,2721.2468673457197,4,0,Tupaia chinensis,Tupaia,,Tupaiidae,Scandentia
1931,GFSGLQGPPGPPGSPGEQGPSGASGPAGPR,951,980,0,2722.2308833457196,4,1,Tupaia chinensis,Tupaia,,Tupaiidae,Scandentia
1932,GFSGLQGPPGPPGSPGEQGPSGASGPAGPR,951,980,0,2723.21489934572,4,2,Tupaia chinensis,Tupaia,,Tupaiidae,Scandentia
1933,GFSGLQGPPGPPGSPGEQGPSGASGPAGPR,951,980,0,2737.2410173457197,5,0,Tupaia chinensis,Tupaia,,Tupaiidae,Scandentia
1934,GFSGLQGPPGPPGSPGEQGPSGASGPAGPR,951,980,0,2738.2250333457196,5,1,Tupaia chinensis,Tupaia,,Tupaiidae,Scandentia
1935,GFSGLQGPPGPPGSPGEQGPSGASGPAGPR,951,980,0,2739.20904934572,5,2,Tupaia chinensis,Tupaia,,Tupaiidae,Scandentia
1936,GFSGLQGPPGPPGSPGEQGPSGASGPAGPR,951,980,0,2753.2351673457197,6,0,Tupaia chinensis,Tupaia,,Tupaiidae,Scandentia
1937,GFSGLQGPPGPPGSPGEQGPSGASGPAGPR,951,980,0,2754.2191833457196,6,1,Tupaia chinensis,Tupaia,,Tupaiidae,Scandentia
1938,GFSGLQGPPGPPGSPGEQGPSGASGPAGPR,951,980,0,2755.20319934572,6,2,Tupaia chinensis,Tupaia,,Tupaiidae,Scandentia
1939,GFSGLQGPPGPPGSPGEQGPSGASGPAGPR,951,980,0,2769.2293173457197,7,0,Tupaia chinensis,Tupaia,,Tupaiidae,Scandentia
1940,GFSGLQGPPGPPGSPGEQGPSGASGPAGPR,951,980,0,2770.2133333457195,7,1,Tupaia chinensis,Tupaia,,Tupaiidae,Scandentia
1941,GFSGLQGPPGPPGSPGEQGPSGASGPAGPR,951,980,0,2771.19734934572,7,2,Tupaia chinensis,Tupaia,,Tupaiidae,Scandentia
1942,GFSGLQGPPGPPGSPGEQGPSGASGPAGPR,951,980,0,2785.2234673457197,8,0,Tupaia chinensis,Tupaia,,Tupaiidae,Scandentia
1943,GFSGLQGPPGPPGSPGEQGPSGASGPAGPR,951,980,0,2786.2074833457195,8,1,Tupaia chinensis,Tupaia,,Tupaiidae,Scandentia
1944,GFSGLQGPPGPPGSPGEQGPSGASGPAGPR,951,980,0,2787.19149934572,8,2,Tupaia chinensis,Tupaia,,Tupaiidae,Scandentia
1945,GFSGLQGPPGPPGSPGEQGPSGASGPAGPRGPPGSAGSPGK,951,991,1,3549.7105473817996,0,0,Tupaia chinensis,Tupaia,,Tupaiidae,Scandentia
1946,GFSGLQGPPGPPGSPGEQGPSGASGPAGPRGPPGSAGSPGK,951,991,1,3550.6945633817995,0,1,Tupaia chinensis,Tupaia,,Tupaiidae,Scandentia
1947,GFSGLQGPPGPPGSPGEQGPSGASGPAGPRGPPGSAGSPGK,951,991,1,3551.6785793818,0,2,Tupaia chinensis,Tupaia,,Tupaiidae,Scandentia
1948,GFSGLQGPPGPPGSPGEQGPSGASGPAGPRGPPGSAGSPGK,951,991,1,3565.7046973817996,1,0,Tupaia chinensis,Tupaia,,Tupaiidae,Scandentia
1949,GFSGLQGPPGPPGSPGEQGPSGASGPAGPRGPPGSAGSPGK,951,991,1,3566.6887133817995,1,1,Tupaia chinensis,Tupaia,,Tupaiidae,Scandentia
1950,GFSGLQGPPGPPGSPGEQGPSGASGPAGPRGPPGSAGSPGK,951,991,1,3567.6727293818,1,2,Tupaia chinensis,Tupaia,,Tupaiidae,Scandentia
1951,GFSGLQGPPGPPGSPGEQGPSGASGPAGPRGPPGSAGSPGK,951,991,1,3581.6988473817996,2,0,Tupaia chinensis,Tupaia,,Tupaiidae,Scandentia
1952,GFSGLQGPPGPPGSPGEQGPSGASGPAGPRGPPGSAGSPGK,951,991,1,3582.6828633817995,2,1,Tupaia chinensis,Tupaia,,Tupaiidae,Scandentia
1953,GFSGLQGPPGPPGSPGEQGPSGASGPAGPRGPPGSAGSPGK,951,991,1,3583.6668793818,2,2,Tupaia chinensis,Tupaia,,Tupaiidae,Scandentia
1954,GFSGLQGPPGPPGSPGEQGPSGASGPAGPRGPPGSAGSPGK,951,991,1,3597.6929973817996,3,0,Tupaia chinensis,Tupaia,,Tupaiidae,Scandentia
1955,GFSGLQGPPGPPGSPGEQGPSGASGPAGPRGPPGSAGSPGK,951,991,1,3598.6770133817995,3,1,Tupaia chinensis,Tupaia,,Tupaiidae,Scandentia
1956,GFSGLQGPPGPPGSPGEQGPSGASGPAGPRGPPGSAGSPGK,951,991,1,3599.6610293818,3,2,Tupaia chinensis,Tupaia,,Tupaiidae,Scandentia
1957,GFSGLQGPPGPPGSPGEQGPSGASGPAGPRGPPGSAGSPGK,951,991,1,3613.6871473817996,4,0,Tupaia chinensis,Tupaia,,Tupaiidae,Scandentia
1958,GFSGLQGPPGPPGSPGEQGPSGASGPAGPRGPPGSAGSPGK,951,991,1,3614.6711633817995,4,1,Tupaia chinensis,Tupaia,,Tupaiidae,Scandentia
1959,GFSGLQGPPGPPGSPGEQGPSGASGPAGPRGPPGSAGSPGK,951,991,1,3615.6551793818,4,2,Tupaia chinensis,Tupaia,,Tupaiidae,Scandentia
1960,GFSGLQGPPGPPGSPGEQGPSGASGPAGPRGPPGSAGSPGK,951,991,1,3629.6812973817996,5,0,Tupaia chinensis,Tupaia,,Tupaiidae,Scandentia
1961,GFSGLQGPPGPPGSPGEQGPSGASGPAGPRGPPGSAGSPGK,951,991,1,3630.6653133817995,5,1,Tupaia chinensis,Tupaia,,Tupaiidae,Scandentia
1962,GFSGLQGPPGPPGSPGEQGPSGASGPAGPRGPPGSAGSPGK,951,991,1,3631.6493293818,5,2,Tupaia chinensis,Tupaia,,Tupaiidae,Scandentia
1963,GFSGLQGPPGPPGSPGEQGPSGASGPAGPRGPPGSAGSPGK,951,991,1,3645.6754473817996,6,0,Tupaia chinensis,Tupaia,,Tupaiidae,Scandentia
1964,GFSGLQGPPGPPGSPGEQGPSGASGPAGPRGPPGSAGSPGK,951,991,1,3646.6594633817995,6,1,Tupaia chinensis,Tupaia,,Tupaiidae,Scandentia
1965,GFSGLQGPPGPPGSPGEQGPSGASGPAGPRGPPGSAGSPGK,951,991,1,3647.6434793818,6,2,Tupaia chinensis,Tupaia,,Tupaiidae,Scandentia
1966,GFSGLQGPPGPPGSPGEQGPSGASGPAGPRGPPGSAGSPGK,951,991,1,3661.6695973817996,7,0,Tupaia chinensis,Tupaia,,Tupaiidae,Scandentia
1967,GFSGLQGPPGPPGSPGEQGPSGASGPAGPRGPPGSAGSPGK,951,991,1,3662.6536133817995,7,1,Tupaia chinensis,Tupaia,,Tupaiidae,Scandentia
1968,GFSGLQGPPGPPGSPGEQGPSGASGPAGPRGPPGSAGSPGK,951,991,1,3663.6376293818,7,2,Tupaia chinensis,Tupaia,,Tupaiidae,Scandentia
1969,GFSGLQGPPGPPGSPGEQGPSGASGPAGPRGPPGSAGSPGK,951,991,1,3677.6637473817996,8,0,Tupaia chinensis,Tupaia,,Tupaiidae,Scandentia
1970,GFSGLQGPPGPPGSPGEQGPSGASGPAGPRGPPGSAGSPGK,951,991,1,3678.6477633817995,8,1,Tupaia chinensis,Tupaia,,Tupaiidae,Scandentia
1971,GFSGLQGPPGPPGSPGEQGPSGASGPAGPRGPPGSAGSPGK,951,991,1,3679.6317793818,8,2,Tupaia chinensis,Tupaia,,Tupaiidae,Scandentia
1972,GFSGLQGPPGPPGSPGEQGPSGASGPAGPRGPPGSAGSPGK,951,991,1,3693.6578973817996,9,0,Tupaia chinensis,Tupaia,,Tupaiidae,Scandentia
1973,GFSGLQGPPGPPGSPGEQGPSGASGPAGPRGPPGSAGSPGK,951,991,1,3694.6419133817994,9,1,Tupaia chinensis,Tupaia,,Tupaiidae,Scandentia
1974,GFSGLQGPPGPPGSPGEQGPSGASGPAGPRGPPGSAGSPGK,951,991,1,3695.6259293818,9,2,Tupaia chinensis,Tupaia,,Tupaiidae,Scandentia
1975,GFSGLQGPPGPPGSPGEQGPSGASGPAGPRGPPGSAGSPGK,951,991,1,3709.6520473817995,10,0,Tupaia chinensis,Tupaia,,Tupaiidae,Scandentia
1976,GFSGLQGPPGPPGSPGEQGPSGASGPAGPRGPPGSAGSPGK,951,991,1,3710.6360633817994,10,1,Tupaia chinensis,Tupaia,,Tupaiidae,Scandentia
1977,GFSGLQGPPGPPGSPGEQGPSGASGPAGPRGPPGSAGSPGK,951,991,1,3711.6200793817998,10,2,Tupaia chinensis,Tupaia,,Tupaiidae,Scandentia
1978,GFSGLQGPPGPPGSPGEQGPSGASGPAGPRGPPGSAGSPGK,951,991,1,3725.6461973817995,11,0,Tupaia chinensis,Tupaia,,Tupaiidae,Scandentia
1979,GFSGLQGPPGPPGSPGEQGPSGASGPAGPRGPPGSAGSPGK,951,991,1,3726.6302133817994,11,1,Tupaia chinensis,Tupaia,,Tupaiidae,Scandentia
1980,GFSGLQGPPGPPGSPGEQGPSGASGPAGPRGPPGSAGSPGK,951,991,1,3727.6142293817998,11,2,Tupaia chinensis,Tupaia,,Tupaiidae,Scandentia
1981,GFSGLQGPPGPPGSPGEQGPSGASGPAGPRGPPGSAGSPGK,951,991,1,3741.6403473817995,12,0,Tupaia chinensis,Tupaia,,Tupaiidae,Scandentia
1982,GFSGLQGPPGPPGSPGEQGPSGASGPAGPRGPPGSAGSPGK,951,991,1,3742.6243633817994,12,1,Tupaia chinensis,Tupaia,,Tupaiidae,Scandentia
1983,GFSGLQGPPGPPGSPGEQGPSGASGPAGPRGPPGSAGSPGK,951,991,1,3743.6083793817998,12,2,Tupaia chinensis,Tupaia,,Tupaiidae,Scandentia
1984,GPPGSAGSPGKDGLNGLPGPIGPPGPR,981,1007,1,2406.25243245361,0,0,Tupaia chinensis,Tupaia,,Tupaiidae,Scandentia
1985,GPPGSAGSPGKDGLNGLPGPIGPPGPR,981,1007,1,2407.2364484536097,0,1,Tupaia chinensis,Tupaia,,Tupaiidae,Scandentia
1986,GPPGSAGSPGKDGLNGLPGPIGPPGPR,981,1007,1,2422.24658245361,1,0,Tupaia chinensis,Tupaia,,Tupaiidae,Scandentia
1987,GPPGSAGSPGKDGLNGLPGPIGPPGPR,981,1007,1,2423.2305984536097,1,1,Tupaia chinensis,Tupaia,,Tupaiidae,Scandentia
1988,GPPGSAGSPGKDGLNGLPGPIGPPGPR,981,1007,1,2438.24073245361,2,0,Tupaia chinensis,Tupaia,,Tupaiidae,Scandentia
1989,GPPGSAGSPGKDGLNGLPGPIGPPGPR,981,1007,1,2439.2247484536097,2,1,Tupaia chinensis,Tupaia,,Tupaiidae,Scandentia
1990,GPPGSAGSPGKDGLNGLPGPIGPPGPR,981,1007,1,2454.2348824536098,3,0,Tupaia chinensis,Tupaia,,Tupaiidae,Scandentia
1991,GPPGSAGSPGKDGLNGLPGPIGPPGPR,981,1007,1,2455.2188984536097,3,1,Tupaia chinensis,Tupaia,,Tupaiidae,Scandentia
1992,GPPGSAGSPGKDGLNGLPGPIGPPGPR,981,1007,1,2470.2290324536098,4,0,Tupaia chinensis,Tupaia,,Tupaiidae,Scandentia
1993,GPPGSAGSPGKDGLNGLPGPIGPPGPR,981,1007,1,2471.2130484536096,4,1,Tupaia chinensis,Tupaia,,Tupaiidae,Scandentia
1994,GPPGSAGSPGKDGLNGLPGPIGPPGPR,981,1007,1,2486.2231824536098,5,0,Tupaia chinensis,Tupaia,,Tupaiidae,Scandentia
1995,GPPGSAGSPGKDGLNGLPGPIGPPGPR,981,1007,1,2487.2071984536096,5,1,Tupaia chinensis,Tupaia,,Tupaiidae,Scandentia
1996,GPPGSAGSPGKDGLNGLPGPIGPPGPR,981,1007,1,2502.2173324536097,6,0,Tupaia chinensis,Tupaia,,Tupaiidae,Scandentia
1997,GPPGSAGSPGKDGLNGLPGPIGPPGPR,981,1007,1,2503.2013484536096,6,1,Tupaia chinensis,Tupaia,,Tupaiidae,Scandentia
1998,GPPGSAGSPGKDGLNGLPGPIGPPGPR,981,1007,1,2518.2114824536097,7,0,Tupaia chinensis,Tupaia,,Tupaiidae,Scandentia
1999,GPPGSAGSPGKDGLNGLPGPIGPPGPR,981,1007,1,2519.1954984536096,7,1,Tupaia chinensis,Tupaia,,Tupaiidae,Scandentia
2000,GPPGSAGSPGKDGLNGLPGPIGPPGPR,981,1007,1,2534.2056324536097,8,0,Tupaia chinensis,Tupaia,,Tupaiidae,Scandentia
2001,GPPGSAGSPGKDGLNGLPGPIGPPGPR,981,1007,1,2535.1896484536096,8,1,Tupaia chinensis,Tupaia,,Tupaiidae,Scandentia
2002,GPPGSAGSPGKDGLNGLPGPIGPPGPR,981,1007,1,2550.1997824536097,9,0,Tupaia chinensis,Tupaia,,Tupaiidae,Scandentia
2003,GPPGSAGSPGKDGLNGLPGPIGPPGPR,981,1007,1,2551.1837984536096,9,1,Tupaia chinensis,Tupaia,,Tupaiidae,Scandentia
2004,GPPGSAGSPGK,981,991,0,911.45812118655,0,0,Tupaia chinensis,Tupaia,,Tupaiidae,Scandentia
2005,GPPGSAGSPGK,981,991,0,927.45227118655,1,0,Tupaia chinensis,Tupaia,,Tupaiidae,Scandentia
2006,GPPGSAGSPGK,981,991,0,943.44642118655,2,0,Tupaia chinensis,Tupaia,,Tupaiidae,Scandentia
2007,GPPGSAGSPGK,981,991,0,959.44057118655,3,0,Tupaia chinensis,Tupaia,,Tupaiidae,Scandentia
2008,GPPGSAGSPGK,981,991,0,975.43472118655,4,0,Tupaia chinensis,Tupaia,,Tupaiidae,Scandentia
2009,DGLNGLPGPIGPPGPRGR,992,1009,1,1726.9347271617,0,0,Tupaia chinensis,Tupaia,,Tupaiidae,Scandentia
2010,DGLNGLPGPIGPPGPRGR,992,1009,1,1727.9187431617001,0,1,Tupaia chinensis,Tupaia,,Tupaiidae,Scandentia
2011,DGLNGLPGPIGPPGPRGR,992,1009,1,1742.9288771617,1,0,Tupaia chinensis,Tupaia,,Tupaiidae,Scandentia
2012,DGLNGLPGPIGPPGPRGR,992,1009,1,1743.9128931617001,1,1,Tupaia chinensis,Tupaia,,Tupaiidae,Scandentia
2013,DGLNGLPGPIGPPGPRGR,992,1009,1,1758.9230271617,2,0,Tupaia chinensis,Tupaia,,Tupaiidae,Scandentia
2014,DGLNGLPGPIGPPGPRGR,992,1009,1,1759.9070431617001,2,1,Tupaia chinensis,Tupaia,,Tupaiidae,Scandentia
2015,DGLNGLPGPIGPPGPRGR,992,1009,1,1774.9171771617,3,0,Tupaia chinensis,Tupaia,,Tupaiidae,Scandentia
2016,DGLNGLPGPIGPPGPRGR,992,1009,1,1775.9011931617001,3,1,Tupaia chinensis,Tupaia,,Tupaiidae,Scandentia
2017,DGLNGLPGPIGPPGPRGR,992,1009,1,1790.9113271617,4,0,Tupaia chinensis,Tupaia,,Tupaiidae,Scandentia
2018,DGLNGLPGPIGPPGPRGR,992,1009,1,1791.8953431617,4,1,Tupaia chinensis,Tupaia,,Tupaiidae,Scandentia
2019,DGLNGLPGPIGPPGPRGR,992,1009,1,1806.9054771617,5,0,Tupaia chinensis,Tupaia,,Tupaiidae,Scandentia
2020,DGLNGLPGPIGPPGPRGR,992,1009,1,1807.8894931617,5,1,Tupaia chinensis,Tupaia,,Tupaiidae,Scandentia
2021,DGLNGLPGPIGPPGPR,992,1007,0,1513.8121524175301,0,0,Tupaia chinensis,Tupaia,,Tupaiidae,Scandentia
2022,DGLNGLPGPIGPPGPR,992,1007,0,1514.7961684175302,0,1,Tupaia chinensis,Tupaia,,Tupaiidae,Scandentia
2023,DGLNGLPGPIGPPGPR,992,1007,0,1529.80630241753,1,0,Tupaia chinensis,Tupaia,,Tupaiidae,Scandentia
2024,DGLNGLPGPIGPPGPR,992,1007,0,1530.7903184175302,1,1,Tupaia chinensis,Tupaia,,Tupaiidae,Scandentia
2025,DGLNGLPGPIGPPGPR,992,1007,0,1545.80045241753,2,0,Tupaia chinensis,Tupaia,,Tupaiidae,Scandentia
2026,DGLNGLPGPIGPPGPR,992,1007,0,1546.7844684175302,2,1,Tupaia chinensis,Tupaia,,Tupaiidae,Scandentia
2027,DGLNGLPGPIGPPGPR,992,1007,0,1561.79460241753,3,0,Tupaia chinensis,Tupaia,,Tupaiidae,Scandentia
2028,DGLNGLPGPIGPPGPR,992,1007,0,1562.7786184175302,3,1,Tupaia chinensis,Tupaia,,Tupaiidae,Scandentia
2029,DGLNGLPGPIGPPGPR,992,1007,0,1577.78875241753,4,0,Tupaia chinensis,Tupaia,,Tupaiidae,Scandentia
2030,DGLNGLPGPIGPPGPR,992,1007,0,1578.7727684175302,4,1,Tupaia chinensis,Tupaia,,Tupaiidae,Scandentia
2031,DGLNGLPGPIGPPGPR,992,1007,0,1593.78290241753,5,0,Tupaia chinensis,Tupaia,,Tupaiidae,Scandentia
2032,DGLNGLPGPIGPPGPR,992,1007,0,1594.7669184175302,5,1,Tupaia chinensis,Tupaia,,Tupaiidae,Scandentia
2033,GRTGDAGPVGPPGPPGPPGPPGPPSGGFDFSFLPQPPQEK,1008,1047,1,3846.88744911461,0,0,Tupaia chinensis,Tupaia,,Tupaiidae,Scandentia
2034,GRTGDAGPVGPPGPPGPPGPPGPPSGGFDFSFLPQPPQEK,1008,1047,1,3847.8714651146097,0,1,Tupaia chinensis,Tupaia,,Tupaiidae,Scandentia
2035,GRTGDAGPVGPPGPPGPPGPPGPPSGGFDFSFLPQPPQEK,1008,1047,1,3848.85548111461,0,2,Tupaia chinensis,Tupaia,,Tupaiidae,Scandentia
2036,GRTGDAGPVGPPGPPGPPGPPGPPSGGFDFSFLPQPPQEK,1008,1047,1,3862.88159911461,1,0,Tupaia chinensis,Tupaia,,Tupaiidae,Scandentia
2037,GRTGDAGPVGPPGPPGPPGPPGPPSGGFDFSFLPQPPQEK,1008,1047,1,3863.8656151146097,1,1,Tupaia chinensis,Tupaia,,Tupaiidae,Scandentia
2038,GRTGDAGPVGPPGPPGPPGPPGPPSGGFDFSFLPQPPQEK,1008,1047,1,3864.84963111461,1,2,Tupaia chinensis,Tupaia,,Tupaiidae,Scandentia
2039,GRTGDAGPVGPPGPPGPPGPPGPPSGGFDFSFLPQPPQEK,1008,1047,1,3878.87574911461,2,0,Tupaia chinensis,Tupaia,,Tupaiidae,Scandentia
2040,GRTGDAGPVGPPGPPGPPGPPGPPSGGFDFSFLPQPPQEK,1008,1047,1,3879.8597651146097,2,1,Tupaia chinensis,Tupaia,,Tupaiidae,Scandentia
2041,GRTGDAGPVGPPGPPGPPGPPGPPSGGFDFSFLPQPPQEK,1008,1047,1,3880.84378111461,2,2,Tupaia chinensis,Tupaia,,Tupaiidae,Scandentia
2042,GRTGDAGPVGPPGPPGPPGPPGPPSGGFDFSFLPQPPQEK,1008,1047,1,3894.86989911461,3,0,Tupaia chinensis,Tupaia,,Tupaiidae,Scandentia
2043,GRTGDAGPVGPPGPPGPPGPPGPPSGGFDFSFLPQPPQEK,1008,1047,1,3895.8539151146097,3,1,Tupaia chinensis,Tupaia,,Tupaiidae,Scandentia
2044,GRTGDAGPVGPPGPPGPPGPPGPPSGGFDFSFLPQPPQEK,1008,1047,1,3896.83793111461,3,2,Tupaia chinensis,Tupaia,,Tupaiidae,Scandentia
2045,GRTGDAGPVGPPGPPGPPGPPGPPSGGFDFSFLPQPPQEK,1008,1047,1,3910.8640491146098,4,0,Tupaia chinensis,Tupaia,,Tupaiidae,Scandentia
2046,GRTGDAGPVGPPGPPGPPGPPGPPSGGFDFSFLPQPPQEK,1008,1047,1,3911.8480651146097,4,1,Tupaia chinensis,Tupaia,,Tupaiidae,Scandentia
2047,GRTGDAGPVGPPGPPGPPGPPGPPSGGFDFSFLPQPPQEK,1008,1047,1,3912.83208111461,4,2,Tupaia chinensis,Tupaia,,Tupaiidae,Scandentia
2048,GRTGDAGPVGPPGPPGPPGPPGPPSGGFDFSFLPQPPQEK,1008,1047,1,3926.8581991146098,5,0,Tupaia chinensis,Tupaia,,Tupaiidae,Scandentia
2049,GRTGDAGPVGPPGPPGPPGPPGPPSGGFDFSFLPQPPQEK,1008,1047,1,3927.8422151146096,5,1,Tupaia chinensis,Tupaia,,Tupaiidae,Scandentia
2050,GRTGDAGPVGPPGPPGPPGPPGPPSGGFDFSFLPQPPQEK,1008,1047,1,3928.82623111461,5,2,Tupaia chinensis,Tupaia,,Tupaiidae,Scandentia
2051,GRTGDAGPVGPPGPPGPPGPPGPPSGGFDFSFLPQPPQEK,1008,1047,1,3942.8523491146098,6,0,Tupaia chinensis,Tupaia,,Tupaiidae,Scandentia
2052,GRTGDAGPVGPPGPPGPPGPPGPPSGGFDFSFLPQPPQEK,1008,1047,1,3943.8363651146096,6,1,Tupaia chinensis,Tupaia,,Tupaiidae,Scandentia
2053,GRTGDAGPVGPPGPPGPPGPPGPPSGGFDFSFLPQPPQEK,1008,1047,1,3944.82038111461,6,2,Tupaia chinensis,Tupaia,,Tupaiidae,Scandentia
2054,GRTGDAGPVGPPGPPGPPGPPGPPSGGFDFSFLPQPPQEK,1008,1047,1,3958.8464991146097,7,0,Tupaia chinensis,Tupaia,,Tupaiidae,Scandentia
2055,GRTGDAGPVGPPGPPGPPGPPGPPSGGFDFSFLPQPPQEK,1008,1047,1,3959.8305151146096,7,1,Tupaia chinensis,Tupaia,,Tupaiidae,Scandentia
2056,GRTGDAGPVGPPGPPGPPGPPGPPSGGFDFSFLPQPPQEK,1008,1047,1,3960.81453111461,7,2,Tupaia chinensis,Tupaia,,Tupaiidae,Scandentia
2057,GRTGDAGPVGPPGPPGPPGPPGPPSGGFDFSFLPQPPQEK,1008,1047,1,3974.8406491146097,8,0,Tupaia chinensis,Tupaia,,Tupaiidae,Scandentia
2058,GRTGDAGPVGPPGPPGPPGPPGPPSGGFDFSFLPQPPQEK,1008,1047,1,3975.8246651146096,8,1,Tupaia chinensis,Tupaia,,Tupaiidae,Scandentia
2059,GRTGDAGPVGPPGPPGPPGPPGPPSGGFDFSFLPQPPQEK,1008,1047,1,3976.80868111461,8,2,Tupaia chinensis,Tupaia,,Tupaiidae,Scandentia
2060,GRTGDAGPVGPPGPPGPPGPPGPPSGGFDFSFLPQPPQEK,1008,1047,1,3990.8347991146097,9,0,Tupaia chinensis,Tupaia,,Tupaiidae,Scandentia
2061,GRTGDAGPVGPPGPPGPPGPPGPPSGGFDFSFLPQPPQEK,1008,1047,1,3991.8188151146096,9,1,Tupaia chinensis,Tupaia,,Tupaiidae,Scandentia
2062,GRTGDAGPVGPPGPPGPPGPPGPPSGGFDFSFLPQPPQEK,1008,1047,1,3992.80283111461,9,2,Tupaia chinensis,Tupaia,,Tupaiidae,Scandentia
2063,GRTGDAGPVGPPGPPGPPGPPGPPSGGFDFSFLPQPPQEK,1008,1047,1,4006.8289491146097,10,0,Tupaia chinensis,Tupaia,,Tupaiidae,Scandentia
2064,GRTGDAGPVGPPGPPGPPGPPGPPSGGFDFSFLPQPPQEK,1008,1047,1,4007.8129651146096,10,1,Tupaia chinensis,Tupaia,,Tupaiidae,Scandentia
2065,GRTGDAGPVGPPGPPGPPGPPGPPSGGFDFSFLPQPPQEK,1008,1047,1,4008.79698111461,10,2,Tupaia chinensis,Tupaia,,Tupaiidae,Scandentia
2066,GRTGDAGPVGPPGPPGPPGPPGPPSGGFDFSFLPQPPQEK,1008,1047,1,4022.8230991146097,11,0,Tupaia chinensis,Tupaia,,Tupaiidae,Scandentia
2067,GRTGDAGPVGPPGPPGPPGPPGPPSGGFDFSFLPQPPQEK,1008,1047,1,4023.8071151146096,11,1,Tupaia chinensis,Tupaia,,Tupaiidae,Scandentia
2068,GRTGDAGPVGPPGPPGPPGPPGPPSGGFDFSFLPQPPQEK,1008,1047,1,4024.79113111461,11,2,Tupaia chinensis,Tupaia,,Tupaiidae,Scandentia
2069,GRTGDAGPVGPPGPPGPPGPPGPPSGGFDFSFLPQPPQEK,1008,1047,1,4038.8172491146097,12,0,Tupaia chinensis,Tupaia,,Tupaiidae,Scandentia
2070,GRTGDAGPVGPPGPPGPPGPPGPPSGGFDFSFLPQPPQEK,1008,1047,1,4039.8012651146096,12,1,Tupaia chinensis,Tupaia,,Tupaiidae,Scandentia
2071,GRTGDAGPVGPPGPPGPPGPPGPPSGGFDFSFLPQPPQEK,1008,1047,1,4040.78528111461,12,2,Tupaia chinensis,Tupaia,,Tupaiidae,Scandentia
2072,GRTGDAGPVGPPGPPGPPGPPGPPSGGFDFSFLPQPPQEK,1008,1047,1,4054.8113991146097,13,0,Tupaia chinensis,Tupaia,,Tupaiidae,Scandentia
2073,GRTGDAGPVGPPGPPGPPGPPGPPSGGFDFSFLPQPPQEK,1008,1047,1,4055.7954151146096,13,1,Tupaia chinensis,Tupaia,,Tupaiidae,Scandentia
2074,GRTGDAGPVGPPGPPGPPGPPGPPSGGFDFSFLPQPPQEK,1008,1047,1,4056.77943111461,13,2,Tupaia chinensis,Tupaia,,Tupaiidae,Scandentia
2075,GRTGDAGPVGPPGPPGPPGPPGPPSGGFDFSFLPQPPQEK,1008,1047,1,4070.8055491146097,14,0,Tupaia chinensis,Tupaia,,Tupaiidae,Scandentia
2076,GRTGDAGPVGPPGPPGPPGPPGPPSGGFDFSFLPQPPQEK,1008,1047,1,4071.7895651146096,14,1,Tupaia chinensis,Tupaia,,Tupaiidae,Scandentia
2077,GRTGDAGPVGPPGPPGPPGPPGPPSGGFDFSFLPQPPQEK,1008,1047,1,4072.77358111461,14,2,Tupaia chinensis,Tupaia,,Tupaiidae,Scandentia
2078,GRTGDAGPVGPPGPPGPPGPPGPPSGGFDFSFLPQPPQEK,1008,1047,1,4086.7996991146097,15,0,Tupaia chinensis,Tupaia,,Tupaiidae,Scandentia
2079,GRTGDAGPVGPPGPPGPPGPPGPPSGGFDFSFLPQPPQEK,1008,1047,1,4087.7837151146095,15,1,Tupaia chinensis,Tupaia,,Tupaiidae,Scandentia
2080,GRTGDAGPVGPPGPPGPPGPPGPPSGGFDFSFLPQPPQEK,1008,1047,1,4088.76773111461,15,2,Tupaia chinensis,Tupaia,,Tupaiidae,Scandentia
2081,GR,1008,1009,0,232.14041589464,0,0,Tupaia chinensis,Tupaia,,Tupaiidae,Scandentia
2082,TGDAGPVGPPGPPGPPGPPGPPSGGFDFSFLPQPPQEKAQDGGR,1010,1053,1,4218.031547149,0,0,Tupaia chinensis,Tupaia,,Tupaiidae,Scandentia
2083,TGDAGPVGPPGPPGPPGPPGPPSGGFDFSFLPQPPQEKAQDGGR,1010,1053,1,4219.015563149001,0,1,Tupaia chinensis,Tupaia,,Tupaiidae,Scandentia
2084,TGDAGPVGPPGPPGPPGPPGPPSGGFDFSFLPQPPQEKAQDGGR,1010,1053,1,4219.999579149,0,2,Tupaia chinensis,Tupaia,,Tupaiidae,Scandentia
2085,TGDAGPVGPPGPPGPPGPPGPPSGGFDFSFLPQPPQEKAQDGGR,1010,1053,1,4220.983595149,0,3,Tupaia chinensis,Tupaia,,Tupaiidae,Scandentia
2086,TGDAGPVGPPGPPGPPGPPGPPSGGFDFSFLPQPPQEKAQDGGR,1010,1053,1,4234.025697149001,1,0,Tupaia chinensis,Tupaia,,Tupaiidae,Scandentia
2087,TGDAGPVGPPGPPGPPGPPGPPSGGFDFSFLPQPPQEKAQDGGR,1010,1053,1,4235.009713149001,1,1,Tupaia chinensis,Tupaia,,Tupaiidae,Scandentia
2088,TGDAGPVGPPGPPGPPGPPGPPSGGFDFSFLPQPPQEKAQDGGR,1010,1053,1,4235.9937291490005,1,2,Tupaia chinensis,Tupaia,,Tupaiidae,Scandentia
2089,TGDAGPVGPPGPPGPPGPPGPPSGGFDFSFLPQPPQEKAQDGGR,1010,1053,1,4236.977745149001,1,3,Tupaia chinensis,Tupaia,,Tupaiidae,Scandentia
2090,TGDAGPVGPPGPPGPPGPPGPPSGGFDFSFLPQPPQEKAQDGGR,1010,1053,1,4250.019847149,2,0,Tupaia chinensis,Tupaia,,Tupaiidae,Scandentia
2091,TGDAGPVGPPGPPGPPGPPGPPSGGFDFSFLPQPPQEKAQDGGR,1010,1053,1,4251.003863149001,2,1,Tupaia chinensis,Tupaia,,Tupaiidae,Scandentia
2092,TGDAGPVGPPGPPGPPGPPGPPSGGFDFSFLPQPPQEKAQDGGR,1010,1053,1,4251.987879149,2,2,Tupaia chinensis,Tupaia,,Tupaiidae,Scandentia
2093,TGDAGPVGPPGPPGPPGPPGPPSGGFDFSFLPQPPQEKAQDGGR,1010,1053,1,4252.971895149,2,3,Tupaia chinensis,Tupaia,,Tupaiidae,Scandentia
2094,TGDAGPVGPPGPPGPPGPPGPPSGGFDFSFLPQPPQEKAQDGGR,1010,1053,1,4266.013997149001,3,0,Tupaia chinensis,Tupaia,,Tupaiidae,Scandentia
2095,TGDAGPVGPPGPPGPPGPPGPPSGGFDFSFLPQPPQEKAQDGGR,1010,1053,1,4266.998013149001,3,1,Tupaia chinensis,Tupaia,,Tupaiidae,Scandentia
2096,TGDAGPVGPPGPPGPPGPPGPPSGGFDFSFLPQPPQEKAQDGGR,1010,1053,1,4267.9820291490005,3,2,Tupaia chinensis,Tupaia,,Tupaiidae,Scandentia
2097,TGDAGPVGPPGPPGPPGPPGPPSGGFDFSFLPQPPQEKAQDGGR,1010,1053,1,4268.966045149001,3,3,Tupaia chinensis,Tupaia,,Tupaiidae,Scandentia
2098,TGDAGPVGPPGPPGPPGPPGPPSGGFDFSFLPQPPQEKAQDGGR,1010,1053,1,4282.008147149,4,0,Tupaia chinensis,Tupaia,,Tupaiidae,Scandentia
2099,TGDAGPVGPPGPPGPPGPPGPPSGGFDFSFLPQPPQEKAQDGGR,1010,1053,1,4282.992163149001,4,1,Tupaia chinensis,Tupaia,,Tupaiidae,Scandentia
2100,TGDAGPVGPPGPPGPPGPPGPPSGGFDFSFLPQPPQEKAQDGGR,1010,1053,1,4283.976179149,4,2,Tupaia chinensis,Tupaia,,Tupaiidae,Scandentia
2101,TGDAGPVGPPGPPGPPGPPGPPSGGFDFSFLPQPPQEKAQDGGR,1010,1053,1,4284.960195149,4,3,Tupaia chinensis,Tupaia,,Tupaiidae,Scandentia
2102,TGDAGPVGPPGPPGPPGPPGPPSGGFDFSFLPQPPQEKAQDGGR,1010,1053,1,4298.002297149001,5,0,Tupaia chinensis,Tupaia,,Tupaiidae,Scandentia
2103,TGDAGPVGPPGPPGPPGPPGPPSGGFDFSFLPQPPQEKAQDGGR,1010,1053,1,4298.986313149001,5,1,Tupaia chinensis,Tupaia,,Tupaiidae,Scandentia
2104,TGDAGPVGPPGPPGPPGPPGPPSGGFDFSFLPQPPQEKAQDGGR,1010,1053,1,4299.9703291490005,5,2,Tupaia chinensis,Tupaia,,Tupaiidae,Scandentia
2105,TGDAGPVGPPGPPGPPGPPGPPSGGFDFSFLPQPPQEKAQDGGR,1010,1053,1,4300.954345149001,5,3,Tupaia chinensis,Tupaia,,Tupaiidae,Scandentia
2106,TGDAGPVGPPGPPGPPGPPGPPSGGFDFSFLPQPPQEKAQDGGR,1010,1053,1,4313.996447149,6,0,Tupaia chinensis,Tupaia,,Tupaiidae,Scandentia
2107,TGDAGPVGPPGPPGPPGPPGPPSGGFDFSFLPQPPQEKAQDGGR,1010,1053,1,4314.980463149001,6,1,Tupaia chinensis,Tupaia,,Tupaiidae,Scandentia
2108,TGDAGPVGPPGPPGPPGPPGPPSGGFDFSFLPQPPQEKAQDGGR,1010,1053,1,4315.964479149,6,2,Tupaia chinensis,Tupaia,,Tupaiidae,Scandentia
2109,TGDAGPVGPPGPPGPPGPPGPPSGGFDFSFLPQPPQEKAQDGGR,1010,1053,1,4316.948495149,6,3,Tupaia chinensis,Tupaia,,Tupaiidae,Scandentia
2110,TGDAGPVGPPGPPGPPGPPGPPSGGFDFSFLPQPPQEKAQDGGR,1010,1053,1,4329.990597149001,7,0,Tupaia chinensis,Tupaia,,Tupaiidae,Scandentia
2111,TGDAGPVGPPGPPGPPGPPGPPSGGFDFSFLPQPPQEKAQDGGR,1010,1053,1,4330.974613149001,7,1,Tupaia chinensis,Tupaia,,Tupaiidae,Scandentia
2112,TGDAGPVGPPGPPGPPGPPGPPSGGFDFSFLPQPPQEKAQDGGR,1010,1053,1,4331.958629149,7,2,Tupaia chinensis,Tupaia,,Tupaiidae,Scandentia
2113,TGDAGPVGPPGPPGPPGPPGPPSGGFDFSFLPQPPQEKAQDGGR,1010,1053,1,4332.942645149001,7,3,Tupaia chinensis,Tupaia,,Tupaiidae,Scandentia
2114,TGDAGPVGPPGPPGPPGPPGPPSGGFDFSFLPQPPQEKAQDGGR,1010,1053,1,4345.984747149,8,0,Tupaia chinensis,Tupaia,,Tupaiidae,Scandentia
2115,TGDAGPVGPPGPPGPPGPPGPPSGGFDFSFLPQPPQEKAQDGGR,1010,1053,1,4346.968763149001,8,1,Tupaia chinensis,Tupaia,,Tupaiidae,Scandentia
2116,TGDAGPVGPPGPPGPPGPPGPPSGGFDFSFLPQPPQEKAQDGGR,1010,1053,1,4347.952779149,8,2,Tupaia chinensis,Tupaia,,Tupaiidae,Scandentia
2117,TGDAGPVGPPGPPGPPGPPGPPSGGFDFSFLPQPPQEKAQDGGR,1010,1053,1,4348.936795149,8,3,Tupaia chinensis,Tupaia,,Tupaiidae,Scandentia
2118,TGDAGPVGPPGPPGPPGPPGPPSGGFDFSFLPQPPQEKAQDGGR,1010,1053,1,4361.978897149001,9,0,Tupaia chinensis,Tupaia,,Tupaiidae,Scandentia
2119,TGDAGPVGPPGPPGPPGPPGPPSGGFDFSFLPQPPQEKAQDGGR,1010,1053,1,4362.962913149001,9,1,Tupaia chinensis,Tupaia,,Tupaiidae,Scandentia
2120,TGDAGPVGPPGPPGPPGPPGPPSGGFDFSFLPQPPQEKAQDGGR,1010,1053,1,4363.946929149,9,2,Tupaia chinensis,Tupaia,,Tupaiidae,Scandentia
2121,TGDAGPVGPPGPPGPPGPPGPPSGGFDFSFLPQPPQEKAQDGGR,1010,1053,1,4364.930945149001,9,3,Tupaia chinensis,Tupaia,,Tupaiidae,Scandentia
2122,TGDAGPVGPPGPPGPPGPPGPPSGGFDFSFLPQPPQEKAQDGGR,1010,1053,1,4377.973047149,10,0,Tupaia chinensis,Tupaia,,Tupaiidae,Scandentia
2123,TGDAGPVGPPGPPGPPGPPGPPSGGFDFSFLPQPPQEKAQDGGR,1010,1053,1,4378.9570631490005,10,1,Tupaia chinensis,Tupaia,,Tupaiidae,Scandentia
2124,TGDAGPVGPPGPPGPPGPPGPPSGGFDFSFLPQPPQEKAQDGGR,1010,1053,1,4379.941079149,10,2,Tupaia chinensis,Tupaia,,Tupaiidae,Scandentia
2125,TGDAGPVGPPGPPGPPGPPGPPSGGFDFSFLPQPPQEKAQDGGR,1010,1053,1,4380.925095149,10,3,Tupaia chinensis,Tupaia,,Tupaiidae,Scandentia
2126,TGDAGPVGPPGPPGPPGPPGPPSGGFDFSFLPQPPQEKAQDGGR,1010,1053,1,4393.967197149001,11,0,Tupaia chinensis,Tupaia,,Tupaiidae,Scandentia
2127,TGDAGPVGPPGPPGPPGPPGPPSGGFDFSFLPQPPQEKAQDGGR,1010,1053,1,4394.951213149001,11,1,Tupaia chinensis,Tupaia,,Tupaiidae,Scandentia
2128,TGDAGPVGPPGPPGPPGPPGPPSGGFDFSFLPQPPQEKAQDGGR,1010,1053,1,4395.935229149,11,2,Tupaia chinensis,Tupaia,,Tupaiidae,Scandentia
2129,TGDAGPVGPPGPPGPPGPPGPPSGGFDFSFLPQPPQEKAQDGGR,1010,1053,1,4396.919245149001,11,3,Tupaia chinensis,Tupaia,,Tupaiidae,Scandentia
2130,TGDAGPVGPPGPPGPPGPPGPPSGGFDFSFLPQPPQEKAQDGGR,1010,1053,1,4409.961347149,12,0,Tupaia chinensis,Tupaia,,Tupaiidae,Scandentia
2131,TGDAGPVGPPGPPGPPGPPGPPSGGFDFSFLPQPPQEKAQDGGR,1010,1053,1,4410.9453631490005,12,1,Tupaia chinensis,Tupaia,,Tupaiidae,Scandentia
2132,TGDAGPVGPPGPPGPPGPPGPPSGGFDFSFLPQPPQEKAQDGGR,1010,1053,1,4411.929379149,12,2,Tupaia chinensis,Tupaia,,Tupaiidae,Scandentia
2133,TGDAGPVGPPGPPGPPGPPGPPSGGFDFSFLPQPPQEKAQDGGR,1010,1053,1,4412.913395149,12,3,Tupaia chinensis,Tupaia,,Tupaiidae,Scandentia
2134,TGDAGPVGPPGPPGPPGPPGPPSGGFDFSFLPQPPQEKAQDGGR,1010,1053,1,4425.955497149001,13,0,Tupaia chinensis,Tupaia,,Tupaiidae,Scandentia
2135,TGDAGPVGPPGPPGPPGPPGPPSGGFDFSFLPQPPQEKAQDGGR,1010,1053,1,4426.939513149001,13,1,Tupaia chinensis,Tupaia,,Tupaiidae,Scandentia
2136,TGDAGPVGPPGPPGPPGPPGPPSGGFDFSFLPQPPQEKAQDGGR,1010,1053,1,4427.923529149,13,2,Tupaia chinensis,Tupaia,,Tupaiidae,Scandentia
2137,TGDAGPVGPPGPPGPPGPPGPPSGGFDFSFLPQPPQEKAQDGGR,1010,1053,1,4428.907545149001,13,3,Tupaia chinensis,Tupaia,,Tupaiidae,Scandentia
2138,TGDAGPVGPPGPPGPPGPPGPPSGGFDFSFLPQPPQEKAQDGGR,1010,1053,1,4441.949647149,14,0,Tupaia chinensis,Tupaia,,Tupaiidae,Scandentia
2139,TGDAGPVGPPGPPGPPGPPGPPSGGFDFSFLPQPPQEKAQDGGR,1010,1053,1,4442.9336631490005,14,1,Tupaia chinensis,Tupaia,,Tupaiidae,Scandentia
2140,TGDAGPVGPPGPPGPPGPPGPPSGGFDFSFLPQPPQEKAQDGGR,1010,1053,1,4443.917679149,14,2,Tupaia chinensis,Tupaia,,Tupaiidae,Scandentia
2141,TGDAGPVGPPGPPGPPGPPGPPSGGFDFSFLPQPPQEKAQDGGR,1010,1053,1,4444.901695149,14,3,Tupaia chinensis,Tupaia,,Tupaiidae,Scandentia
2142,TGDAGPVGPPGPPGPPGPPGPPSGGFDFSFLPQPPQEKAQDGGR,1010,1053,1,4457.943797149001,15,0,Tupaia chinensis,Tupaia,,Tupaiidae,Scandentia
2143,TGDAGPVGPPGPPGPPGPPGPPSGGFDFSFLPQPPQEKAQDGGR,1010,1053,1,4458.927813149001,15,1,Tupaia chinensis,Tupaia,,Tupaiidae,Scandentia
2144,TGDAGPVGPPGPPGPPGPPGPPSGGFDFSFLPQPPQEKAQDGGR,1010,1053,1,4459.911829149,15,2,Tupaia chinensis,Tupaia,,Tupaiidae,Scandentia
2145,TGDAGPVGPPGPPGPPGPPGPPSGGFDFSFLPQPPQEKAQDGGR,1010,1053,1,4460.895845149001,15,3,Tupaia chinensis,Tupaia,,Tupaiidae,Scandentia
2146,TGDAGPVGPPGPPGPPGPPGPPSGGFDFSFLPQPPQEK,1010,1047,0,3633.76487437044,0,0,Tupaia chinensis,Tupaia,,Tupaiidae,Scandentia
2147,TGDAGPVGPPGPPGPPGPPGPPSGGFDFSFLPQPPQEK,1010,1047,0,3634.7488903704398,0,1,Tupaia chinensis,Tupaia,,Tupaiidae,Scandentia
2148,TGDAGPVGPPGPPGPPGPPGPPSGGFDFSFLPQPPQEK,1010,1047,0,3635.73290637044,0,2,Tupaia chinensis,Tupaia,,Tupaiidae,Scandentia
2149,TGDAGPVGPPGPPGPPGPPGPPSGGFDFSFLPQPPQEK,1010,1047,0,3649.75902437044,1,0,Tupaia chinensis,Tupaia,,Tupaiidae,Scandentia
2150,TGDAGPVGPPGPPGPPGPPGPPSGGFDFSFLPQPPQEK,1010,1047,0,3650.7430403704398,1,1,Tupaia chinensis,Tupaia,,Tupaiidae,Scandentia
2151,TGDAGPVGPPGPPGPPGPPGPPSGGFDFSFLPQPPQEK,1010,1047,0,3651.72705637044,1,2,Tupaia chinensis,Tupaia,,Tupaiidae,Scandentia
2152,TGDAGPVGPPGPPGPPGPPGPPSGGFDFSFLPQPPQEK,1010,1047,0,3665.75317437044,2,0,Tupaia chinensis,Tupaia,,Tupaiidae,Scandentia
2153,TGDAGPVGPPGPPGPPGPPGPPSGGFDFSFLPQPPQEK,1010,1047,0,3666.7371903704397,2,1,Tupaia chinensis,Tupaia,,Tupaiidae,Scandentia
2154,TGDAGPVGPPGPPGPPGPPGPPSGGFDFSFLPQPPQEK,1010,1047,0,3667.72120637044,2,2,Tupaia chinensis,Tupaia,,Tupaiidae,Scandentia
2155,TGDAGPVGPPGPPGPPGPPGPPSGGFDFSFLPQPPQEK,1010,1047,0,3681.74732437044,3,0,Tupaia chinensis,Tupaia,,Tupaiidae,Scandentia
2156,TGDAGPVGPPGPPGPPGPPGPPSGGFDFSFLPQPPQEK,1010,1047,0,3682.7313403704397,3,1,Tupaia chinensis,Tupaia,,Tupaiidae,Scandentia
2157,TGDAGPVGPPGPPGPPGPPGPPSGGFDFSFLPQPPQEK,1010,1047,0,3683.71535637044,3,2,Tupaia chinensis,Tupaia,,Tupaiidae,Scandentia
2158,TGDAGPVGPPGPPGPPGPPGPPSGGFDFSFLPQPPQEK,1010,1047,0,3697.74147437044,4,0,Tupaia chinensis,Tupaia,,Tupaiidae,Scandentia
2159,TGDAGPVGPPGPPGPPGPPGPPSGGFDFSFLPQPPQEK,1010,1047,0,3698.7254903704397,4,1,Tupaia chinensis,Tupaia,,Tupaiidae,Scandentia
2160,TGDAGPVGPPGPPGPPGPPGPPSGGFDFSFLPQPPQEK,1010,1047,0,3699.70950637044,4,2,Tupaia chinensis,Tupaia,,Tupaiidae,Scandentia
2161,TGDAGPVGPPGPPGPPGPPGPPSGGFDFSFLPQPPQEK,1010,1047,0,3713.73562437044,5,0,Tupaia chinensis,Tupaia,,Tupaiidae,Scandentia
2162,TGDAGPVGPPGPPGPPGPPGPPSGGFDFSFLPQPPQEK,1010,1047,0,3714.7196403704397,5,1,Tupaia chinensis,Tupaia,,Tupaiidae,Scandentia
2163,TGDAGPVGPPGPPGPPGPPGPPSGGFDFSFLPQPPQEK,1010,1047,0,3715.70365637044,5,2,Tupaia chinensis,Tupaia,,Tupaiidae,Scandentia
2164,TGDAGPVGPPGPPGPPGPPGPPSGGFDFSFLPQPPQEK,1010,1047,0,3729.72977437044,6,0,Tupaia chinensis,Tupaia,,Tupaiidae,Scandentia
2165,TGDAGPVGPPGPPGPPGPPGPPSGGFDFSFLPQPPQEK,1010,1047,0,3730.7137903704397,6,1,Tupaia chinensis,Tupaia,,Tupaiidae,Scandentia
2166,TGDAGPVGPPGPPGPPGPPGPPSGGFDFSFLPQPPQEK,1010,1047,0,3731.69780637044,6,2,Tupaia chinensis,Tupaia,,Tupaiidae,Scandentia
2167,TGDAGPVGPPGPPGPPGPPGPPSGGFDFSFLPQPPQEK,1010,1047,0,3745.72392437044,7,0,Tupaia chinensis,Tupaia,,Tupaiidae,Scandentia
2168,TGDAGPVGPPGPPGPPGPPGPPSGGFDFSFLPQPPQEK,1010,1047,0,3746.7079403704397,7,1,Tupaia chinensis,Tupaia,,Tupaiidae,Scandentia
2169,TGDAGPVGPPGPPGPPGPPGPPSGGFDFSFLPQPPQEK,1010,1047,0,3747.69195637044,7,2,Tupaia chinensis,Tupaia,,Tupaiidae,Scandentia
2170,TGDAGPVGPPGPPGPPGPPGPPSGGFDFSFLPQPPQEK,1010,1047,0,3761.71807437044,8,0,Tupaia chinensis,Tupaia,,Tupaiidae,Scandentia
2171,TGDAGPVGPPGPPGPPGPPGPPSGGFDFSFLPQPPQEK,1010,1047,0,3762.7020903704397,8,1,Tupaia chinensis,Tupaia,,Tupaiidae,Scandentia
2172,TGDAGPVGPPGPPGPPGPPGPPSGGFDFSFLPQPPQEK,1010,1047,0,3763.68610637044,8,2,Tupaia chinensis,Tupaia,,Tupaiidae,Scandentia
2173,TGDAGPVGPPGPPGPPGPPGPPSGGFDFSFLPQPPQEK,1010,1047,0,3777.71222437044,9,0,Tupaia chinensis,Tupaia,,Tupaiidae,Scandentia
2174,TGDAGPVGPPGPPGPPGPPGPPSGGFDFSFLPQPPQEK,1010,1047,0,3778.6962403704397,9,1,Tupaia chinensis,Tupaia,,Tupaiidae,Scandentia
2175,TGDAGPVGPPGPPGPPGPPGPPSGGFDFSFLPQPPQEK,1010,1047,0,3779.68025637044,9,2,Tupaia chinensis,Tupaia,,Tupaiidae,Scandentia
2176,TGDAGPVGPPGPPGPPGPPGPPSGGFDFSFLPQPPQEK,1010,1047,0,3793.70637437044,10,0,Tupaia chinensis,Tupaia,,Tupaiidae,Scandentia
2177,TGDAGPVGPPGPPGPPGPPGPPSGGFDFSFLPQPPQEK,1010,1047,0,3794.6903903704397,10,1,Tupaia chinensis,Tupaia,,Tupaiidae,Scandentia
2178,TGDAGPVGPPGPPGPPGPPGPPSGGFDFSFLPQPPQEK,1010,1047,0,3795.67440637044,10,2,Tupaia chinensis,Tupaia,,Tupaiidae,Scandentia
2179,TGDAGPVGPPGPPGPPGPPGPPSGGFDFSFLPQPPQEK,1010,1047,0,3809.70052437044,11,0,Tupaia chinensis,Tupaia,,Tupaiidae,Scandentia
2180,TGDAGPVGPPGPPGPPGPPGPPSGGFDFSFLPQPPQEK,1010,1047,0,3810.6845403704397,11,1,Tupaia chinensis,Tupaia,,Tupaiidae,Scandentia
2181,TGDAGPVGPPGPPGPPGPPGPPSGGFDFSFLPQPPQEK,1010,1047,0,3811.66855637044,11,2,Tupaia chinensis,Tupaia,,Tupaiidae,Scandentia
2182,TGDAGPVGPPGPPGPPGPPGPPSGGFDFSFLPQPPQEK,1010,1047,0,3825.6946743704398,12,0,Tupaia chinensis,Tupaia,,Tupaiidae,Scandentia
2183,TGDAGPVGPPGPPGPPGPPGPPSGGFDFSFLPQPPQEK,1010,1047,0,3826.6786903704397,12,1,Tupaia chinensis,Tupaia,,Tupaiidae,Scandentia
2184,TGDAGPVGPPGPPGPPGPPGPPSGGFDFSFLPQPPQEK,1010,1047,0,3827.66270637044,12,2,Tupaia chinensis,Tupaia,,Tupaiidae,Scandentia
2185,TGDAGPVGPPGPPGPPGPPGPPSGGFDFSFLPQPPQEK,1010,1047,0,3841.6888243704398,13,0,Tupaia chinensis,Tupaia,,Tupaiidae,Scandentia
2186,TGDAGPVGPPGPPGPPGPPGPPSGGFDFSFLPQPPQEK,1010,1047,0,3842.6728403704396,13,1,Tupaia chinensis,Tupaia,,Tupaiidae,Scandentia
2187,TGDAGPVGPPGPPGPPGPPGPPSGGFDFSFLPQPPQEK,1010,1047,0,3843.65685637044,13,2,Tupaia chinensis,Tupaia,,Tupaiidae,Scandentia
2188,TGDAGPVGPPGPPGPPGPPGPPSGGFDFSFLPQPPQEK,1010,1047,0,3857.6829743704398,14,0,Tupaia chinensis,Tupaia,,Tupaiidae,Scandentia
2189,TGDAGPVGPPGPPGPPGPPGPPSGGFDFSFLPQPPQEK,1010,1047,0,3858.6669903704396,14,1,Tupaia chinensis,Tupaia,,Tupaiidae,Scandentia
2190,TGDAGPVGPPGPPGPPGPPGPPSGGFDFSFLPQPPQEK,1010,1047,0,3859.65100637044,14,2,Tupaia chinensis,Tupaia,,Tupaiidae,Scandentia
2191,TGDAGPVGPPGPPGPPGPPGPPSGGFDFSFLPQPPQEK,1010,1047,0,3873.6771243704397,15,0,Tupaia chinensis,Tupaia,,Tupaiidae,Scandentia
2192,TGDAGPVGPPGPPGPPGPPGPPSGGFDFSFLPQPPQEK,1010,1047,0,3874.6611403704396,15,1,Tupaia chinensis,Tupaia,,Tupaiidae,Scandentia
2193,TGDAGPVGPPGPPGPPGPPGPPSGGFDFSFLPQPPQEK,1010,1047,0,3875.64515637044,15,2,Tupaia chinensis,Tupaia,,Tupaiidae,Scandentia
2194,AQDGGRYYR,1048,1056,1,1085.51228201773,0,0,Tupaia chinensis,Tupaia,,Tupaiidae,Scandentia
2195,AQDGGRYYR,1048,1056,1,1086.4962980177302,0,1,Tupaia chinensis,Tupaia,,Tupaiidae,Scandentia
2196,AQDGGR,1048,1053,0,603.2845139290299,0,0,Tupaia chinensis,Tupaia,,Tupaiidae,Scandentia
2197,AQDGGR,1048,1053,0,604.2685299290299,0,1,Tupaia chinensis,Tupaia,,Tupaiidae,Scandentia
2198,YYRAR,1054,1058,1,728.3838340474798,0,0,Tupaia chinensis,Tupaia,,Tupaiidae,Scandentia
2199,YYR,1054,1056,0,501.24560923916994,0,0,Tupaia chinensis,Tupaia,,Tupaiidae,Scandentia
2200,AR,1057,1058,0,246.15606595878,0,0,Tupaia chinensis,Tupaia,,Tupaiidae,Scandentia
2201,ARQYDSK,1057,1063,1,867.4319064387099,0,0,Tupaia chinensis,Tupaia,,Tupaiidae,Scandentia
2202,ARQYDSK,1057,1063,1,868.4159224387099,0,1,Tupaia chinensis,Tupaia,,Tupaiidae,Scandentia
2203,ARQYDSK,1057,1063,1,883.4260564387099,1,0,Tupaia chinensis,Tupaia,,Tupaiidae,Scandentia
2204,ARQYDSK,1057,1063,1,884.4100724387099,1,1,Tupaia chinensis,Tupaia,,Tupaiidae,Scandentia
2205,QYDSKGVSLGPGPMGLMGPR,1059,1078,1,2047.0099429009001,0,0,Tupaia chinensis,Tupaia,,Tupaiidae,Scandentia
2206,QYDSKGVSLGPGPMGLMGPR,1059,1078,1,2047.9939589009002,0,1,Tupaia chinensis,Tupaia,,Tupaiidae,Scandentia
2207,QYDSKGVSLGPGPMGLMGPR,1059,1078,1,2063.0040929009,1,0,Tupaia chinensis,Tupaia,,Tupaiidae,Scandentia
2208,QYDSKGVSLGPGPMGLMGPR,1059,1078,1,2063.9881089009,1,1,Tupaia chinensis,Tupaia,,Tupaiidae,Scandentia
2209,QYDSKGVSLGPGPMGLMGPR,1059,1078,1,2078.9982429009,2,0,Tupaia chinensis,Tupaia,,Tupaiidae,Scandentia
2210,QYDSKGVSLGPGPMGLMGPR,1059,1078,1,2079.9822589009,2,1,Tupaia chinensis,Tupaia,,Tupaiidae,Scandentia
2211,QYDSKGVSLGPGPMGLMGPR,1059,1078,1,2094.9923929009,3,0,Tupaia chinensis,Tupaia,,Tupaiidae,Scandentia
2212,QYDSKGVSLGPGPMGLMGPR,1059,1078,1,2095.9764089009,3,1,Tupaia chinensis,Tupaia,,Tupaiidae,Scandentia
2213,QYDSKGVSLGPGPMGLMGPR,1059,1078,1,2110.9865429009,4,0,Tupaia chinensis,Tupaia,,Tupaiidae,Scandentia
2214,QYDSKGVSLGPGPMGLMGPR,1059,1078,1,2111.9705589009,4,1,Tupaia chinensis,Tupaia,,Tupaiidae,Scandentia
2215,QYDSKGVSLGPGPMGLMGPR,1059,1078,1,2126.9806929009,5,0,Tupaia chinensis,Tupaia,,Tupaiidae,Scandentia
2216,QYDSKGVSLGPGPMGLMGPR,1059,1078,1,2127.9647089009,5,1,Tupaia chinensis,Tupaia,,Tupaiidae,Scandentia
2217,QYDSKGVSLGPGPMGLMGPR,1059,1078,1,2142.9748429009,6,0,Tupaia chinensis,Tupaia,,Tupaiidae,Scandentia
2218,QYDSKGVSLGPGPMGLMGPR,1059,1078,1,2143.9588589009,6,1,Tupaia chinensis,Tupaia,,Tupaiidae,Scandentia
2219,QYDSK,1059,1063,0,640.2936816303999,0,0,Tupaia chinensis,Tupaia,,Tupaiidae,Scandentia
2220,QYDSK,1059,1063,0,641.2776976303999,0,1,Tupaia chinensis,Tupaia,,Tupaiidae,Scandentia
2221,QYDSK,1059,1063,0,656.2878316303999,1,0,Tupaia chinensis,Tupaia,,Tupaiidae,Scandentia
2222,QYDSK,1059,1063,0,657.2718476303999,1,1,Tupaia chinensis,Tupaia,,Tupaiidae,Scandentia
2223,GVSLGPGPMGLMGPR,1064,1078,0,1425.73410242097,0,0,Tupaia chinensis,Tupaia,,Tupaiidae,Scandentia
2224,GVSLGPGPMGLMGPR,1064,1078,0,1441.72825242097,1,0,Tupaia chinensis,Tupaia,,Tupaiidae,Scandentia
2225,GVSLGPGPMGLMGPR,1064,1078,0,1457.72240242097,2,0,Tupaia chinensis,Tupaia,,Tupaiidae,Scandentia
2226,GVSLGPGPMGLMGPR,1064,1078,0,1473.71655242097,3,0,Tupaia chinensis,Tupaia,,Tupaiidae,Scandentia
2227,GVSLGPGPMGLMGPR,1064,1078,0,1489.71070242097,4,0,Tupaia chinensis,Tupaia,,Tupaiidae,Scandentia
2228,GVSLGPGPMGLMGPR,1064,1078,0,1505.70485242097,5,0,Tupaia chinensis,Tupaia,,Tupaiidae,Scandentia
2229,GVSLGPGPMGLMGPRGPPGAAGAPGPQGFQGPAGEPGEPGQTGPAGSR,1064,1111,1,4318.08803356264,0,0,Tupaia chinensis,Tupaia,,Tupaiidae,Scandentia
2230,GVSLGPGPMGLMGPRGPPGAAGAPGPQGFQGPAGEPGEPGQTGPAGSR,1064,1111,1,4319.07204956264,0,1,Tupaia chinensis,Tupaia,,Tupaiidae,Scandentia
2231,GVSLGPGPMGLMGPRGPPGAAGAPGPQGFQGPAGEPGEPGQTGPAGSR,1064,1111,1,4320.05606556264,0,2,Tupaia chinensis,Tupaia,,Tupaiidae,Scandentia
2232,GVSLGPGPMGLMGPRGPPGAAGAPGPQGFQGPAGEPGEPGQTGPAGSR,1064,1111,1,4321.04008156264,0,3,Tupaia chinensis,Tupaia,,Tupaiidae,Scandentia
2233,GVSLGPGPMGLMGPRGPPGAAGAPGPQGFQGPAGEPGEPGQTGPAGSR,1064,1111,1,4334.08218356264,1,0,Tupaia chinensis,Tupaia,,Tupaiidae,Scandentia
2234,GVSLGPGPMGLMGPRGPPGAAGAPGPQGFQGPAGEPGEPGQTGPAGSR,1064,1111,1,4335.066199562641,1,1,Tupaia chinensis,Tupaia,,Tupaiidae,Scandentia
2235,GVSLGPGPMGLMGPRGPPGAAGAPGPQGFQGPAGEPGEPGQTGPAGSR,1064,1111,1,4336.05021556264,1,2,Tupaia chinensis,Tupaia,,Tupaiidae,Scandentia
2236,GVSLGPGPMGLMGPRGPPGAAGAPGPQGFQGPAGEPGEPGQTGPAGSR,1064,1111,1,4337.03423156264,1,3,Tupaia chinensis,Tupaia,,Tupaiidae,Scandentia
2237,GVSLGPGPMGLMGPRGPPGAAGAPGPQGFQGPAGEPGEPGQTGPAGSR,1064,1111,1,4350.07633356264,2,0,Tupaia chinensis,Tupaia,,Tupaiidae,Scandentia
2238,GVSLGPGPMGLMGPRGPPGAAGAPGPQGFQGPAGEPGEPGQTGPAGSR,1064,1111,1,4351.06034956264,2,1,Tupaia chinensis,Tupaia,,Tupaiidae,Scandentia
2239,GVSLGPGPMGLMGPRGPPGAAGAPGPQGFQGPAGEPGEPGQTGPAGSR,1064,1111,1,4352.0443655626395,2,2,Tupaia chinensis,Tupaia,,Tupaiidae,Scandentia
2240,GVSLGPGPMGLMGPRGPPGAAGAPGPQGFQGPAGEPGEPGQTGPAGSR,1064,1111,1,4353.02838156264,2,3,Tupaia chinensis,Tupaia,,Tupaiidae,Scandentia
2241,GVSLGPGPMGLMGPRGPPGAAGAPGPQGFQGPAGEPGEPGQTGPAGSR,1064,1111,1,4366.07048356264,3,0,Tupaia chinensis,Tupaia,,Tupaiidae,Scandentia
2242,GVSLGPGPMGLMGPRGPPGAAGAPGPQGFQGPAGEPGEPGQTGPAGSR,1064,1111,1,4367.054499562641,3,1,Tupaia chinensis,Tupaia,,Tupaiidae,Scandentia
2243,GVSLGPGPMGLMGPRGPPGAAGAPGPQGFQGPAGEPGEPGQTGPAGSR,1064,1111,1,4368.03851556264,3,2,Tupaia chinensis,Tupaia,,Tupaiidae,Scandentia
2244,GVSLGPGPMGLMGPRGPPGAAGAPGPQGFQGPAGEPGEPGQTGPAGSR,1064,1111,1,4369.02253156264,3,3,Tupaia chinensis,Tupaia,,Tupaiidae,Scandentia
2245,GVSLGPGPMGLMGPRGPPGAAGAPGPQGFQGPAGEPGEPGQTGPAGSR,1064,1111,1,4382.06463356264,4,0,Tupaia chinensis,Tupaia,,Tupaiidae,Scandentia
2246,GVSLGPGPMGLMGPRGPPGAAGAPGPQGFQGPAGEPGEPGQTGPAGSR,1064,1111,1,4383.04864956264,4,1,Tupaia chinensis,Tupaia,,Tupaiidae,Scandentia
2247,GVSLGPGPMGLMGPRGPPGAAGAPGPQGFQGPAGEPGEPGQTGPAGSR,1064,1111,1,4384.0326655626395,4,2,Tupaia chinensis,Tupaia,,Tupaiidae,Scandentia
2248,GVSLGPGPMGLMGPRGPPGAAGAPGPQGFQGPAGEPGEPGQTGPAGSR,1064,1111,1,4385.01668156264,4,3,Tupaia chinensis,Tupaia,,Tupaiidae,Scandentia
2249,GVSLGPGPMGLMGPRGPPGAAGAPGPQGFQGPAGEPGEPGQTGPAGSR,1064,1111,1,4398.05878356264,5,0,Tupaia chinensis,Tupaia,,Tupaiidae,Scandentia
2250,GVSLGPGPMGLMGPRGPPGAAGAPGPQGFQGPAGEPGEPGQTGPAGSR,1064,1111,1,4399.0427995626405,5,1,Tupaia chinensis,Tupaia,,Tupaiidae,Scandentia
2251,GVSLGPGPMGLMGPRGPPGAAGAPGPQGFQGPAGEPGEPGQTGPAGSR,1064,1111,1,4400.02681556264,5,2,Tupaia chinensis,Tupaia,,Tupaiidae,Scandentia
2252,GVSLGPGPMGLMGPRGPPGAAGAPGPQGFQGPAGEPGEPGQTGPAGSR,1064,1111,1,4401.01083156264,5,3,Tupaia chinensis,Tupaia,,Tupaiidae,Scandentia
2253,GVSLGPGPMGLMGPRGPPGAAGAPGPQGFQGPAGEPGEPGQTGPAGSR,1064,1111,1,4414.05293356264,6,0,Tupaia chinensis,Tupaia,,Tupaiidae,Scandentia
2254,GVSLGPGPMGLMGPRGPPGAAGAPGPQGFQGPAGEPGEPGQTGPAGSR,1064,1111,1,4415.03694956264,6,1,Tupaia chinensis,Tupaia,,Tupaiidae,Scandentia
2255,GVSLGPGPMGLMGPRGPPGAAGAPGPQGFQGPAGEPGEPGQTGPAGSR,1064,1111,1,4416.0209655626395,6,2,Tupaia chinensis,Tupaia,,Tupaiidae,Scandentia
2256,GVSLGPGPMGLMGPRGPPGAAGAPGPQGFQGPAGEPGEPGQTGPAGSR,1064,1111,1,4417.00498156264,6,3,Tupaia chinensis,Tupaia,,Tupaiidae,Scandentia
2257,GVSLGPGPMGLMGPRGPPGAAGAPGPQGFQGPAGEPGEPGQTGPAGSR,1064,1111,1,4430.04708356264,7,0,Tupaia chinensis,Tupaia,,Tupaiidae,Scandentia
2258,GVSLGPGPMGLMGPRGPPGAAGAPGPQGFQGPAGEPGEPGQTGPAGSR,1064,1111,1,4431.0310995626405,7,1,Tupaia chinensis,Tupaia,,Tupaiidae,Scandentia
2259,GVSLGPGPMGLMGPRGPPGAAGAPGPQGFQGPAGEPGEPGQTGPAGSR,1064,1111,1,4432.01511556264,7,2,Tupaia chinensis,Tupaia,,Tupaiidae,Scandentia
2260,GVSLGPGPMGLMGPRGPPGAAGAPGPQGFQGPAGEPGEPGQTGPAGSR,1064,1111,1,4432.99913156264,7,3,Tupaia chinensis,Tupaia,,Tupaiidae,Scandentia
2261,GVSLGPGPMGLMGPRGPPGAAGAPGPQGFQGPAGEPGEPGQTGPAGSR,1064,1111,1,4446.04123356264,8,0,Tupaia chinensis,Tupaia,,Tupaiidae,Scandentia
2262,GVSLGPGPMGLMGPRGPPGAAGAPGPQGFQGPAGEPGEPGQTGPAGSR,1064,1111,1,4447.02524956264,8,1,Tupaia chinensis,Tupaia,,Tupaiidae,Scandentia
2263,GVSLGPGPMGLMGPRGPPGAAGAPGPQGFQGPAGEPGEPGQTGPAGSR,1064,1111,1,4448.0092655626395,8,2,Tupaia chinensis,Tupaia,,Tupaiidae,Scandentia
2264,GVSLGPGPMGLMGPRGPPGAAGAPGPQGFQGPAGEPGEPGQTGPAGSR,1064,1111,1,4448.99328156264,8,3,Tupaia chinensis,Tupaia,,Tupaiidae,Scandentia
2265,GVSLGPGPMGLMGPRGPPGAAGAPGPQGFQGPAGEPGEPGQTGPAGSR,1064,1111,1,4462.03538356264,9,0,Tupaia chinensis,Tupaia,,Tupaiidae,Scandentia
2266,GVSLGPGPMGLMGPRGPPGAAGAPGPQGFQGPAGEPGEPGQTGPAGSR,1064,1111,1,4463.0193995626405,9,1,Tupaia chinensis,Tupaia,,Tupaiidae,Scandentia
2267,GVSLGPGPMGLMGPRGPPGAAGAPGPQGFQGPAGEPGEPGQTGPAGSR,1064,1111,1,4464.00341556264,9,2,Tupaia chinensis,Tupaia,,Tupaiidae,Scandentia
2268,GVSLGPGPMGLMGPRGPPGAAGAPGPQGFQGPAGEPGEPGQTGPAGSR,1064,1111,1,4464.98743156264,9,3,Tupaia chinensis,Tupaia,,Tupaiidae,Scandentia
2269,GVSLGPGPMGLMGPRGPPGAAGAPGPQGFQGPAGEPGEPGQTGPAGSR,1064,1111,1,4478.02953356264,10,0,Tupaia chinensis,Tupaia,,Tupaiidae,Scandentia
2270,GVSLGPGPMGLMGPRGPPGAAGAPGPQGFQGPAGEPGEPGQTGPAGSR,1064,1111,1,4479.01354956264,10,1,Tupaia chinensis,Tupaia,,Tupaiidae,Scandentia
2271,GVSLGPGPMGLMGPRGPPGAAGAPGPQGFQGPAGEPGEPGQTGPAGSR,1064,1111,1,4479.9975655626395,10,2,Tupaia chinensis,Tupaia,,Tupaiidae,Scandentia
2272,GVSLGPGPMGLMGPRGPPGAAGAPGPQGFQGPAGEPGEPGQTGPAGSR,1064,1111,1,4480.98158156264,10,3,Tupaia chinensis,Tupaia,,Tupaiidae,Scandentia
2273,GVSLGPGPMGLMGPRGPPGAAGAPGPQGFQGPAGEPGEPGQTGPAGSR,1064,1111,1,4494.02368356264,11,0,Tupaia chinensis,Tupaia,,Tupaiidae,Scandentia
2274,GVSLGPGPMGLMGPRGPPGAAGAPGPQGFQGPAGEPGEPGQTGPAGSR,1064,1111,1,4495.0076995626405,11,1,Tupaia chinensis,Tupaia,,Tupaiidae,Scandentia
2275,GVSLGPGPMGLMGPRGPPGAAGAPGPQGFQGPAGEPGEPGQTGPAGSR,1064,1111,1,4495.99171556264,11,2,Tupaia chinensis,Tupaia,,Tupaiidae,Scandentia
2276,GVSLGPGPMGLMGPRGPPGAAGAPGPQGFQGPAGEPGEPGQTGPAGSR,1064,1111,1,4496.97573156264,11,3,Tupaia chinensis,Tupaia,,Tupaiidae,Scandentia
2277,GVSLGPGPMGLMGPRGPPGAAGAPGPQGFQGPAGEPGEPGQTGPAGSR,1064,1111,1,4510.01783356264,12,0,Tupaia chinensis,Tupaia,,Tupaiidae,Scandentia
2278,GVSLGPGPMGLMGPRGPPGAAGAPGPQGFQGPAGEPGEPGQTGPAGSR,1064,1111,1,4511.00184956264,12,1,Tupaia chinensis,Tupaia,,Tupaiidae,Scandentia
2279,GVSLGPGPMGLMGPRGPPGAAGAPGPQGFQGPAGEPGEPGQTGPAGSR,1064,1111,1,4511.985865562639,12,2,Tupaia chinensis,Tupaia,,Tupaiidae,Scandentia
2280,GVSLGPGPMGLMGPRGPPGAAGAPGPQGFQGPAGEPGEPGQTGPAGSR,1064,1111,1,4512.96988156264,12,3,Tupaia chinensis,Tupaia,,Tupaiidae,Scandentia
2281,GVSLGPGPMGLMGPRGPPGAAGAPGPQGFQGPAGEPGEPGQTGPAGSR,1064,1111,1,4526.01198356264,13,0,Tupaia chinensis,Tupaia,,Tupaiidae,Scandentia
2282,GVSLGPGPMGLMGPRGPPGAAGAPGPQGFQGPAGEPGEPGQTGPAGSR,1064,1111,1,4526.9959995626405,13,1,Tupaia chinensis,Tupaia,,Tupaiidae,Scandentia
2283,GVSLGPGPMGLMGPRGPPGAAGAPGPQGFQGPAGEPGEPGQTGPAGSR,1064,1111,1,4527.98001556264,13,2,Tupaia chinensis,Tupaia,,Tupaiidae,Scandentia
2284,GVSLGPGPMGLMGPRGPPGAAGAPGPQGFQGPAGEPGEPGQTGPAGSR,1064,1111,1,4528.96403156264,13,3,Tupaia chinensis,Tupaia,,Tupaiidae,Scandentia
2285,GPPGAAGAPGPQGFQGPAGEPGEPGQTGPAGSRGPAGPPGK,1079,1119,1,3572.7265317991096,0,0,Tupaia chinensis,Tupaia,,Tupaiidae,Scandentia
2286,GPPGAAGAPGPQGFQGPAGEPGEPGQTGPAGSRGPAGPPGK,1079,1119,1,3573.7105477991095,0,1,Tupaia chinensis,Tupaia,,Tupaiidae,Scandentia
2287,GPPGAAGAPGPQGFQGPAGEPGEPGQTGPAGSRGPAGPPGK,1079,1119,1,3574.69456379911,0,2,Tupaia chinensis,Tupaia,,Tupaiidae,Scandentia
2288,GPPGAAGAPGPQGFQGPAGEPGEPGQTGPAGSRGPAGPPGK,1079,1119,1,3575.6785797991097,0,3,Tupaia chinensis,Tupaia,,Tupaiidae,Scandentia
2289,GPPGAAGAPGPQGFQGPAGEPGEPGQTGPAGSRGPAGPPGK,1079,1119,1,3588.7206817991096,1,0,Tupaia chinensis,Tupaia,,Tupaiidae,Scandentia
2290,GPPGAAGAPGPQGFQGPAGEPGEPGQTGPAGSRGPAGPPGK,1079,1119,1,3589.7046977991095,1,1,Tupaia chinensis,Tupaia,,Tupaiidae,Scandentia
2291,GPPGAAGAPGPQGFQGPAGEPGEPGQTGPAGSRGPAGPPGK,1079,1119,1,3590.68871379911,1,2,Tupaia chinensis,Tupaia,,Tupaiidae,Scandentia
2292,GPPGAAGAPGPQGFQGPAGEPGEPGQTGPAGSRGPAGPPGK,1079,1119,1,3591.6727297991097,1,3,Tupaia chinensis,Tupaia,,Tupaiidae,Scandentia
2293,GPPGAAGAPGPQGFQGPAGEPGEPGQTGPAGSRGPAGPPGK,1079,1119,1,3604.7148317991096,2,0,Tupaia chinensis,Tupaia,,Tupaiidae,Scandentia
2294,GPPGAAGAPGPQGFQGPAGEPGEPGQTGPAGSRGPAGPPGK,1079,1119,1,3605.6988477991094,2,1,Tupaia chinensis,Tupaia,,Tupaiidae,Scandentia
2295,GPPGAAGAPGPQGFQGPAGEPGEPGQTGPAGSRGPAGPPGK,1079,1119,1,3606.68286379911,2,2,Tupaia chinensis,Tupaia,,Tupaiidae,Scandentia
2296,GPPGAAGAPGPQGFQGPAGEPGEPGQTGPAGSRGPAGPPGK,1079,1119,1,3607.6668797991097,2,3,Tupaia chinensis,Tupaia,,Tupaiidae,Scandentia
2297,GPPGAAGAPGPQGFQGPAGEPGEPGQTGPAGSRGPAGPPGK,1079,1119,1,3620.7089817991096,3,0,Tupaia chinensis,Tupaia,,Tupaiidae,Scandentia
2298,GPPGAAGAPGPQGFQGPAGEPGEPGQTGPAGSRGPAGPPGK,1079,1119,1,3621.6929977991094,3,1,Tupaia chinensis,Tupaia,,Tupaiidae,Scandentia
2299,GPPGAAGAPGPQGFQGPAGEPGEPGQTGPAGSRGPAGPPGK,1079,1119,1,3622.67701379911,3,2,Tupaia chinensis,Tupaia,,Tupaiidae,Scandentia
2300,GPPGAAGAPGPQGFQGPAGEPGEPGQTGPAGSRGPAGPPGK,1079,1119,1,3623.6610297991097,3,3,Tupaia chinensis,Tupaia,,Tupaiidae,Scandentia
2301,GPPGAAGAPGPQGFQGPAGEPGEPGQTGPAGSRGPAGPPGK,1079,1119,1,3636.7031317991095,4,0,Tupaia chinensis,Tupaia,,Tupaiidae,Scandentia
2302,GPPGAAGAPGPQGFQGPAGEPGEPGQTGPAGSRGPAGPPGK,1079,1119,1,3637.6871477991094,4,1,Tupaia chinensis,Tupaia,,Tupaiidae,Scandentia
2303,GPPGAAGAPGPQGFQGPAGEPGEPGQTGPAGSRGPAGPPGK,1079,1119,1,3638.6711637991098,4,2,Tupaia chinensis,Tupaia,,Tupaiidae,Scandentia
2304,GPPGAAGAPGPQGFQGPAGEPGEPGQTGPAGSRGPAGPPGK,1079,1119,1,3639.6551797991096,4,3,Tupaia chinensis,Tupaia,,Tupaiidae,Scandentia
2305,GPPGAAGAPGPQGFQGPAGEPGEPGQTGPAGSRGPAGPPGK,1079,1119,1,3652.6972817991095,5,0,Tupaia chinensis,Tupaia,,Tupaiidae,Scandentia
2306,GPPGAAGAPGPQGFQGPAGEPGEPGQTGPAGSRGPAGPPGK,1079,1119,1,3653.6812977991094,5,1,Tupaia chinensis,Tupaia,,Tupaiidae,Scandentia
2307,GPPGAAGAPGPQGFQGPAGEPGEPGQTGPAGSRGPAGPPGK,1079,1119,1,3654.6653137991098,5,2,Tupaia chinensis,Tupaia,,Tupaiidae,Scandentia
2308,GPPGAAGAPGPQGFQGPAGEPGEPGQTGPAGSRGPAGPPGK,1079,1119,1,3655.6493297991096,5,3,Tupaia chinensis,Tupaia,,Tupaiidae,Scandentia
2309,GPPGAAGAPGPQGFQGPAGEPGEPGQTGPAGSRGPAGPPGK,1079,1119,1,3668.6914317991095,6,0,Tupaia chinensis,Tupaia,,Tupaiidae,Scandentia
2310,GPPGAAGAPGPQGFQGPAGEPGEPGQTGPAGSRGPAGPPGK,1079,1119,1,3669.6754477991094,6,1,Tupaia chinensis,Tupaia,,Tupaiidae,Scandentia
2311,GPPGAAGAPGPQGFQGPAGEPGEPGQTGPAGSRGPAGPPGK,1079,1119,1,3670.6594637991097,6,2,Tupaia chinensis,Tupaia,,Tupaiidae,Scandentia
2312,GPPGAAGAPGPQGFQGPAGEPGEPGQTGPAGSRGPAGPPGK,1079,1119,1,3671.6434797991096,6,3,Tupaia chinensis,Tupaia,,Tupaiidae,Scandentia
2313,GPPGAAGAPGPQGFQGPAGEPGEPGQTGPAGSRGPAGPPGK,1079,1119,1,3684.6855817991095,7,0,Tupaia chinensis,Tupaia,,Tupaiidae,Scandentia
2314,GPPGAAGAPGPQGFQGPAGEPGEPGQTGPAGSRGPAGPPGK,1079,1119,1,3685.6695977991094,7,1,Tupaia chinensis,Tupaia,,Tupaiidae,Scandentia
2315,GPPGAAGAPGPQGFQGPAGEPGEPGQTGPAGSRGPAGPPGK,1079,1119,1,3686.6536137991097,7,2,Tupaia chinensis,Tupaia,,Tupaiidae,Scandentia
2316,GPPGAAGAPGPQGFQGPAGEPGEPGQTGPAGSRGPAGPPGK,1079,1119,1,3687.6376297991096,7,3,Tupaia chinensis,Tupaia,,Tupaiidae,Scandentia
2317,GPPGAAGAPGPQGFQGPAGEPGEPGQTGPAGSRGPAGPPGK,1079,1119,1,3700.6797317991095,8,0,Tupaia chinensis,Tupaia,,Tupaiidae,Scandentia
2318,GPPGAAGAPGPQGFQGPAGEPGEPGQTGPAGSRGPAGPPGK,1079,1119,1,3701.6637477991094,8,1,Tupaia chinensis,Tupaia,,Tupaiidae,Scandentia
2319,GPPGAAGAPGPQGFQGPAGEPGEPGQTGPAGSRGPAGPPGK,1079,1119,1,3702.6477637991097,8,2,Tupaia chinensis,Tupaia,,Tupaiidae,Scandentia
2320,GPPGAAGAPGPQGFQGPAGEPGEPGQTGPAGSRGPAGPPGK,1079,1119,1,3703.6317797991096,8,3,Tupaia chinensis,Tupaia,,Tupaiidae,Scandentia
2321,GPPGAAGAPGPQGFQGPAGEPGEPGQTGPAGSRGPAGPPGK,1079,1119,1,3716.6738817991095,9,0,Tupaia chinensis,Tupaia,,Tupaiidae,Scandentia
2322,GPPGAAGAPGPQGFQGPAGEPGEPGQTGPAGSRGPAGPPGK,1079,1119,1,3717.6578977991094,9,1,Tupaia chinensis,Tupaia,,Tupaiidae,Scandentia
2323,GPPGAAGAPGPQGFQGPAGEPGEPGQTGPAGSRGPAGPPGK,1079,1119,1,3718.6419137991097,9,2,Tupaia chinensis,Tupaia,,Tupaiidae,Scandentia
2324,GPPGAAGAPGPQGFQGPAGEPGEPGQTGPAGSRGPAGPPGK,1079,1119,1,3719.6259297991096,9,3,Tupaia chinensis,Tupaia,,Tupaiidae,Scandentia
2325,GPPGAAGAPGPQGFQGPAGEPGEPGQTGPAGSRGPAGPPGK,1079,1119,1,3732.6680317991095,10,0,Tupaia chinensis,Tupaia,,Tupaiidae,Scandentia
2326,GPPGAAGAPGPQGFQGPAGEPGEPGQTGPAGSRGPAGPPGK,1079,1119,1,3733.6520477991094,10,1,Tupaia chinensis,Tupaia,,Tupaiidae,Scandentia
2327,GPPGAAGAPGPQGFQGPAGEPGEPGQTGPAGSRGPAGPPGK,1079,1119,1,3734.6360637991097,10,2,Tupaia chinensis,Tupaia,,Tupaiidae,Scandentia
2328,GPPGAAGAPGPQGFQGPAGEPGEPGQTGPAGSRGPAGPPGK,1079,1119,1,3735.6200797991096,10,3,Tupaia chinensis,Tupaia,,Tupaiidae,Scandentia
2329,GPPGAAGAPGPQGFQGPAGEPGEPGQTGPAGSRGPAGPPGK,1079,1119,1,3748.6621817991095,11,0,Tupaia chinensis,Tupaia,,Tupaiidae,Scandentia
2330,GPPGAAGAPGPQGFQGPAGEPGEPGQTGPAGSRGPAGPPGK,1079,1119,1,3749.6461977991094,11,1,Tupaia chinensis,Tupaia,,Tupaiidae,Scandentia
2331,GPPGAAGAPGPQGFQGPAGEPGEPGQTGPAGSRGPAGPPGK,1079,1119,1,3750.6302137991097,11,2,Tupaia chinensis,Tupaia,,Tupaiidae,Scandentia
2332,GPPGAAGAPGPQGFQGPAGEPGEPGQTGPAGSRGPAGPPGK,1079,1119,1,3751.6142297991096,11,3,Tupaia chinensis,Tupaia,,Tupaiidae,Scandentia
2333,GPPGAAGAPGPQGFQGPAGEPGEPGQTGPAGSRGPAGPPGK,1079,1119,1,3764.6563317991095,12,0,Tupaia chinensis,Tupaia,,Tupaiidae,Scandentia
2334,GPPGAAGAPGPQGFQGPAGEPGEPGQTGPAGSRGPAGPPGK,1079,1119,1,3765.6403477991093,12,1,Tupaia chinensis,Tupaia,,Tupaiidae,Scandentia
2335,GPPGAAGAPGPQGFQGPAGEPGEPGQTGPAGSRGPAGPPGK,1079,1119,1,3766.6243637991097,12,2,Tupaia chinensis,Tupaia,,Tupaiidae,Scandentia
2336,GPPGAAGAPGPQGFQGPAGEPGEPGQTGPAGSRGPAGPPGK,1079,1119,1,3767.6083797991096,12,3,Tupaia chinensis,Tupaia,,Tupaiidae,Scandentia
2337,GPPGAAGAPGPQGFQGPAGEPGEPGQTGPAGSR,1079,1111,0,2911.3717722921397,0,0,Tupaia chinensis,Tupaia,,Tupaiidae,Scandentia
2338,GPPGAAGAPGPQGFQGPAGEPGEPGQTGPAGSR,1079,1111,0,2912.3557882921396,0,1,Tupaia chinensis,Tupaia,,Tupaiidae,Scandentia
2339,GPPGAAGAPGPQGFQGPAGEPGEPGQTGPAGSR,1079,1111,0,2913.33980429214,0,2,Tupaia chinensis,Tupaia,,Tupaiidae,Scandentia
2340,GPPGAAGAPGPQGFQGPAGEPGEPGQTGPAGSR,1079,1111,0,2914.3238202921398,0,3,Tupaia chinensis,Tupaia,,Tupaiidae,Scandentia
2341,GPPGAAGAPGPQGFQGPAGEPGEPGQTGPAGSR,1079,1111,0,2927.3659222921397,1,0,Tupaia chinensis,Tupaia,,Tupaiidae,Scandentia
2342,GPPGAAGAPGPQGFQGPAGEPGEPGQTGPAGSR,1079,1111,0,2928.3499382921395,1,1,Tupaia chinensis,Tupaia,,Tupaiidae,Scandentia
2343,GPPGAAGAPGPQGFQGPAGEPGEPGQTGPAGSR,1079,1111,0,2929.33395429214,1,2,Tupaia chinensis,Tupaia,,Tupaiidae,Scandentia
2344,GPPGAAGAPGPQGFQGPAGEPGEPGQTGPAGSR,1079,1111,0,2930.3179702921398,1,3,Tupaia chinensis,Tupaia,,Tupaiidae,Scandentia
2345,GPPGAAGAPGPQGFQGPAGEPGEPGQTGPAGSR,1079,1111,0,2943.3600722921396,2,0,Tupaia chinensis,Tupaia,,Tupaiidae,Scandentia
2346,GPPGAAGAPGPQGFQGPAGEPGEPGQTGPAGSR,1079,1111,0,2944.3440882921395,2,1,Tupaia chinensis,Tupaia,,Tupaiidae,Scandentia
2347,GPPGAAGAPGPQGFQGPAGEPGEPGQTGPAGSR,1079,1111,0,2945.32810429214,2,2,Tupaia chinensis,Tupaia,,Tupaiidae,Scandentia
2348,GPPGAAGAPGPQGFQGPAGEPGEPGQTGPAGSR,1079,1111,0,2946.3121202921398,2,3,Tupaia chinensis,Tupaia,,Tupaiidae,Scandentia
2349,GPPGAAGAPGPQGFQGPAGEPGEPGQTGPAGSR,1079,1111,0,2959.3542222921396,3,0,Tupaia chinensis,Tupaia,,Tupaiidae,Scandentia
2350,GPPGAAGAPGPQGFQGPAGEPGEPGQTGPAGSR,1079,1111,0,2960.3382382921395,3,1,Tupaia chinensis,Tupaia,,Tupaiidae,Scandentia
2351,GPPGAAGAPGPQGFQGPAGEPGEPGQTGPAGSR,1079,1111,0,2961.32225429214,3,2,Tupaia chinensis,Tupaia,,Tupaiidae,Scandentia
2352,GPPGAAGAPGPQGFQGPAGEPGEPGQTGPAGSR,1079,1111,0,2962.3062702921397,3,3,Tupaia chinensis,Tupaia,,Tupaiidae,Scandentia
2353,GPPGAAGAPGPQGFQGPAGEPGEPGQTGPAGSR,1079,1111,0,2975.3483722921396,4,0,Tupaia chinensis,Tupaia,,Tupaiidae,Scandentia
2354,GPPGAAGAPGPQGFQGPAGEPGEPGQTGPAGSR,1079,1111,0,2976.3323882921395,4,1,Tupaia chinensis,Tupaia,,Tupaiidae,Scandentia
2355,GPPGAAGAPGPQGFQGPAGEPGEPGQTGPAGSR,1079,1111,0,2977.31640429214,4,2,Tupaia chinensis,Tupaia,,Tupaiidae,Scandentia
2356,GPPGAAGAPGPQGFQGPAGEPGEPGQTGPAGSR,1079,1111,0,2978.3004202921397,4,3,Tupaia chinensis,Tupaia,,Tupaiidae,Scandentia
2357,GPPGAAGAPGPQGFQGPAGEPGEPGQTGPAGSR,1079,1111,0,2991.3425222921396,5,0,Tupaia chinensis,Tupaia,,Tupaiidae,Scandentia
2358,GPPGAAGAPGPQGFQGPAGEPGEPGQTGPAGSR,1079,1111,0,2992.3265382921395,5,1,Tupaia chinensis,Tupaia,,Tupaiidae,Scandentia
2359,GPPGAAGAPGPQGFQGPAGEPGEPGQTGPAGSR,1079,1111,0,2993.31055429214,5,2,Tupaia chinensis,Tupaia,,Tupaiidae,Scandentia
2360,GPPGAAGAPGPQGFQGPAGEPGEPGQTGPAGSR,1079,1111,0,2994.2945702921397,5,3,Tupaia chinensis,Tupaia,,Tupaiidae,Scandentia
2361,GPPGAAGAPGPQGFQGPAGEPGEPGQTGPAGSR,1079,1111,0,3007.3366722921396,6,0,Tupaia chinensis,Tupaia,,Tupaiidae,Scandentia
2362,GPPGAAGAPGPQGFQGPAGEPGEPGQTGPAGSR,1079,1111,0,3008.3206882921395,6,1,Tupaia chinensis,Tupaia,,Tupaiidae,Scandentia
2363,GPPGAAGAPGPQGFQGPAGEPGEPGQTGPAGSR,1079,1111,0,3009.30470429214,6,2,Tupaia chinensis,Tupaia,,Tupaiidae,Scandentia
2364,GPPGAAGAPGPQGFQGPAGEPGEPGQTGPAGSR,1079,1111,0,3010.2887202921397,6,3,Tupaia chinensis,Tupaia,,Tupaiidae,Scandentia
2365,GPPGAAGAPGPQGFQGPAGEPGEPGQTGPAGSR,1079,1111,0,3023.3308222921396,7,0,Tupaia chinensis,Tupaia,,Tupaiidae,Scandentia
2366,GPPGAAGAPGPQGFQGPAGEPGEPGQTGPAGSR,1079,1111,0,3024.3148382921395,7,1,Tupaia chinensis,Tupaia,,Tupaiidae,Scandentia
2367,GPPGAAGAPGPQGFQGPAGEPGEPGQTGPAGSR,1079,1111,0,3025.29885429214,7,2,Tupaia chinensis,Tupaia,,Tupaiidae,Scandentia
2368,GPPGAAGAPGPQGFQGPAGEPGEPGQTGPAGSR,1079,1111,0,3026.2828702921397,7,3,Tupaia chinensis,Tupaia,,Tupaiidae,Scandentia
2369,GPPGAAGAPGPQGFQGPAGEPGEPGQTGPAGSR,1079,1111,0,3039.3249722921396,8,0,Tupaia chinensis,Tupaia,,Tupaiidae,Scandentia
2370,GPPGAAGAPGPQGFQGPAGEPGEPGQTGPAGSR,1079,1111,0,3040.3089882921395,8,1,Tupaia chinensis,Tupaia,,Tupaiidae,Scandentia
2371,GPPGAAGAPGPQGFQGPAGEPGEPGQTGPAGSR,1079,1111,0,3041.29300429214,8,2,Tupaia chinensis,Tupaia,,Tupaiidae,Scandentia
2372,GPPGAAGAPGPQGFQGPAGEPGEPGQTGPAGSR,1079,1111,0,3042.2770202921397,8,3,Tupaia chinensis,Tupaia,,Tupaiidae,Scandentia
2373,GPAGPPGK,1112,1119,0,680.37260065744,0,0,Tupaia chinensis,Tupaia,,Tupaiidae,Scandentia
2374,GPAGPPGK,1112,1119,0,696.36675065744,1,0,Tupaia chinensis,Tupaia,,Tupaiidae,Scandentia
2375,GPAGPPGK,1112,1119,0,712.36090065744,2,0,Tupaia chinensis,Tupaia,,Tupaiidae,Scandentia
2376,GPAGPPGK,1112,1119,0,728.35505065744,3,0,Tupaia chinensis,Tupaia,,Tupaiidae,Scandentia
2377,GPAGPPGK,1112,1119,0,744.34920065744,4,0,Tupaia chinensis,Tupaia,,Tupaiidae,Scandentia
2378,GPAGPPGKAGEDGHPGKPGRPGER,1112,1135,1,2278.1435507109695,0,0,Tupaia chinensis,Tupaia,,Tupaiidae,Scandentia
2379,GPAGPPGKAGEDGHPGKPGRPGER,1112,1135,1,2294.1377007109695,1,0,Tupaia chinensis,Tupaia,,Tupaiidae,Scandentia
2380,GPAGPPGKAGEDGHPGKPGRPGER,1112,1135,1,2310.1318507109695,2,0,Tupaia chinensis,Tupaia,,Tupaiidae,Scandentia
2381,GPAGPPGKAGEDGHPGKPGRPGER,1112,1135,1,2326.1260007109695,3,0,Tupaia chinensis,Tupaia,,Tupaiidae,Scandentia
2382,GPAGPPGKAGEDGHPGKPGRPGER,1112,1135,1,2342.1201507109695,4,0,Tupaia chinensis,Tupaia,,Tupaiidae,Scandentia
2383,GPAGPPGKAGEDGHPGKPGRPGER,1112,1135,1,2358.1143007109695,5,0,Tupaia chinensis,Tupaia,,Tupaiidae,Scandentia
2384,GPAGPPGKAGEDGHPGKPGRPGER,1112,1135,1,2374.1084507109695,6,0,Tupaia chinensis,Tupaia,,Tupaiidae,Scandentia
2385,GPAGPPGKAGEDGHPGKPGRPGER,1112,1135,1,2390.1026007109695,7,0,Tupaia chinensis,Tupaia,,Tupaiidae,Scandentia
2386,GPAGPPGKAGEDGHPGKPGRPGER,1112,1135,1,2406.0967507109694,8,0,Tupaia chinensis,Tupaia,,Tupaiidae,Scandentia
2387,AGEDGHPGKPGRPGER,1120,1135,0,1616.788791204,0,0,Tupaia chinensis,Tupaia,,Tupaiidae,Scandentia
2388,AGEDGHPGKPGRPGER,1120,1135,0,1632.782941204,1,0,Tupaia chinensis,Tupaia,,Tupaiidae,Scandentia
2389,AGEDGHPGKPGRPGER,1120,1135,0,1648.777091204,2,0,Tupaia chinensis,Tupaia,,Tupaiidae,Scandentia
2390,AGEDGHPGKPGRPGER,1120,1135,0,1664.771241204,3,0,Tupaia chinensis,Tupaia,,Tupaiidae,Scandentia
2391,AGEDGHPGKPGRPGER,1120,1135,0,1680.765391204,4,0,Tupaia chinensis,Tupaia,,Tupaiidae,Scandentia
2392,AGEDGHPGKPGRPGERGVVGPQGAR,1120,1144,1,2438.23957635413,0,0,Tupaia chinensis,Tupaia,,Tupaiidae,Scandentia
2393,AGEDGHPGKPGRPGERGVVGPQGAR,1120,1144,1,2439.22359235413,0,1,Tupaia chinensis,Tupaia,,Tupaiidae,Scandentia
2394,AGEDGHPGKPGRPGERGVVGPQGAR,1120,1144,1,2454.23372635413,1,0,Tupaia chinensis,Tupaia,,Tupaiidae,Scandentia
2395,AGEDGHPGKPGRPGERGVVGPQGAR,1120,1144,1,2455.2177423541298,1,1,Tupaia chinensis,Tupaia,,Tupaiidae,Scandentia
2396,AGEDGHPGKPGRPGERGVVGPQGAR,1120,1144,1,2470.22787635413,2,0,Tupaia chinensis,Tupaia,,Tupaiidae,Scandentia
2397,AGEDGHPGKPGRPGERGVVGPQGAR,1120,1144,1,2471.2118923541298,2,1,Tupaia chinensis,Tupaia,,Tupaiidae,Scandentia
2398,AGEDGHPGKPGRPGERGVVGPQGAR,1120,1144,1,2486.22202635413,3,0,Tupaia chinensis,Tupaia,,Tupaiidae,Scandentia
2399,AGEDGHPGKPGRPGERGVVGPQGAR,1120,1144,1,2487.2060423541297,3,1,Tupaia chinensis,Tupaia,,Tupaiidae,Scandentia
2400,AGEDGHPGKPGRPGERGVVGPQGAR,1120,1144,1,2502.21617635413,4,0,Tupaia chinensis,Tupaia,,Tupaiidae,Scandentia
2401,AGEDGHPGKPGRPGERGVVGPQGAR,1120,1144,1,2503.2001923541297,4,1,Tupaia chinensis,Tupaia,,Tupaiidae,Scandentia
2402,AGEDGHPGKPGRPGERGVVGPQGAR,1120,1144,1,2518.21032635413,5,0,Tupaia chinensis,Tupaia,,Tupaiidae,Scandentia
2403,AGEDGHPGKPGRPGERGVVGPQGAR,1120,1144,1,2519.1943423541297,5,1,Tupaia chinensis,Tupaia,,Tupaiidae,Scandentia
2404,GVVGPQGAR,1136,1144,0,840.4686263005999,0,0,Tupaia chinensis,Tupaia,,Tupaiidae,Scandentia
2405,GVVGPQGAR,1136,1144,0,841.4526423005999,0,1,Tupaia chinensis,Tupaia,,Tupaiidae,Scandentia
2406,GVVGPQGAR,1136,1144,0,856.4627763005999,1,0,Tupaia chinensis,Tupaia,,Tupaiidae,Scandentia
2407,GVVGPQGAR,1136,1144,0,857.4467923005999,1,1,Tupaia chinensis,Tupaia,,Tupaiidae,Scandentia
2408,GVVGPQGARGFPGTPGLPGFK,1136,1156,1,1996.07630601495,0,0,Tupaia chinensis,Tupaia,,Tupaiidae,Scandentia
2409,GVVGPQGARGFPGTPGLPGFK,1136,1156,1,1997.06032201495,0,1,Tupaia chinensis,Tupaia,,Tupaiidae,Scandentia
2410,GVVGPQGARGFPGTPGLPGFK,1136,1156,1,2012.07045601495,1,0,Tupaia chinensis,Tupaia,,Tupaiidae,Scandentia
2411,GVVGPQGARGFPGTPGLPGFK,1136,1156,1,2013.05447201495,1,1,Tupaia chinensis,Tupaia,,Tupaiidae,Scandentia
2412,GVVGPQGARGFPGTPGLPGFK,1136,1156,1,2028.06460601495,2,0,Tupaia chinensis,Tupaia,,Tupaiidae,Scandentia
2413,GVVGPQGARGFPGTPGLPGFK,1136,1156,1,2029.04862201495,2,1,Tupaia chinensis,Tupaia,,Tupaiidae,Scandentia
2414,GVVGPQGARGFPGTPGLPGFK,1136,1156,1,2044.05875601495,3,0,Tupaia chinensis,Tupaia,,Tupaiidae,Scandentia
2415,GVVGPQGARGFPGTPGLPGFK,1136,1156,1,2045.04277201495,3,1,Tupaia chinensis,Tupaia,,Tupaiidae,Scandentia
2416,GVVGPQGARGFPGTPGLPGFK,1136,1156,1,2060.05290601495,4,0,Tupaia chinensis,Tupaia,,Tupaiidae,Scandentia
2417,GVVGPQGARGFPGTPGLPGFK,1136,1156,1,2061.03692201495,4,1,Tupaia chinensis,Tupaia,,Tupaiidae,Scandentia
2418,GVVGPQGARGFPGTPGLPGFK,1136,1156,1,2076.04705601495,5,0,Tupaia chinensis,Tupaia,,Tupaiidae,Scandentia
2419,GVVGPQGARGFPGTPGLPGFK,1136,1156,1,2077.03107201495,5,1,Tupaia chinensis,Tupaia,,Tupaiidae,Scandentia
2420,GFPGTPGLPGFKGIR,1145,1159,1,1500.83215958612,0,0,Tupaia chinensis,Tupaia,,Tupaiidae,Scandentia
2421,GFPGTPGLPGFKGIR,1145,1159,1,1516.82630958612,1,0,Tupaia chinensis,Tupaia,,Tupaiidae,Scandentia
2422,GFPGTPGLPGFKGIR,1145,1159,1,1532.82045958612,2,0,Tupaia chinensis,Tupaia,,Tupaiidae,Scandentia
2423,GFPGTPGLPGFKGIR,1145,1159,1,1548.81460958612,3,0,Tupaia chinensis,Tupaia,,Tupaiidae,Scandentia
2424,GFPGTPGLPGFKGIR,1145,1159,1,1564.80875958612,4,0,Tupaia chinensis,Tupaia,,Tupaiidae,Scandentia
2425,GFPGTPGLPGFK,1145,1156,0,1174.62552086482,0,0,Tupaia chinensis,Tupaia,,Tupaiidae,Scandentia
2426,GFPGTPGLPGFK,1145,1156,0,1190.61967086482,1,0,Tupaia chinensis,Tupaia,,Tupaiidae,Scandentia
2427,GFPGTPGLPGFK,1145,1156,0,1206.61382086482,2,0,Tupaia chinensis,Tupaia,,Tupaiidae,Scandentia
2428,GFPGTPGLPGFK,1145,1156,0,1222.60797086482,3,0,Tupaia chinensis,Tupaia,,Tupaiidae,Scandentia
2429,GFPGTPGLPGFK,1145,1156,0,1238.6021208648199,4,0,Tupaia chinensis,Tupaia,,Tupaiidae,Scandentia
2430,GIRGHNGMDGLK,1157,1168,1,1254.63716526102,0,0,Tupaia chinensis,Tupaia,,Tupaiidae,Scandentia
2431,GIRGHNGMDGLK,1157,1168,1,1255.6211812610202,0,1,Tupaia chinensis,Tupaia,,Tupaiidae,Scandentia
2432,GIRGHNGMDGLK,1157,1168,1,1270.63131526102,1,0,Tupaia chinensis,Tupaia,,Tupaiidae,Scandentia
2433,GIRGHNGMDGLK,1157,1168,1,1271.6153312610202,1,1,Tupaia chinensis,Tupaia,,Tupaiidae,Scandentia
2434,GIRGHNGMDGLK,1157,1168,1,1286.62546526102,2,0,Tupaia chinensis,Tupaia,,Tupaiidae,Scandentia
2435,GIRGHNGMDGLK,1157,1168,1,1287.6094812610202,2,1,Tupaia chinensis,Tupaia,,Tupaiidae,Scandentia
2436,GIR,1157,1159,0,345.22447987177003,0,0,Tupaia chinensis,Tupaia,,Tupaiidae,Scandentia
2437,GHNGMDGLKGQAGAPGVK,1160,1177,1,1693.8438635519701,0,0,Tupaia chinensis,Tupaia,,Tupaiidae,Scandentia
2438,GHNGMDGLKGQAGAPGVK,1160,1177,1,1694.8278795519702,0,1,Tupaia chinensis,Tupaia,,Tupaiidae,Scandentia
2439,GHNGMDGLKGQAGAPGVK,1160,1177,1,1695.81189555197,0,2,Tupaia chinensis,Tupaia,,Tupaiidae,Scandentia
2440,GHNGMDGLKGQAGAPGVK,1160,1177,1,1709.83801355197,1,0,Tupaia chinensis,Tupaia,,Tupaiidae,Scandentia
2441,GHNGMDGLKGQAGAPGVK,1160,1177,1,1710.8220295519702,1,1,Tupaia chinensis,Tupaia,,Tupaiidae,Scandentia
2442,GHNGMDGLKGQAGAPGVK,1160,1177,1,1711.80604555197,1,2,Tupaia chinensis,Tupaia,,Tupaiidae,Scandentia
2443,GHNGMDGLKGQAGAPGVK,1160,1177,1,1725.83216355197,2,0,Tupaia chinensis,Tupaia,,Tupaiidae,Scandentia
2444,GHNGMDGLKGQAGAPGVK,1160,1177,1,1726.8161795519702,2,1,Tupaia chinensis,Tupaia,,Tupaiidae,Scandentia
2445,GHNGMDGLKGQAGAPGVK,1160,1177,1,1727.80019555197,2,2,Tupaia chinensis,Tupaia,,Tupaiidae,Scandentia
2446,GHNGMDGLKGQAGAPGVK,1160,1177,1,1741.82631355197,3,0,Tupaia chinensis,Tupaia,,Tupaiidae,Scandentia
2447,GHNGMDGLKGQAGAPGVK,1160,1177,1,1742.8103295519702,3,1,Tupaia chinensis,Tupaia,,Tupaiidae,Scandentia
2448,GHNGMDGLKGQAGAPGVK,1160,1177,1,1743.79434555197,3,2,Tupaia chinensis,Tupaia,,Tupaiidae,Scandentia
2449,GHNGMDGLKGQAGAPGVK,1160,1177,1,1757.82046355197,4,0,Tupaia chinensis,Tupaia,,Tupaiidae,Scandentia
2450,GHNGMDGLKGQAGAPGVK,1160,1177,1,1758.8044795519702,4,1,Tupaia chinensis,Tupaia,,Tupaiidae,Scandentia
2451,GHNGMDGLKGQAGAPGVK,1160,1177,1,1759.78849555197,4,2,Tupaia chinensis,Tupaia,,Tupaiidae,Scandentia
2452,GHNGMDGLK,1160,1168,0,928.43052653972,0,0,Tupaia chinensis,Tupaia,,Tupaiidae,Scandentia
2453,GHNGMDGLK,1160,1168,0,929.41454253972,0,1,Tupaia chinensis,Tupaia,,Tupaiidae,Scandentia
2454,GHNGMDGLK,1160,1168,0,944.4246765397199,1,0,Tupaia chinensis,Tupaia,,Tupaiidae,Scandentia
2455,GHNGMDGLK,1160,1168,0,945.4086925397199,1,1,Tupaia chinensis,Tupaia,,Tupaiidae,Scandentia
2456,GHNGMDGLK,1160,1168,0,960.4188265397199,2,0,Tupaia chinensis,Tupaia,,Tupaiidae,Scandentia
2457,GHNGMDGLK,1160,1168,0,961.4028425397199,2,1,Tupaia chinensis,Tupaia,,Tupaiidae,Scandentia
2458,GQAGAPGVKGEPGAPGENGTPGQAGAR,1169,1195,1,2388.1650740011896,0,0,Tupaia chinensis,Tupaia,,Tupaiidae,Scandentia
2459,GQAGAPGVKGEPGAPGENGTPGQAGAR,1169,1195,1,2389.1490900011895,0,1,Tupaia chinensis,Tupaia,,Tupaiidae,Scandentia
2460,GQAGAPGVKGEPGAPGENGTPGQAGAR,1169,1195,1,2390.13310600119,0,2,Tupaia chinensis,Tupaia,,Tupaiidae,Scandentia
2461,GQAGAPGVKGEPGAPGENGTPGQAGAR,1169,1195,1,2391.1171220011897,0,3,Tupaia chinensis,Tupaia,,Tupaiidae,Scandentia
2462,GQAGAPGVKGEPGAPGENGTPGQAGAR,1169,1195,1,2404.1592240011896,1,0,Tupaia chinensis,Tupaia,,Tupaiidae,Scandentia
2463,GQAGAPGVKGEPGAPGENGTPGQAGAR,1169,1195,1,2405.1432400011895,1,1,Tupaia chinensis,Tupaia,,Tupaiidae,Scandentia
2464,GQAGAPGVKGEPGAPGENGTPGQAGAR,1169,1195,1,2406.12725600119,1,2,Tupaia chinensis,Tupaia,,Tupaiidae,Scandentia
2465,GQAGAPGVKGEPGAPGENGTPGQAGAR,1169,1195,1,2407.1112720011897,1,3,Tupaia chinensis,Tupaia,,Tupaiidae,Scandentia
2466,GQAGAPGVKGEPGAPGENGTPGQAGAR,1169,1195,1,2420.1533740011896,2,0,Tupaia chinensis,Tupaia,,Tupaiidae,Scandentia
2467,GQAGAPGVKGEPGAPGENGTPGQAGAR,1169,1195,1,2421.1373900011895,2,1,Tupaia chinensis,Tupaia,,Tupaiidae,Scandentia
2468,GQAGAPGVKGEPGAPGENGTPGQAGAR,1169,1195,1,2422.12140600119,2,2,Tupaia chinensis,Tupaia,,Tupaiidae,Scandentia
2469,GQAGAPGVKGEPGAPGENGTPGQAGAR,1169,1195,1,2423.1054220011897,2,3,Tupaia chinensis,Tupaia,,Tupaiidae,Scandentia
2470,GQAGAPGVKGEPGAPGENGTPGQAGAR,1169,1195,1,2436.1475240011896,3,0,Tupaia chinensis,Tupaia,,Tupaiidae,Scandentia
2471,GQAGAPGVKGEPGAPGENGTPGQAGAR,1169,1195,1,2437.1315400011895,3,1,Tupaia chinensis,Tupaia,,Tupaiidae,Scandentia
2472,GQAGAPGVKGEPGAPGENGTPGQAGAR,1169,1195,1,2438.11555600119,3,2,Tupaia chinensis,Tupaia,,Tupaiidae,Scandentia
2473,GQAGAPGVKGEPGAPGENGTPGQAGAR,1169,1195,1,2439.0995720011897,3,3,Tupaia chinensis,Tupaia,,Tupaiidae,Scandentia
2474,GQAGAPGVKGEPGAPGENGTPGQAGAR,1169,1195,1,2452.1416740011896,4,0,Tupaia chinensis,Tupaia,,Tupaiidae,Scandentia
2475,GQAGAPGVKGEPGAPGENGTPGQAGAR,1169,1195,1,2453.1256900011895,4,1,Tupaia chinensis,Tupaia,,Tupaiidae,Scandentia
2476,GQAGAPGVKGEPGAPGENGTPGQAGAR,1169,1195,1,2454.10970600119,4,2,Tupaia chinensis,Tupaia,,Tupaiidae,Scandentia
2477,GQAGAPGVKGEPGAPGENGTPGQAGAR,1169,1195,1,2455.0937220011897,4,3,Tupaia chinensis,Tupaia,,Tupaiidae,Scandentia
2478,GQAGAPGVKGEPGAPGENGTPGQAGAR,1169,1195,1,2468.1358240011896,5,0,Tupaia chinensis,Tupaia,,Tupaiidae,Scandentia
2479,GQAGAPGVKGEPGAPGENGTPGQAGAR,1169,1195,1,2469.1198400011895,5,1,Tupaia chinensis,Tupaia,,Tupaiidae,Scandentia
2480,GQAGAPGVKGEPGAPGENGTPGQAGAR,1169,1195,1,2470.10385600119,5,2,Tupaia chinensis,Tupaia,,Tupaiidae,Scandentia
2481,GQAGAPGVKGEPGAPGENGTPGQAGAR,1169,1195,1,2471.0878720011897,5,3,Tupaia chinensis,Tupaia,,Tupaiidae,Scandentia
2482,GQAGAPGVK,1169,1177,0,784.4311781627199,0,0,Tupaia chinensis,Tupaia,,Tupaiidae,Scandentia
2483,GQAGAPGVK,1169,1177,0,785.4151941627199,0,1,Tupaia chinensis,Tupaia,,Tupaiidae,Scandentia
2484,GQAGAPGVK,1169,1177,0,800.4253281627199,1,0,Tupaia chinensis,Tupaia,,Tupaiidae,Scandentia
2485,GQAGAPGVK,1169,1177,0,801.4093441627199,1,1,Tupaia chinensis,Tupaia,,Tupaiidae,Scandentia
2486,GQAGAPGVK,1169,1177,0,816.4194781627199,2,0,Tupaia chinensis,Tupaia,,Tupaiidae,Scandentia
2487,GQAGAPGVK,1169,1177,0,817.4034941627199,2,1,Tupaia chinensis,Tupaia,,Tupaiidae,Scandentia
2488,GEPGAPGENGTPGQAGARGLPGER,1178,1201,1,2232.07519636763,0,0,Tupaia chinensis,Tupaia,,Tupaiidae,Scandentia
2489,GEPGAPGENGTPGQAGARGLPGER,1178,1201,1,2233.0592123676297,0,1,Tupaia chinensis,Tupaia,,Tupaiidae,Scandentia
2490,GEPGAPGENGTPGQAGARGLPGER,1178,1201,1,2234.04322836763,0,2,Tupaia chinensis,Tupaia,,Tupaiidae,Scandentia
2491,GEPGAPGENGTPGQAGARGLPGER,1178,1201,1,2248.06934636763,1,0,Tupaia chinensis,Tupaia,,Tupaiidae,Scandentia
2492,GEPGAPGENGTPGQAGARGLPGER,1178,1201,1,2249.0533623676297,1,1,Tupaia chinensis,Tupaia,,Tupaiidae,Scandentia
2493,GEPGAPGENGTPGQAGARGLPGER,1178,1201,1,2250.03737836763,1,2,Tupaia chinensis,Tupaia,,Tupaiidae,Scandentia
2494,GEPGAPGENGTPGQAGARGLPGER,1178,1201,1,2264.06349636763,2,0,Tupaia chinensis,Tupaia,,Tupaiidae,Scandentia
2495,GEPGAPGENGTPGQAGARGLPGER,1178,1201,1,2265.0475123676297,2,1,Tupaia chinensis,Tupaia,,Tupaiidae,Scandentia
2496,GEPGAPGENGTPGQAGARGLPGER,1178,1201,1,2266.03152836763,2,2,Tupaia chinensis,Tupaia,,Tupaiidae,Scandentia
2497,GEPGAPGENGTPGQAGARGLPGER,1178,1201,1,2280.05764636763,3,0,Tupaia chinensis,Tupaia,,Tupaiidae,Scandentia
2498,GEPGAPGENGTPGQAGARGLPGER,1178,1201,1,2281.0416623676297,3,1,Tupaia chinensis,Tupaia,,Tupaiidae,Scandentia
2499,GEPGAPGENGTPGQAGARGLPGER,1178,1201,1,2282.02567836763,3,2,Tupaia chinensis,Tupaia,,Tupaiidae,Scandentia
2500,GEPGAPGENGTPGQAGARGLPGER,1178,1201,1,2296.05179636763,4,0,Tupaia chinensis,Tupaia,,Tupaiidae,Scandentia
2501,GEPGAPGENGTPGQAGARGLPGER,1178,1201,1,2297.0358123676297,4,1,Tupaia chinensis,Tupaia,,Tupaiidae,Scandentia
2502,GEPGAPGENGTPGQAGARGLPGER,1178,1201,1,2298.01982836763,4,2,Tupaia chinensis,Tupaia,,Tupaiidae,Scandentia
2503,GEPGAPGENGTPGQAGAR,1178,1195,0,1622.75173698894,0,0,Tupaia chinensis,Tupaia,,Tupaiidae,Scandentia
2504,GEPGAPGENGTPGQAGAR,1178,1195,0,1623.73575298894,0,1,Tupaia chinensis,Tupaia,,Tupaiidae,Scandentia
2505,GEPGAPGENGTPGQAGAR,1178,1195,0,1624.71976898894,0,2,Tupaia chinensis,Tupaia,,Tupaiidae,Scandentia
2506,GEPGAPGENGTPGQAGAR,1178,1195,0,1638.74588698894,1,0,Tupaia chinensis,Tupaia,,Tupaiidae,Scandentia
2507,GEPGAPGENGTPGQAGAR,1178,1195,0,1639.72990298894,1,1,Tupaia chinensis,Tupaia,,Tupaiidae,Scandentia
2508,GEPGAPGENGTPGQAGAR,1178,1195,0,1640.71391898894,1,2,Tupaia chinensis,Tupaia,,Tupaiidae,Scandentia
2509,GEPGAPGENGTPGQAGAR,1178,1195,0,1654.74003698894,2,0,Tupaia chinensis,Tupaia,,Tupaiidae,Scandentia
2510,GEPGAPGENGTPGQAGAR,1178,1195,0,1655.72405298894,2,1,Tupaia chinensis,Tupaia,,Tupaiidae,Scandentia
2511,GEPGAPGENGTPGQAGAR,1178,1195,0,1656.7080689889399,2,2,Tupaia chinensis,Tupaia,,Tupaiidae,Scandentia
2512,GEPGAPGENGTPGQAGAR,1178,1195,0,1670.7341869889399,3,0,Tupaia chinensis,Tupaia,,Tupaiidae,Scandentia
2513,GEPGAPGENGTPGQAGAR,1178,1195,0,1671.71820298894,3,1,Tupaia chinensis,Tupaia,,Tupaiidae,Scandentia
2514,GEPGAPGENGTPGQAGAR,1178,1195,0,1672.7022189889399,3,2,Tupaia chinensis,Tupaia,,Tupaiidae,Scandentia
2515,GLPGERGR,1196,1203,1,841.4638752733299,0,0,Tupaia chinensis,Tupaia,,Tupaiidae,Scandentia
2516,GLPGERGR,1196,1203,1,857.4580252733299,1,0,Tupaia chinensis,Tupaia,,Tupaiidae,Scandentia
2517,GLPGER,1196,1201,0,628.3413005291599,0,0,Tupaia chinensis,Tupaia,,Tupaiidae,Scandentia
2518,GLPGER,1196,1201,0,644.3354505291599,1,0,Tupaia chinensis,Tupaia,,Tupaiidae,Scandentia
2519,GRVGAPGPAGAR,1202,1213,1,1065.59120104477,0,0,Tupaia chinensis,Tupaia,,Tupaiidae,Scandentia
2520,GRVGAPGPAGAR,1202,1213,1,1081.58535104477,1,0,Tupaia chinensis,Tupaia,,Tupaiidae,Scandentia
2521,GRVGAPGPAGAR,1202,1213,1,1097.57950104477,2,0,Tupaia chinensis,Tupaia,,Tupaiidae,Scandentia
2522,GR,1202,1203,0,232.14041589464,0,0,Tupaia chinensis,Tupaia,,Tupaiidae,Scandentia
2523,VGAPGPAGARGSDGSVGPVGPAGPIGSAGPPGFPGAPGPK,1204,1243,1,3374.72401261797,0,0,Tupaia chinensis,Tupaia,,Tupaiidae,Scandentia
2524,VGAPGPAGARGSDGSVGPVGPAGPIGSAGPPGFPGAPGPK,1204,1243,1,3390.71816261797,1,0,Tupaia chinensis,Tupaia,,Tupaiidae,Scandentia
2525,VGAPGPAGARGSDGSVGPVGPAGPIGSAGPPGFPGAPGPK,1204,1243,1,3406.71231261797,2,0,Tupaia chinensis,Tupaia,,Tupaiidae,Scandentia
2526,VGAPGPAGARGSDGSVGPVGPAGPIGSAGPPGFPGAPGPK,1204,1243,1,3422.70646261797,3,0,Tupaia chinensis,Tupaia,,Tupaiidae,Scandentia
2527,VGAPGPAGARGSDGSVGPVGPAGPIGSAGPPGFPGAPGPK,1204,1243,1,3438.70061261797,4,0,Tupaia chinensis,Tupaia,,Tupaiidae,Scandentia
2528,VGAPGPAGARGSDGSVGPVGPAGPIGSAGPPGFPGAPGPK,1204,1243,1,3454.69476261797,5,0,Tupaia chinensis,Tupaia,,Tupaiidae,Scandentia
2529,VGAPGPAGARGSDGSVGPVGPAGPIGSAGPPGFPGAPGPK,1204,1243,1,3470.68891261797,6,0,Tupaia chinensis,Tupaia,,Tupaiidae,Scandentia
2530,VGAPGPAGARGSDGSVGPVGPAGPIGSAGPPGFPGAPGPK,1204,1243,1,3486.68306261797,7,0,Tupaia chinensis,Tupaia,,Tupaiidae,Scandentia
2531,VGAPGPAGARGSDGSVGPVGPAGPIGSAGPPGFPGAPGPK,1204,1243,1,3502.67721261797,8,0,Tupaia chinensis,Tupaia,,Tupaiidae,Scandentia
2532,VGAPGPAGARGSDGSVGPVGPAGPIGSAGPPGFPGAPGPK,1204,1243,1,3518.67136261797,9,0,Tupaia chinensis,Tupaia,,Tupaiidae,Scandentia
2533,VGAPGPAGARGSDGSVGPVGPAGPIGSAGPPGFPGAPGPK,1204,1243,1,3534.66551261797,10,0,Tupaia chinensis,Tupaia,,Tupaiidae,Scandentia
2534,VGAPGPAGARGSDGSVGPVGPAGPIGSAGPPGFPGAPGPK,1204,1243,1,3550.65966261797,11,0,Tupaia chinensis,Tupaia,,Tupaiidae,Scandentia
2535,VGAPGPAGAR,1204,1213,0,852.4686263005999,0,0,Tupaia chinensis,Tupaia,,Tupaiidae,Scandentia
2536,VGAPGPAGAR,1204,1213,0,868.4627763005999,1,0,Tupaia chinensis,Tupaia,,Tupaiidae,Scandentia
2537,VGAPGPAGAR,1204,1213,0,884.4569263005999,2,0,Tupaia chinensis,Tupaia,,Tupaiidae,Scandentia
2538,GSDGSVGPVGPAGPIGSAGPPGFPGAPGPK,1214,1243,0,2541.2732274678397,0,0,Tupaia chinensis,Tupaia,,Tupaiidae,Scandentia
2539,GSDGSVGPVGPAGPIGSAGPPGFPGAPGPK,1214,1243,0,2557.2673774678397,1,0,Tupaia chinensis,Tupaia,,Tupaiidae,Scandentia
2540,GSDGSVGPVGPAGPIGSAGPPGFPGAPGPK,1214,1243,0,2573.2615274678396,2,0,Tupaia chinensis,Tupaia,,Tupaiidae,Scandentia
2541,GSDGSVGPVGPAGPIGSAGPPGFPGAPGPK,1214,1243,0,2589.2556774678396,3,0,Tupaia chinensis,Tupaia,,Tupaiidae,Scandentia
2542,GSDGSVGPVGPAGPIGSAGPPGFPGAPGPK,1214,1243,0,2605.2498274678396,4,0,Tupaia chinensis,Tupaia,,Tupaiidae,Scandentia
2543,GSDGSVGPVGPAGPIGSAGPPGFPGAPGPK,1214,1243,0,2621.2439774678396,5,0,Tupaia chinensis,Tupaia,,Tupaiidae,Scandentia
2544,GSDGSVGPVGPAGPIGSAGPPGFPGAPGPK,1214,1243,0,2637.2381274678396,6,0,Tupaia chinensis,Tupaia,,Tupaiidae,Scandentia
2545,GSDGSVGPVGPAGPIGSAGPPGFPGAPGPK,1214,1243,0,2653.2322774678396,7,0,Tupaia chinensis,Tupaia,,Tupaiidae,Scandentia
2546,GSDGSVGPVGPAGPIGSAGPPGFPGAPGPK,1214,1243,0,2669.2264274678396,8,0,Tupaia chinensis,Tupaia,,Tupaiidae,Scandentia
2547,GSDGSVGPVGPAGPIGSAGPPGFPGAPGPK,1214,1243,0,2685.2205774678396,9,0,Tupaia chinensis,Tupaia,,Tupaiidae,Scandentia
2548,GSDGSVGPVGPAGPIGSAGPPGFPGAPGPKGELGPVGNPGPAGPAGPR,1214,1261,1,4122.079166047761,0,0,Tupaia chinensis,Tupaia,,Tupaiidae,Scandentia
2549,GSDGSVGPVGPAGPIGSAGPPGFPGAPGPKGELGPVGNPGPAGPAGPR,1214,1261,1,4123.063182047761,0,1,Tupaia chinensis,Tupaia,,Tupaiidae,Scandentia
2550,GSDGSVGPVGPAGPIGSAGPPGFPGAPGPKGELGPVGNPGPAGPAGPR,1214,1261,1,4138.073316047761,1,0,Tupaia chinensis,Tupaia,,Tupaiidae,Scandentia
2551,GSDGSVGPVGPAGPIGSAGPPGFPGAPGPKGELGPVGNPGPAGPAGPR,1214,1261,1,4139.0573320477615,1,1,Tupaia chinensis,Tupaia,,Tupaiidae,Scandentia
2552,GSDGSVGPVGPAGPIGSAGPPGFPGAPGPKGELGPVGNPGPAGPAGPR,1214,1261,1,4154.067466047761,2,0,Tupaia chinensis,Tupaia,,Tupaiidae,Scandentia
2553,GSDGSVGPVGPAGPIGSAGPPGFPGAPGPKGELGPVGNPGPAGPAGPR,1214,1261,1,4155.051482047761,2,1,Tupaia chinensis,Tupaia,,Tupaiidae,Scandentia
2554,GSDGSVGPVGPAGPIGSAGPPGFPGAPGPKGELGPVGNPGPAGPAGPR,1214,1261,1,4170.061616047761,3,0,Tupaia chinensis,Tupaia,,Tupaiidae,Scandentia
2555,GSDGSVGPVGPAGPIGSAGPPGFPGAPGPKGELGPVGNPGPAGPAGPR,1214,1261,1,4171.0456320477615,3,1,Tupaia chinensis,Tupaia,,Tupaiidae,Scandentia
2556,GSDGSVGPVGPAGPIGSAGPPGFPGAPGPKGELGPVGNPGPAGPAGPR,1214,1261,1,4186.055766047761,4,0,Tupaia chinensis,Tupaia,,Tupaiidae,Scandentia
2557,GSDGSVGPVGPAGPIGSAGPPGFPGAPGPKGELGPVGNPGPAGPAGPR,1214,1261,1,4187.039782047761,4,1,Tupaia chinensis,Tupaia,,Tupaiidae,Scandentia
2558,GSDGSVGPVGPAGPIGSAGPPGFPGAPGPKGELGPVGNPGPAGPAGPR,1214,1261,1,4202.049916047761,5,0,Tupaia chinensis,Tupaia,,Tupaiidae,Scandentia
2559,GSDGSVGPVGPAGPIGSAGPPGFPGAPGPKGELGPVGNPGPAGPAGPR,1214,1261,1,4203.0339320477615,5,1,Tupaia chinensis,Tupaia,,Tupaiidae,Scandentia
2560,GSDGSVGPVGPAGPIGSAGPPGFPGAPGPKGELGPVGNPGPAGPAGPR,1214,1261,1,4218.044066047761,6,0,Tupaia chinensis,Tupaia,,Tupaiidae,Scandentia
2561,GSDGSVGPVGPAGPIGSAGPPGFPGAPGPKGELGPVGNPGPAGPAGPR,1214,1261,1,4219.028082047761,6,1,Tupaia chinensis,Tupaia,,Tupaiidae,Scandentia
2562,GSDGSVGPVGPAGPIGSAGPPGFPGAPGPKGELGPVGNPGPAGPAGPR,1214,1261,1,4234.038216047761,7,0,Tupaia chinensis,Tupaia,,Tupaiidae,Scandentia
2563,GSDGSVGPVGPAGPIGSAGPPGFPGAPGPKGELGPVGNPGPAGPAGPR,1214,1261,1,4235.0222320477615,7,1,Tupaia chinensis,Tupaia,,Tupaiidae,Scandentia
2564,GSDGSVGPVGPAGPIGSAGPPGFPGAPGPKGELGPVGNPGPAGPAGPR,1214,1261,1,4250.032366047761,8,0,Tupaia chinensis,Tupaia,,Tupaiidae,Scandentia
2565,GSDGSVGPVGPAGPIGSAGPPGFPGAPGPKGELGPVGNPGPAGPAGPR,1214,1261,1,4251.016382047761,8,1,Tupaia chinensis,Tupaia,,Tupaiidae,Scandentia
2566,GSDGSVGPVGPAGPIGSAGPPGFPGAPGPKGELGPVGNPGPAGPAGPR,1214,1261,1,4266.026516047761,9,0,Tupaia chinensis,Tupaia,,Tupaiidae,Scandentia
2567,GSDGSVGPVGPAGPIGSAGPPGFPGAPGPKGELGPVGNPGPAGPAGPR,1214,1261,1,4267.010532047761,9,1,Tupaia chinensis,Tupaia,,Tupaiidae,Scandentia
2568,GSDGSVGPVGPAGPIGSAGPPGFPGAPGPKGELGPVGNPGPAGPAGPR,1214,1261,1,4282.020666047761,10,0,Tupaia chinensis,Tupaia,,Tupaiidae,Scandentia
2569,GSDGSVGPVGPAGPIGSAGPPGFPGAPGPKGELGPVGNPGPAGPAGPR,1214,1261,1,4283.004682047761,10,1,Tupaia chinensis,Tupaia,,Tupaiidae,Scandentia
2570,GSDGSVGPVGPAGPIGSAGPPGFPGAPGPKGELGPVGNPGPAGPAGPR,1214,1261,1,4298.014816047761,11,0,Tupaia chinensis,Tupaia,,Tupaiidae,Scandentia
2571,GSDGSVGPVGPAGPIGSAGPPGFPGAPGPKGELGPVGNPGPAGPAGPR,1214,1261,1,4298.998832047761,11,1,Tupaia chinensis,Tupaia,,Tupaiidae,Scandentia
2572,GSDGSVGPVGPAGPIGSAGPPGFPGAPGPKGELGPVGNPGPAGPAGPR,1214,1261,1,4314.008966047761,12,0,Tupaia chinensis,Tupaia,,Tupaiidae,Scandentia
2573,GSDGSVGPVGPAGPIGSAGPPGFPGAPGPKGELGPVGNPGPAGPAGPR,1214,1261,1,4314.992982047761,12,1,Tupaia chinensis,Tupaia,,Tupaiidae,Scandentia
2574,GSDGSVGPVGPAGPIGSAGPPGFPGAPGPKGELGPVGNPGPAGPAGPR,1214,1261,1,4330.003116047761,13,0,Tupaia chinensis,Tupaia,,Tupaiidae,Scandentia
2575,GSDGSVGPVGPAGPIGSAGPPGFPGAPGPKGELGPVGNPGPAGPAGPR,1214,1261,1,4330.987132047761,13,1,Tupaia chinensis,Tupaia,,Tupaiidae,Scandentia
2576,GSDGSVGPVGPAGPIGSAGPPGFPGAPGPKGELGPVGNPGPAGPAGPR,1214,1261,1,4345.997266047761,14,0,Tupaia chinensis,Tupaia,,Tupaiidae,Scandentia
2577,GSDGSVGPVGPAGPIGSAGPPGFPGAPGPKGELGPVGNPGPAGPAGPR,1214,1261,1,4346.981282047761,14,1,Tupaia chinensis,Tupaia,,Tupaiidae,Scandentia
2578,GELGPVGNPGPAGPAGPRGEIGLPGLSGPVGPPGNPGANGLTGAK,1244,1288,1,3965.06278770763,0,0,Tupaia chinensis,Tupaia,,Tupaiidae,Scandentia
2579,GELGPVGNPGPAGPAGPRGEIGLPGLSGPVGPPGNPGANGLTGAK,1244,1288,1,3966.04680370763,0,1,Tupaia chinensis,Tupaia,,Tupaiidae,Scandentia
2580,GELGPVGNPGPAGPAGPRGEIGLPGLSGPVGPPGNPGANGLTGAK,1244,1288,1,3967.03081970763,0,2,Tupaia chinensis,Tupaia,,Tupaiidae,Scandentia
2581,GELGPVGNPGPAGPAGPRGEIGLPGLSGPVGPPGNPGANGLTGAK,1244,1288,1,3968.01483570763,0,3,Tupaia chinensis,Tupaia,,Tupaiidae,Scandentia
2582,GELGPVGNPGPAGPAGPRGEIGLPGLSGPVGPPGNPGANGLTGAK,1244,1288,1,3981.05693770763,1,0,Tupaia chinensis,Tupaia,,Tupaiidae,Scandentia
2583,GELGPVGNPGPAGPAGPRGEIGLPGLSGPVGPPGNPGANGLTGAK,1244,1288,1,3982.04095370763,1,1,Tupaia chinensis,Tupaia,,Tupaiidae,Scandentia
2584,GELGPVGNPGPAGPAGPRGEIGLPGLSGPVGPPGNPGANGLTGAK,1244,1288,1,3983.02496970763,1,2,Tupaia chinensis,Tupaia,,Tupaiidae,Scandentia
2585,GELGPVGNPGPAGPAGPRGEIGLPGLSGPVGPPGNPGANGLTGAK,1244,1288,1,3984.00898570763,1,3,Tupaia chinensis,Tupaia,,Tupaiidae,Scandentia
2586,GELGPVGNPGPAGPAGPRGEIGLPGLSGPVGPPGNPGANGLTGAK,1244,1288,1,3997.05108770763,2,0,Tupaia chinensis,Tupaia,,Tupaiidae,Scandentia
2587,GELGPVGNPGPAGPAGPRGEIGLPGLSGPVGPPGNPGANGLTGAK,1244,1288,1,3998.03510370763,2,1,Tupaia chinensis,Tupaia,,Tupaiidae,Scandentia
2588,GELGPVGNPGPAGPAGPRGEIGLPGLSGPVGPPGNPGANGLTGAK,1244,1288,1,3999.01911970763,2,2,Tupaia chinensis,Tupaia,,Tupaiidae,Scandentia
2589,GELGPVGNPGPAGPAGPRGEIGLPGLSGPVGPPGNPGANGLTGAK,1244,1288,1,4000.00313570763,2,3,Tupaia chinensis,Tupaia,,Tupaiidae,Scandentia
2590,GELGPVGNPGPAGPAGPRGEIGLPGLSGPVGPPGNPGANGLTGAK,1244,1288,1,4013.04523770763,3,0,Tupaia chinensis,Tupaia,,Tupaiidae,Scandentia
2591,GELGPVGNPGPAGPAGPRGEIGLPGLSGPVGPPGNPGANGLTGAK,1244,1288,1,4014.02925370763,3,1,Tupaia chinensis,Tupaia,,Tupaiidae,Scandentia
2592,GELGPVGNPGPAGPAGPRGEIGLPGLSGPVGPPGNPGANGLTGAK,1244,1288,1,4015.01326970763,3,2,Tupaia chinensis,Tupaia,,Tupaiidae,Scandentia
2593,GELGPVGNPGPAGPAGPRGEIGLPGLSGPVGPPGNPGANGLTGAK,1244,1288,1,4015.99728570763,3,3,Tupaia chinensis,Tupaia,,Tupaiidae,Scandentia
2594,GELGPVGNPGPAGPAGPRGEIGLPGLSGPVGPPGNPGANGLTGAK,1244,1288,1,4029.03938770763,4,0,Tupaia chinensis,Tupaia,,Tupaiidae,Scandentia
2595,GELGPVGNPGPAGPAGPRGEIGLPGLSGPVGPPGNPGANGLTGAK,1244,1288,1,4030.0234037076298,4,1,Tupaia chinensis,Tupaia,,Tupaiidae,Scandentia
2596,GELGPVGNPGPAGPAGPRGEIGLPGLSGPVGPPGNPGANGLTGAK,1244,1288,1,4031.00741970763,4,2,Tupaia chinensis,Tupaia,,Tupaiidae,Scandentia
2597,GELGPVGNPGPAGPAGPRGEIGLPGLSGPVGPPGNPGANGLTGAK,1244,1288,1,4031.99143570763,4,3,Tupaia chinensis,Tupaia,,Tupaiidae,Scandentia
2598,GELGPVGNPGPAGPAGPRGEIGLPGLSGPVGPPGNPGANGLTGAK,1244,1288,1,4045.03353770763,5,0,Tupaia chinensis,Tupaia,,Tupaiidae,Scandentia
2599,GELGPVGNPGPAGPAGPRGEIGLPGLSGPVGPPGNPGANGLTGAK,1244,1288,1,4046.0175537076298,5,1,Tupaia chinensis,Tupaia,,Tupaiidae,Scandentia
2600,GELGPVGNPGPAGPAGPRGEIGLPGLSGPVGPPGNPGANGLTGAK,1244,1288,1,4047.00156970763,5,2,Tupaia chinensis,Tupaia,,Tupaiidae,Scandentia
2601,GELGPVGNPGPAGPAGPRGEIGLPGLSGPVGPPGNPGANGLTGAK,1244,1288,1,4047.98558570763,5,3,Tupaia chinensis,Tupaia,,Tupaiidae,Scandentia
2602,GELGPVGNPGPAGPAGPRGEIGLPGLSGPVGPPGNPGANGLTGAK,1244,1288,1,4061.02768770763,6,0,Tupaia chinensis,Tupaia,,Tupaiidae,Scandentia
2603,GELGPVGNPGPAGPAGPRGEIGLPGLSGPVGPPGNPGANGLTGAK,1244,1288,1,4062.0117037076297,6,1,Tupaia chinensis,Tupaia,,Tupaiidae,Scandentia
2604,GELGPVGNPGPAGPAGPRGEIGLPGLSGPVGPPGNPGANGLTGAK,1244,1288,1,4062.99571970763,6,2,Tupaia chinensis,Tupaia,,Tupaiidae,Scandentia
2605,GELGPVGNPGPAGPAGPRGEIGLPGLSGPVGPPGNPGANGLTGAK,1244,1288,1,4063.97973570763,6,3,Tupaia chinensis,Tupaia,,Tupaiidae,Scandentia
2606,GELGPVGNPGPAGPAGPRGEIGLPGLSGPVGPPGNPGANGLTGAK,1244,1288,1,4077.02183770763,7,0,Tupaia chinensis,Tupaia,,Tupaiidae,Scandentia
2607,GELGPVGNPGPAGPAGPRGEIGLPGLSGPVGPPGNPGANGLTGAK,1244,1288,1,4078.0058537076297,7,1,Tupaia chinensis,Tupaia,,Tupaiidae,Scandentia
2608,GELGPVGNPGPAGPAGPRGEIGLPGLSGPVGPPGNPGANGLTGAK,1244,1288,1,4078.98986970763,7,2,Tupaia chinensis,Tupaia,,Tupaiidae,Scandentia
2609,GELGPVGNPGPAGPAGPRGEIGLPGLSGPVGPPGNPGANGLTGAK,1244,1288,1,4079.97388570763,7,3,Tupaia chinensis,Tupaia,,Tupaiidae,Scandentia
2610,GELGPVGNPGPAGPAGPRGEIGLPGLSGPVGPPGNPGANGLTGAK,1244,1288,1,4093.01598770763,8,0,Tupaia chinensis,Tupaia,,Tupaiidae,Scandentia
2611,GELGPVGNPGPAGPAGPRGEIGLPGLSGPVGPPGNPGANGLTGAK,1244,1288,1,4094.0000037076297,8,1,Tupaia chinensis,Tupaia,,Tupaiidae,Scandentia
2612,GELGPVGNPGPAGPAGPRGEIGLPGLSGPVGPPGNPGANGLTGAK,1244,1288,1,4094.98401970763,8,2,Tupaia chinensis,Tupaia,,Tupaiidae,Scandentia
2613,GELGPVGNPGPAGPAGPRGEIGLPGLSGPVGPPGNPGANGLTGAK,1244,1288,1,4095.96803570763,8,3,Tupaia chinensis,Tupaia,,Tupaiidae,Scandentia
2614,GELGPVGNPGPAGPAGPRGEIGLPGLSGPVGPPGNPGANGLTGAK,1244,1288,1,4109.01013770763,9,0,Tupaia chinensis,Tupaia,,Tupaiidae,Scandentia
2615,GELGPVGNPGPAGPAGPRGEIGLPGLSGPVGPPGNPGANGLTGAK,1244,1288,1,4109.99415370763,9,1,Tupaia chinensis,Tupaia,,Tupaiidae,Scandentia
2616,GELGPVGNPGPAGPAGPRGEIGLPGLSGPVGPPGNPGANGLTGAK,1244,1288,1,4110.97816970763,9,2,Tupaia chinensis,Tupaia,,Tupaiidae,Scandentia
2617,GELGPVGNPGPAGPAGPRGEIGLPGLSGPVGPPGNPGANGLTGAK,1244,1288,1,4111.96218570763,9,3,Tupaia chinensis,Tupaia,,Tupaiidae,Scandentia
2618,GELGPVGNPGPAGPAGPRGEIGLPGLSGPVGPPGNPGANGLTGAK,1244,1288,1,4125.00428770763,10,0,Tupaia chinensis,Tupaia,,Tupaiidae,Scandentia
2619,GELGPVGNPGPAGPAGPRGEIGLPGLSGPVGPPGNPGANGLTGAK,1244,1288,1,4125.988303707631,10,1,Tupaia chinensis,Tupaia,,Tupaiidae,Scandentia
2620,GELGPVGNPGPAGPAGPRGEIGLPGLSGPVGPPGNPGANGLTGAK,1244,1288,1,4126.97231970763,10,2,Tupaia chinensis,Tupaia,,Tupaiidae,Scandentia
2621,GELGPVGNPGPAGPAGPRGEIGLPGLSGPVGPPGNPGANGLTGAK,1244,1288,1,4127.95633570763,10,3,Tupaia chinensis,Tupaia,,Tupaiidae,Scandentia
2622,GELGPVGNPGPAGPAGPRGEIGLPGLSGPVGPPGNPGANGLTGAK,1244,1288,1,4140.99843770763,11,0,Tupaia chinensis,Tupaia,,Tupaiidae,Scandentia
2623,GELGPVGNPGPAGPAGPRGEIGLPGLSGPVGPPGNPGANGLTGAK,1244,1288,1,4141.98245370763,11,1,Tupaia chinensis,Tupaia,,Tupaiidae,Scandentia
2624,GELGPVGNPGPAGPAGPRGEIGLPGLSGPVGPPGNPGANGLTGAK,1244,1288,1,4142.96646970763,11,2,Tupaia chinensis,Tupaia,,Tupaiidae,Scandentia
2625,GELGPVGNPGPAGPAGPRGEIGLPGLSGPVGPPGNPGANGLTGAK,1244,1288,1,4143.95048570763,11,3,Tupaia chinensis,Tupaia,,Tupaiidae,Scandentia
2626,GELGPVGNPGPAGPAGPR,1244,1261,0,1599.82377973039,0,0,Tupaia chinensis,Tupaia,,Tupaiidae,Scandentia
2627,GELGPVGNPGPAGPAGPR,1244,1261,0,1600.8077957303901,0,1,Tupaia chinensis,Tupaia,,Tupaiidae,Scandentia
2628,GELGPVGNPGPAGPAGPR,1244,1261,0,1615.81792973039,1,0,Tupaia chinensis,Tupaia,,Tupaiidae,Scandentia
2629,GELGPVGNPGPAGPAGPR,1244,1261,0,1616.8019457303901,1,1,Tupaia chinensis,Tupaia,,Tupaiidae,Scandentia
2630,GELGPVGNPGPAGPAGPR,1244,1261,0,1631.81207973039,2,0,Tupaia chinensis,Tupaia,,Tupaiidae,Scandentia
2631,GELGPVGNPGPAGPAGPR,1244,1261,0,1632.79609573039,2,1,Tupaia chinensis,Tupaia,,Tupaiidae,Scandentia
2632,GELGPVGNPGPAGPAGPR,1244,1261,0,1647.80622973039,3,0,Tupaia chinensis,Tupaia,,Tupaiidae,Scandentia
2633,GELGPVGNPGPAGPAGPR,1244,1261,0,1648.79024573039,3,1,Tupaia chinensis,Tupaia,,Tupaiidae,Scandentia
2634,GELGPVGNPGPAGPAGPR,1244,1261,0,1663.80037973039,4,0,Tupaia chinensis,Tupaia,,Tupaiidae,Scandentia
2635,GELGPVGNPGPAGPAGPR,1244,1261,0,1664.78439573039,4,1,Tupaia chinensis,Tupaia,,Tupaiidae,Scandentia
2636,GELGPVGNPGPAGPAGPR,1244,1261,0,1679.79452973039,5,0,Tupaia chinensis,Tupaia,,Tupaiidae,Scandentia
2637,GELGPVGNPGPAGPAGPR,1244,1261,0,1680.77854573039,5,1,Tupaia chinensis,Tupaia,,Tupaiidae,Scandentia
2638,GEIGLPGLSGPVGPPGNPGANGLTGAK,1262,1288,0,2384.2568491277098,0,0,Tupaia chinensis,Tupaia,,Tupaiidae,Scandentia
2639,GEIGLPGLSGPVGPPGNPGANGLTGAK,1262,1288,0,2385.2408651277096,0,1,Tupaia chinensis,Tupaia,,Tupaiidae,Scandentia
2640,GEIGLPGLSGPVGPPGNPGANGLTGAK,1262,1288,0,2386.22488112771,0,2,Tupaia chinensis,Tupaia,,Tupaiidae,Scandentia
2641,GEIGLPGLSGPVGPPGNPGANGLTGAK,1262,1288,0,2400.2509991277097,1,0,Tupaia chinensis,Tupaia,,Tupaiidae,Scandentia
2642,GEIGLPGLSGPVGPPGNPGANGLTGAK,1262,1288,0,2401.2350151277096,1,1,Tupaia chinensis,Tupaia,,Tupaiidae,Scandentia
2643,GEIGLPGLSGPVGPPGNPGANGLTGAK,1262,1288,0,2402.21903112771,1,2,Tupaia chinensis,Tupaia,,Tupaiidae,Scandentia
2644,GEIGLPGLSGPVGPPGNPGANGLTGAK,1262,1288,0,2416.2451491277097,2,0,Tupaia chinensis,Tupaia,,Tupaiidae,Scandentia
2645,GEIGLPGLSGPVGPPGNPGANGLTGAK,1262,1288,0,2417.2291651277096,2,1,Tupaia chinensis,Tupaia,,Tupaiidae,Scandentia
2646,GEIGLPGLSGPVGPPGNPGANGLTGAK,1262,1288,0,2418.21318112771,2,2,Tupaia chinensis,Tupaia,,Tupaiidae,Scandentia
2647,GEIGLPGLSGPVGPPGNPGANGLTGAK,1262,1288,0,2432.2392991277097,3,0,Tupaia chinensis,Tupaia,,Tupaiidae,Scandentia
2648,GEIGLPGLSGPVGPPGNPGANGLTGAK,1262,1288,0,2433.2233151277096,3,1,Tupaia chinensis,Tupaia,,Tupaiidae,Scandentia
2649,GEIGLPGLSGPVGPPGNPGANGLTGAK,1262,1288,0,2434.20733112771,3,2,Tupaia chinensis,Tupaia,,Tupaiidae,Scandentia
2650,GEIGLPGLSGPVGPPGNPGANGLTGAK,1262,1288,0,2448.2334491277097,4,0,Tupaia chinensis,Tupaia,,Tupaiidae,Scandentia
2651,GEIGLPGLSGPVGPPGNPGANGLTGAK,1262,1288,0,2449.2174651277096,4,1,Tupaia chinensis,Tupaia,,Tupaiidae,Scandentia
2652,GEIGLPGLSGPVGPPGNPGANGLTGAK,1262,1288,0,2450.20148112771,4,2,Tupaia chinensis,Tupaia,,Tupaiidae,Scandentia
2653,GEIGLPGLSGPVGPPGNPGANGLTGAK,1262,1288,0,2464.2275991277097,5,0,Tupaia chinensis,Tupaia,,Tupaiidae,Scandentia
2654,GEIGLPGLSGPVGPPGNPGANGLTGAK,1262,1288,0,2465.2116151277096,5,1,Tupaia chinensis,Tupaia,,Tupaiidae,Scandentia
2655,GEIGLPGLSGPVGPPGNPGANGLTGAK,1262,1288,0,2466.19563112771,5,2,Tupaia chinensis,Tupaia,,Tupaiidae,Scandentia
2656,GEIGLPGLSGPVGPPGNPGANGLTGAK,1262,1288,0,2480.2217491277097,6,0,Tupaia chinensis,Tupaia,,Tupaiidae,Scandentia
2657,GEIGLPGLSGPVGPPGNPGANGLTGAK,1262,1288,0,2481.2057651277096,6,1,Tupaia chinensis,Tupaia,,Tupaiidae,Scandentia
2658,GEIGLPGLSGPVGPPGNPGANGLTGAK,1262,1288,0,2482.18978112771,6,2,Tupaia chinensis,Tupaia,,Tupaiidae,Scandentia
2659,GEIGLPGLSGPVGPPGNPGANGLTGAKGAAGLPGVAGAPGLPGPR,1262,1306,1,3880.08279487622,0,0,Tupaia chinensis,Tupaia,,Tupaiidae,Scandentia
2660,GEIGLPGLSGPVGPPGNPGANGLTGAKGAAGLPGVAGAPGLPGPR,1262,1306,1,3881.0668108762197,0,1,Tupaia chinensis,Tupaia,,Tupaiidae,Scandentia
2661,GEIGLPGLSGPVGPPGNPGANGLTGAKGAAGLPGVAGAPGLPGPR,1262,1306,1,3882.05082687622,0,2,Tupaia chinensis,Tupaia,,Tupaiidae,Scandentia
2662,GEIGLPGLSGPVGPPGNPGANGLTGAKGAAGLPGVAGAPGLPGPR,1262,1306,1,3896.07694487622,1,0,Tupaia chinensis,Tupaia,,Tupaiidae,Scandentia
2663,GEIGLPGLSGPVGPPGNPGANGLTGAKGAAGLPGVAGAPGLPGPR,1262,1306,1,3897.0609608762197,1,1,Tupaia chinensis,Tupaia,,Tupaiidae,Scandentia
2664,GEIGLPGLSGPVGPPGNPGANGLTGAKGAAGLPGVAGAPGLPGPR,1262,1306,1,3898.04497687622,1,2,Tupaia chinensis,Tupaia,,Tupaiidae,Scandentia
2665,GEIGLPGLSGPVGPPGNPGANGLTGAKGAAGLPGVAGAPGLPGPR,1262,1306,1,3912.07109487622,2,0,Tupaia chinensis,Tupaia,,Tupaiidae,Scandentia
2666,GEIGLPGLSGPVGPPGNPGANGLTGAKGAAGLPGVAGAPGLPGPR,1262,1306,1,3913.0551108762197,2,1,Tupaia chinensis,Tupaia,,Tupaiidae,Scandentia
2667,GEIGLPGLSGPVGPPGNPGANGLTGAKGAAGLPGVAGAPGLPGPR,1262,1306,1,3914.03912687622,2,2,Tupaia chinensis,Tupaia,,Tupaiidae,Scandentia
2668,GEIGLPGLSGPVGPPGNPGANGLTGAKGAAGLPGVAGAPGLPGPR,1262,1306,1,3928.06524487622,3,0,Tupaia chinensis,Tupaia,,Tupaiidae,Scandentia
2669,GEIGLPGLSGPVGPPGNPGANGLTGAKGAAGLPGVAGAPGLPGPR,1262,1306,1,3929.0492608762197,3,1,Tupaia chinensis,Tupaia,,Tupaiidae,Scandentia
2670,GEIGLPGLSGPVGPPGNPGANGLTGAKGAAGLPGVAGAPGLPGPR,1262,1306,1,3930.03327687622,3,2,Tupaia chinensis,Tupaia,,Tupaiidae,Scandentia
2671,GEIGLPGLSGPVGPPGNPGANGLTGAKGAAGLPGVAGAPGLPGPR,1262,1306,1,3944.05939487622,4,0,Tupaia chinensis,Tupaia,,Tupaiidae,Scandentia
2672,GEIGLPGLSGPVGPPGNPGANGLTGAKGAAGLPGVAGAPGLPGPR,1262,1306,1,3945.0434108762197,4,1,Tupaia chinensis,Tupaia,,Tupaiidae,Scandentia
2673,GEIGLPGLSGPVGPPGNPGANGLTGAKGAAGLPGVAGAPGLPGPR,1262,1306,1,3946.02742687622,4,2,Tupaia chinensis,Tupaia,,Tupaiidae,Scandentia
2674,GEIGLPGLSGPVGPPGNPGANGLTGAKGAAGLPGVAGAPGLPGPR,1262,1306,1,3960.05354487622,5,0,Tupaia chinensis,Tupaia,,Tupaiidae,Scandentia
2675,GEIGLPGLSGPVGPPGNPGANGLTGAKGAAGLPGVAGAPGLPGPR,1262,1306,1,3961.0375608762197,5,1,Tupaia chinensis,Tupaia,,Tupaiidae,Scandentia
2676,GEIGLPGLSGPVGPPGNPGANGLTGAKGAAGLPGVAGAPGLPGPR,1262,1306,1,3962.02157687622,5,2,Tupaia chinensis,Tupaia,,Tupaiidae,Scandentia
2677,GEIGLPGLSGPVGPPGNPGANGLTGAKGAAGLPGVAGAPGLPGPR,1262,1306,1,3976.04769487622,6,0,Tupaia chinensis,Tupaia,,Tupaiidae,Scandentia
2678,GEIGLPGLSGPVGPPGNPGANGLTGAKGAAGLPGVAGAPGLPGPR,1262,1306,1,3977.0317108762197,6,1,Tupaia chinensis,Tupaia,,Tupaiidae,Scandentia
2679,GEIGLPGLSGPVGPPGNPGANGLTGAKGAAGLPGVAGAPGLPGPR,1262,1306,1,3978.01572687622,6,2,Tupaia chinensis,Tupaia,,Tupaiidae,Scandentia
2680,GEIGLPGLSGPVGPPGNPGANGLTGAKGAAGLPGVAGAPGLPGPR,1262,1306,1,3992.04184487622,7,0,Tupaia chinensis,Tupaia,,Tupaiidae,Scandentia
2681,GEIGLPGLSGPVGPPGNPGANGLTGAKGAAGLPGVAGAPGLPGPR,1262,1306,1,3993.0258608762197,7,1,Tupaia chinensis,Tupaia,,Tupaiidae,Scandentia
2682,GEIGLPGLSGPVGPPGNPGANGLTGAKGAAGLPGVAGAPGLPGPR,1262,1306,1,3994.00987687622,7,2,Tupaia chinensis,Tupaia,,Tupaiidae,Scandentia
2683,GEIGLPGLSGPVGPPGNPGANGLTGAKGAAGLPGVAGAPGLPGPR,1262,1306,1,4008.03599487622,8,0,Tupaia chinensis,Tupaia,,Tupaiidae,Scandentia
2684,GEIGLPGLSGPVGPPGNPGANGLTGAKGAAGLPGVAGAPGLPGPR,1262,1306,1,4009.0200108762197,8,1,Tupaia chinensis,Tupaia,,Tupaiidae,Scandentia
2685,GEIGLPGLSGPVGPPGNPGANGLTGAKGAAGLPGVAGAPGLPGPR,1262,1306,1,4010.00402687622,8,2,Tupaia chinensis,Tupaia,,Tupaiidae,Scandentia
2686,GEIGLPGLSGPVGPPGNPGANGLTGAKGAAGLPGVAGAPGLPGPR,1262,1306,1,4024.0301448762198,9,0,Tupaia chinensis,Tupaia,,Tupaiidae,Scandentia
2687,GEIGLPGLSGPVGPPGNPGANGLTGAKGAAGLPGVAGAPGLPGPR,1262,1306,1,4025.0141608762196,9,1,Tupaia chinensis,Tupaia,,Tupaiidae,Scandentia
2688,GEIGLPGLSGPVGPPGNPGANGLTGAKGAAGLPGVAGAPGLPGPR,1262,1306,1,4025.99817687622,9,2,Tupaia chinensis,Tupaia,,Tupaiidae,Scandentia
2689,GEIGLPGLSGPVGPPGNPGANGLTGAKGAAGLPGVAGAPGLPGPR,1262,1306,1,4040.0242948762198,10,0,Tupaia chinensis,Tupaia,,Tupaiidae,Scandentia
2690,GEIGLPGLSGPVGPPGNPGANGLTGAKGAAGLPGVAGAPGLPGPR,1262,1306,1,4041.0083108762196,10,1,Tupaia chinensis,Tupaia,,Tupaiidae,Scandentia
2691,GEIGLPGLSGPVGPPGNPGANGLTGAKGAAGLPGVAGAPGLPGPR,1262,1306,1,4041.99232687622,10,2,Tupaia chinensis,Tupaia,,Tupaiidae,Scandentia
2692,GAAGLPGVAGAPGLPGPR,1289,1306,0,1514.8437868989802,0,0,Tupaia chinensis,Tupaia,,Tupaiidae,Scandentia
2693,GAAGLPGVAGAPGLPGPR,1289,1306,0,1530.8379368989802,1,0,Tupaia chinensis,Tupaia,,Tupaiidae,Scandentia
2694,GAAGLPGVAGAPGLPGPR,1289,1306,0,1546.8320868989802,2,0,Tupaia chinensis,Tupaia,,Tupaiidae,Scandentia
2695,GAAGLPGVAGAPGLPGPR,1289,1306,0,1562.8262368989801,3,0,Tupaia chinensis,Tupaia,,Tupaiidae,Scandentia
2696,GAAGLPGVAGAPGLPGPR,1289,1306,0,1578.8203868989801,4,0,Tupaia chinensis,Tupaia,,Tupaiidae,Scandentia
2697,GAAGLPGVAGAPGLPGPRGIPGPVGAAGATGAR,1289,1321,1,2747.5063557205,0,0,Tupaia chinensis,Tupaia,,Tupaiidae,Scandentia
2698,GAAGLPGVAGAPGLPGPRGIPGPVGAAGATGAR,1289,1321,1,2763.5005057205,1,0,Tupaia chinensis,Tupaia,,Tupaiidae,Scandentia
2699,GAAGLPGVAGAPGLPGPRGIPGPVGAAGATGAR,1289,1321,1,2779.4946557205,2,0,Tupaia chinensis,Tupaia,,Tupaiidae,Scandentia
2700,GAAGLPGVAGAPGLPGPRGIPGPVGAAGATGAR,1289,1321,1,2795.4888057205,3,0,Tupaia chinensis,Tupaia,,Tupaiidae,Scandentia
2701,GAAGLPGVAGAPGLPGPRGIPGPVGAAGATGAR,1289,1321,1,2811.4829557205,4,0,Tupaia chinensis,Tupaia,,Tupaiidae,Scandentia
2702,GAAGLPGVAGAPGLPGPRGIPGPVGAAGATGAR,1289,1321,1,2827.4771057205,5,0,Tupaia chinensis,Tupaia,,Tupaiidae,Scandentia
2703,GAAGLPGVAGAPGLPGPRGIPGPVGAAGATGAR,1289,1321,1,2843.4712557205,6,0,Tupaia chinensis,Tupaia,,Tupaiidae,Scandentia
2704,GIPGPVGAAGATGAR,1307,1321,0,1251.68040997199,0,0,Tupaia chinensis,Tupaia,,Tupaiidae,Scandentia
2705,GIPGPVGAAGATGAR,1307,1321,0,1267.67455997199,1,0,Tupaia chinensis,Tupaia,,Tupaiidae,Scandentia
2706,GIPGPVGAAGATGAR,1307,1321,0,1283.66870997199,2,0,Tupaia chinensis,Tupaia,,Tupaiidae,Scandentia
2707,GIPGPVGAAGATGARGLVGEPGPAGSK,1307,1333,1,2301.23096873304,0,0,Tupaia chinensis,Tupaia,,Tupaiidae,Scandentia
2708,GIPGPVGAAGATGARGLVGEPGPAGSK,1307,1333,1,2317.22511873304,1,0,Tupaia chinensis,Tupaia,,Tupaiidae,Scandentia
2709,GIPGPVGAAGATGARGLVGEPGPAGSK,1307,1333,1,2333.21926873304,2,0,Tupaia chinensis,Tupaia,,Tupaiidae,Scandentia
2710,GIPGPVGAAGATGARGLVGEPGPAGSK,1307,1333,1,2349.21341873304,3,0,Tupaia chinensis,Tupaia,,Tupaiidae,Scandentia
2711,GIPGPVGAAGATGARGLVGEPGPAGSK,1307,1333,1,2365.20756873304,4,0,Tupaia chinensis,Tupaia,,Tupaiidae,Scandentia
2712,GIPGPVGAAGATGARGLVGEPGPAGSK,1307,1333,1,2381.20171873304,5,0,Tupaia chinensis,Tupaia,,Tupaiidae,Scandentia
2713,GLVGEPGPAGSK,1322,1333,0,1068.5683999115201,0,0,Tupaia chinensis,Tupaia,,Tupaiidae,Scandentia
2714,GLVGEPGPAGSK,1322,1333,0,1084.5625499115201,1,0,Tupaia chinensis,Tupaia,,Tupaiidae,Scandentia
2715,GLVGEPGPAGSK,1322,1333,0,1100.5566999115201,2,0,Tupaia chinensis,Tupaia,,Tupaiidae,Scandentia
2716,GLVGEPGPAGSK,1322,1333,0,1116.5508499115201,3,0,Tupaia chinensis,Tupaia,,Tupaiidae,Scandentia
2717,GLVGEPGPAGSKGESGNK,1322,1339,1,1640.82383930004,0,0,Tupaia chinensis,Tupaia,,Tupaiidae,Scandentia
2718,GLVGEPGPAGSKGESGNK,1322,1339,1,1641.80785530004,0,1,Tupaia chinensis,Tupaia,,Tupaiidae,Scandentia
2719,GLVGEPGPAGSKGESGNK,1322,1339,1,1656.81798930004,1,0,Tupaia chinensis,Tupaia,,Tupaiidae,Scandentia
2720,GLVGEPGPAGSKGESGNK,1322,1339,1,1657.80200530004,1,1,Tupaia chinensis,Tupaia,,Tupaiidae,Scandentia
2721,GLVGEPGPAGSKGESGNK,1322,1339,1,1672.81213930004,2,0,Tupaia chinensis,Tupaia,,Tupaiidae,Scandentia
2722,GLVGEPGPAGSKGESGNK,1322,1339,1,1673.79615530004,2,1,Tupaia chinensis,Tupaia,,Tupaiidae,Scandentia
2723,GLVGEPGPAGSKGESGNK,1322,1339,1,1688.80628930004,3,0,Tupaia chinensis,Tupaia,,Tupaiidae,Scandentia
2724,GLVGEPGPAGSKGESGNK,1322,1339,1,1689.79030530004,3,1,Tupaia chinensis,Tupaia,,Tupaiidae,Scandentia
2725,GLVGEPGPAGSKGESGNK,1322,1339,1,1704.80043930004,4,0,Tupaia chinensis,Tupaia,,Tupaiidae,Scandentia
2726,GLVGEPGPAGSKGESGNK,1322,1339,1,1705.78445530004,4,1,Tupaia chinensis,Tupaia,,Tupaiidae,Scandentia
2727,GESGNKGEPGSAGPQGPPGPSGEEGK,1334,1359,1,2364.0698362036696,0,0,Tupaia chinensis,Tupaia,,Tupaiidae,Scandentia
2728,GESGNKGEPGSAGPQGPPGPSGEEGK,1334,1359,1,2365.0538522036695,0,1,Tupaia chinensis,Tupaia,,Tupaiidae,Scandentia
2729,GESGNKGEPGSAGPQGPPGPSGEEGK,1334,1359,1,2366.03786820367,0,2,Tupaia chinensis,Tupaia,,Tupaiidae,Scandentia
2730,GESGNKGEPGSAGPQGPPGPSGEEGK,1334,1359,1,2380.0639862036696,1,0,Tupaia chinensis,Tupaia,,Tupaiidae,Scandentia
2731,GESGNKGEPGSAGPQGPPGPSGEEGK,1334,1359,1,2381.0480022036695,1,1,Tupaia chinensis,Tupaia,,Tupaiidae,Scandentia
2732,GESGNKGEPGSAGPQGPPGPSGEEGK,1334,1359,1,2382.03201820367,1,2,Tupaia chinensis,Tupaia,,Tupaiidae,Scandentia
2733,GESGNKGEPGSAGPQGPPGPSGEEGK,1334,1359,1,2396.0581362036696,2,0,Tupaia chinensis,Tupaia,,Tupaiidae,Scandentia
2734,GESGNKGEPGSAGPQGPPGPSGEEGK,1334,1359,1,2397.0421522036695,2,1,Tupaia chinensis,Tupaia,,Tupaiidae,Scandentia
2735,GESGNKGEPGSAGPQGPPGPSGEEGK,1334,1359,1,2398.02616820367,2,2,Tupaia chinensis,Tupaia,,Tupaiidae,Scandentia
2736,GESGNKGEPGSAGPQGPPGPSGEEGK,1334,1359,1,2412.0522862036696,3,0,Tupaia chinensis,Tupaia,,Tupaiidae,Scandentia
2737,GESGNKGEPGSAGPQGPPGPSGEEGK,1334,1359,1,2413.0363022036695,3,1,Tupaia chinensis,Tupaia,,Tupaiidae,Scandentia
2738,GESGNKGEPGSAGPQGPPGPSGEEGK,1334,1359,1,2414.02031820367,3,2,Tupaia chinensis,Tupaia,,Tupaiidae,Scandentia
2739,GESGNKGEPGSAGPQGPPGPSGEEGK,1334,1359,1,2428.0464362036696,4,0,Tupaia chinensis,Tupaia,,Tupaiidae,Scandentia
2740,GESGNKGEPGSAGPQGPPGPSGEEGK,1334,1359,1,2429.0304522036695,4,1,Tupaia chinensis,Tupaia,,Tupaiidae,Scandentia
2741,GESGNKGEPGSAGPQGPPGPSGEEGK,1334,1359,1,2430.01446820367,4,2,Tupaia chinensis,Tupaia,,Tupaiidae,Scandentia
2742,GESGNKGEPGSAGPQGPPGPSGEEGK,1334,1359,1,2444.0405862036696,5,0,Tupaia chinensis,Tupaia,,Tupaiidae,Scandentia
2743,GESGNKGEPGSAGPQGPPGPSGEEGK,1334,1359,1,2445.0246022036695,5,1,Tupaia chinensis,Tupaia,,Tupaiidae,Scandentia
2744,GESGNKGEPGSAGPQGPPGPSGEEGK,1334,1359,1,2446.00861820367,5,2,Tupaia chinensis,Tupaia,,Tupaiidae,Scandentia
2745,GESGNKGEPGSAGPQGPPGPSGEEGK,1334,1359,1,2460.0347362036696,6,0,Tupaia chinensis,Tupaia,,Tupaiidae,Scandentia
2746,GESGNKGEPGSAGPQGPPGPSGEEGK,1334,1359,1,2461.0187522036695,6,1,Tupaia chinensis,Tupaia,,Tupaiidae,Scandentia
2747,GESGNKGEPGSAGPQGPPGPSGEEGK,1334,1359,1,2462.00276820367,6,2,Tupaia chinensis,Tupaia,,Tupaiidae,Scandentia
2748,GESGNKGEPGSAGPQGPPGPSGEEGK,1334,1359,1,2476.0288862036696,7,0,Tupaia chinensis,Tupaia,,Tupaiidae,Scandentia
2749,GESGNKGEPGSAGPQGPPGPSGEEGK,1334,1359,1,2477.0129022036695,7,1,Tupaia chinensis,Tupaia,,Tupaiidae,Scandentia
2750,GESGNKGEPGSAGPQGPPGPSGEEGK,1334,1359,1,2477.99691820367,7,2,Tupaia chinensis,Tupaia,,Tupaiidae,Scandentia
2751,GESGNK,1334,1339,0,591.27328053899,0,0,Tupaia chinensis,Tupaia,,Tupaiidae,Scandentia
2752,GESGNK,1334,1339,0,592.25729653899,0,1,Tupaia chinensis,Tupaia,,Tupaiidae,Scandentia
2753,GESGNK,1334,1339,0,607.26743053899,1,0,Tupaia chinensis,Tupaia,,Tupaiidae,Scandentia
2754,GESGNK,1334,1339,0,608.25144653899,1,1,Tupaia chinensis,Tupaia,,Tupaiidae,Scandentia
2755,GEPGSAGPQGPPGPSGEEGK,1340,1359,0,1791.81439681515,0,0,Tupaia chinensis,Tupaia,,Tupaiidae,Scandentia
2756,GEPGSAGPQGPPGPSGEEGK,1340,1359,0,1792.7984128151502,0,1,Tupaia chinensis,Tupaia,,Tupaiidae,Scandentia
2757,GEPGSAGPQGPPGPSGEEGK,1340,1359,0,1807.80854681515,1,0,Tupaia chinensis,Tupaia,,Tupaiidae,Scandentia
2758,GEPGSAGPQGPPGPSGEEGK,1340,1359,0,1808.7925628151502,1,1,Tupaia chinensis,Tupaia,,Tupaiidae,Scandentia
2759,GEPGSAGPQGPPGPSGEEGK,1340,1359,0,1823.80269681515,2,0,Tupaia chinensis,Tupaia,,Tupaiidae,Scandentia
2760,GEPGSAGPQGPPGPSGEEGK,1340,1359,0,1824.7867128151502,2,1,Tupaia chinensis,Tupaia,,Tupaiidae,Scandentia
2761,GEPGSAGPQGPPGPSGEEGK,1340,1359,0,1839.79684681515,3,0,Tupaia chinensis,Tupaia,,Tupaiidae,Scandentia
2762,GEPGSAGPQGPPGPSGEEGK,1340,1359,0,1840.7808628151502,3,1,Tupaia chinensis,Tupaia,,Tupaiidae,Scandentia
2763,GEPGSAGPQGPPGPSGEEGK,1340,1359,0,1855.79099681515,4,0,Tupaia chinensis,Tupaia,,Tupaiidae,Scandentia
2764,GEPGSAGPQGPPGPSGEEGK,1340,1359,0,1856.7750128151501,4,1,Tupaia chinensis,Tupaia,,Tupaiidae,Scandentia
2765,GEPGSAGPQGPPGPSGEEGK,1340,1359,0,1871.78514681515,5,0,Tupaia chinensis,Tupaia,,Tupaiidae,Scandentia
2766,GEPGSAGPQGPPGPSGEEGK,1340,1359,0,1872.7691628151501,5,1,Tupaia chinensis,Tupaia,,Tupaiidae,Scandentia
2767,GEPGSAGPQGPPGPSGEEGK,1340,1359,0,1887.77929681515,6,0,Tupaia chinensis,Tupaia,,Tupaiidae,Scandentia
2768,GEPGSAGPQGPPGPSGEEGK,1340,1359,0,1888.7633128151501,6,1,Tupaia chinensis,Tupaia,,Tupaiidae,Scandentia
2769,GEPGSAGPQGPPGPSGEEGKR,1340,1360,1,1947.91550783875,0,0,Tupaia chinensis,Tupaia,,Tupaiidae,Scandentia
2770,GEPGSAGPQGPPGPSGEEGKR,1340,1360,1,1948.8995238387502,0,1,Tupaia chinensis,Tupaia,,Tupaiidae,Scandentia
2771,GEPGSAGPQGPPGPSGEEGKR,1340,1360,1,1963.90965783875,1,0,Tupaia chinensis,Tupaia,,Tupaiidae,Scandentia
2772,GEPGSAGPQGPPGPSGEEGKR,1340,1360,1,1964.8936738387501,1,1,Tupaia chinensis,Tupaia,,Tupaiidae,Scandentia
2773,GEPGSAGPQGPPGPSGEEGKR,1340,1360,1,1979.90380783875,2,0,Tupaia chinensis,Tupaia,,Tupaiidae,Scandentia
2774,GEPGSAGPQGPPGPSGEEGKR,1340,1360,1,1980.8878238387501,2,1,Tupaia chinensis,Tupaia,,Tupaiidae,Scandentia
2775,GEPGSAGPQGPPGPSGEEGKR,1340,1360,1,1995.89795783875,3,0,Tupaia chinensis,Tupaia,,Tupaiidae,Scandentia
2776,GEPGSAGPQGPPGPSGEEGKR,1340,1360,1,1996.8819738387501,3,1,Tupaia chinensis,Tupaia,,Tupaiidae,Scandentia
2777,GEPGSAGPQGPPGPSGEEGKR,1340,1360,1,2011.89210783875,4,0,Tupaia chinensis,Tupaia,,Tupaiidae,Scandentia
2778,GEPGSAGPQGPPGPSGEEGKR,1340,1360,1,2012.8761238387501,4,1,Tupaia chinensis,Tupaia,,Tupaiidae,Scandentia
2779,GEPGSAGPQGPPGPSGEEGKR,1340,1360,1,2027.88625783875,5,0,Tupaia chinensis,Tupaia,,Tupaiidae,Scandentia
2780,GEPGSAGPQGPPGPSGEEGKR,1340,1360,1,2028.87027383875,5,1,Tupaia chinensis,Tupaia,,Tupaiidae,Scandentia
2781,GEPGSAGPQGPPGPSGEEGKR,1340,1360,1,2043.88040783875,6,0,Tupaia chinensis,Tupaia,,Tupaiidae,Scandentia
2782,GEPGSAGPQGPPGPSGEEGKR,1340,1360,1,2044.86442383875,6,1,Tupaia chinensis,Tupaia,,Tupaiidae,Scandentia
2783,RGPNGEPGSAGPAGPPGLR,1360,1378,1,1743.88850524527,0,0,Tupaia chinensis,Tupaia,,Tupaiidae,Scandentia
2784,RGPNGEPGSAGPAGPPGLR,1360,1378,1,1744.87252124527,0,1,Tupaia chinensis,Tupaia,,Tupaiidae,Scandentia
2785,RGPNGEPGSAGPAGPPGLR,1360,1378,1,1759.88265524527,1,0,Tupaia chinensis,Tupaia,,Tupaiidae,Scandentia
2786,RGPNGEPGSAGPAGPPGLR,1360,1378,1,1760.86667124527,1,1,Tupaia chinensis,Tupaia,,Tupaiidae,Scandentia
2787,RGPNGEPGSAGPAGPPGLR,1360,1378,1,1775.87680524527,2,0,Tupaia chinensis,Tupaia,,Tupaiidae,Scandentia
2788,RGPNGEPGSAGPAGPPGLR,1360,1378,1,1776.86082124527,2,1,Tupaia chinensis,Tupaia,,Tupaiidae,Scandentia
2789,RGPNGEPGSAGPAGPPGLR,1360,1378,1,1791.87095524527,3,0,Tupaia chinensis,Tupaia,,Tupaiidae,Scandentia
2790,RGPNGEPGSAGPAGPPGLR,1360,1378,1,1792.85497124527,3,1,Tupaia chinensis,Tupaia,,Tupaiidae,Scandentia
2791,RGPNGEPGSAGPAGPPGLR,1360,1378,1,1807.86510524527,4,0,Tupaia chinensis,Tupaia,,Tupaiidae,Scandentia
2792,RGPNGEPGSAGPAGPPGLR,1360,1378,1,1808.84912124527,4,1,Tupaia chinensis,Tupaia,,Tupaiidae,Scandentia
2793,RGPNGEPGSAGPAGPPGLR,1360,1378,1,1823.8592552452699,5,0,Tupaia chinensis,Tupaia,,Tupaiidae,Scandentia
2794,RGPNGEPGSAGPAGPPGLR,1360,1378,1,1824.84327124527,5,1,Tupaia chinensis,Tupaia,,Tupaiidae,Scandentia
2795,R,1360,1360,0,175.11895217407,0,0,Tupaia chinensis,Tupaia,,Tupaiidae,Scandentia
2796,GPNGEPGSAGPAGPPGLR,1361,1378,0,1587.78739422167,0,0,Tupaia chinensis,Tupaia,,Tupaiidae,Scandentia
2797,GPNGEPGSAGPAGPPGLR,1361,1378,0,1588.77141022167,0,1,Tupaia chinensis,Tupaia,,Tupaiidae,Scandentia
2798,GPNGEPGSAGPAGPPGLR,1361,1378,0,1603.78154422167,1,0,Tupaia chinensis,Tupaia,,Tupaiidae,Scandentia
2799,GPNGEPGSAGPAGPPGLR,1361,1378,0,1604.76556022167,1,1,Tupaia chinensis,Tupaia,,Tupaiidae,Scandentia
2800,GPNGEPGSAGPAGPPGLR,1361,1378,0,1619.77569422167,2,0,Tupaia chinensis,Tupaia,,Tupaiidae,Scandentia
2801,GPNGEPGSAGPAGPPGLR,1361,1378,0,1620.75971022167,2,1,Tupaia chinensis,Tupaia,,Tupaiidae,Scandentia
2802,GPNGEPGSAGPAGPPGLR,1361,1378,0,1635.76984422167,3,0,Tupaia chinensis,Tupaia,,Tupaiidae,Scandentia
2803,GPNGEPGSAGPAGPPGLR,1361,1378,0,1636.75386022167,3,1,Tupaia chinensis,Tupaia,,Tupaiidae,Scandentia
2804,GPNGEPGSAGPAGPPGLR,1361,1378,0,1651.76399422167,4,0,Tupaia chinensis,Tupaia,,Tupaiidae,Scandentia
2805,GPNGEPGSAGPAGPPGLR,1361,1378,0,1652.74801022167,4,1,Tupaia chinensis,Tupaia,,Tupaiidae,Scandentia
2806,GPNGEPGSAGPAGPPGLR,1361,1378,0,1667.75814422167,5,0,Tupaia chinensis,Tupaia,,Tupaiidae,Scandentia
2807,GPNGEPGSAGPAGPPGLR,1361,1378,0,1668.74216022167,5,1,Tupaia chinensis,Tupaia,,Tupaiidae,Scandentia
2808,GPNGEPGSAGPAGPPGLRGGPGSR,1361,1384,1,2099.0376886601,0,0,Tupaia chinensis,Tupaia,,Tupaiidae,Scandentia
2809,GPNGEPGSAGPAGPPGLRGGPGSR,1361,1384,1,2100.0217046600997,0,1,Tupaia chinensis,Tupaia,,Tupaiidae,Scandentia
2810,GPNGEPGSAGPAGPPGLRGGPGSR,1361,1384,1,2115.0318386600998,1,0,Tupaia chinensis,Tupaia,,Tupaiidae,Scandentia
2811,GPNGEPGSAGPAGPPGLRGGPGSR,1361,1384,1,2116.0158546600996,1,1,Tupaia chinensis,Tupaia,,Tupaiidae,Scandentia
2812,GPNGEPGSAGPAGPPGLRGGPGSR,1361,1384,1,2131.0259886600998,2,0,Tupaia chinensis,Tupaia,,Tupaiidae,Scandentia
2813,GPNGEPGSAGPAGPPGLRGGPGSR,1361,1384,1,2132.0100046600996,2,1,Tupaia chinensis,Tupaia,,Tupaiidae,Scandentia
2814,GPNGEPGSAGPAGPPGLRGGPGSR,1361,1384,1,2147.0201386600997,3,0,Tupaia chinensis,Tupaia,,Tupaiidae,Scandentia
2815,GPNGEPGSAGPAGPPGLRGGPGSR,1361,1384,1,2148.0041546600996,3,1,Tupaia chinensis,Tupaia,,Tupaiidae,Scandentia
2816,GPNGEPGSAGPAGPPGLRGGPGSR,1361,1384,1,2163.0142886600997,4,0,Tupaia chinensis,Tupaia,,Tupaiidae,Scandentia
2817,GPNGEPGSAGPAGPPGLRGGPGSR,1361,1384,1,2163.9983046600996,4,1,Tupaia chinensis,Tupaia,,Tupaiidae,Scandentia
2818,GPNGEPGSAGPAGPPGLRGGPGSR,1361,1384,1,2179.0084386600997,5,0,Tupaia chinensis,Tupaia,,Tupaiidae,Scandentia
2819,GPNGEPGSAGPAGPPGLRGGPGSR,1361,1384,1,2179.9924546600996,5,1,Tupaia chinensis,Tupaia,,Tupaiidae,Scandentia
2820,GPNGEPGSAGPAGPPGLRGGPGSR,1361,1384,1,2195.0025886600997,6,0,Tupaia chinensis,Tupaia,,Tupaiidae,Scandentia
2821,GPNGEPGSAGPAGPPGLRGGPGSR,1361,1384,1,2195.9866046600996,6,1,Tupaia chinensis,Tupaia,,Tupaiidae,Scandentia
2822,GGPGSR,1379,1384,0,530.2681355889,0,0,Tupaia chinensis,Tupaia,,Tupaiidae,Scandentia
2823,GGPGSR,1379,1384,0,546.2622855889,1,0,Tupaia chinensis,Tupaia,,Tupaiidae,Scandentia
2824,GGPGSRGLPGADGR,1379,1392,1,1253.6345224087302,0,0,Tupaia chinensis,Tupaia,,Tupaiidae,Scandentia
2825,GGPGSRGLPGADGR,1379,1392,1,1269.6286724087302,1,0,Tupaia chinensis,Tupaia,,Tupaiidae,Scandentia
2826,GGPGSRGLPGADGR,1379,1392,1,1285.6228224087301,2,0,Tupaia chinensis,Tupaia,,Tupaiidae,Scandentia
2827,GLPGADGR,1385,1392,0,742.3842279703,0,0,Tupaia chinensis,Tupaia,,Tupaiidae,Scandentia
2828,GLPGADGR,1385,1392,0,758.3783779703,1,0,Tupaia chinensis,Tupaia,,Tupaiidae,Scandentia
2829,GLPGADGRAGVMGPPGNR,1385,1402,1,1678.8441979051402,0,0,Tupaia chinensis,Tupaia,,Tupaiidae,Scandentia
2830,GLPGADGRAGVMGPPGNR,1385,1402,1,1679.8282139051403,0,1,Tupaia chinensis,Tupaia,,Tupaiidae,Scandentia
2831,GLPGADGRAGVMGPPGNR,1385,1402,1,1694.8383479051402,1,0,Tupaia chinensis,Tupaia,,Tupaiidae,Scandentia
2832,GLPGADGRAGVMGPPGNR,1385,1402,1,1695.8223639051403,1,1,Tupaia chinensis,Tupaia,,Tupaiidae,Scandentia
2833,GLPGADGRAGVMGPPGNR,1385,1402,1,1710.8324979051401,2,0,Tupaia chinensis,Tupaia,,Tupaiidae,Scandentia
2834,GLPGADGRAGVMGPPGNR,1385,1402,1,1711.8165139051403,2,1,Tupaia chinensis,Tupaia,,Tupaiidae,Scandentia
2835,GLPGADGRAGVMGPPGNR,1385,1402,1,1726.8266479051401,3,0,Tupaia chinensis,Tupaia,,Tupaiidae,Scandentia
2836,GLPGADGRAGVMGPPGNR,1385,1402,1,1727.8106639051402,3,1,Tupaia chinensis,Tupaia,,Tupaiidae,Scandentia
2837,GLPGADGRAGVMGPPGNR,1385,1402,1,1742.8207979051401,4,0,Tupaia chinensis,Tupaia,,Tupaiidae,Scandentia
2838,GLPGADGRAGVMGPPGNR,1385,1402,1,1743.8048139051402,4,1,Tupaia chinensis,Tupaia,,Tupaiidae,Scandentia
2839,AGVMGPPGNRGSSGPSGVR,1393,1411,1,1739.86057624527,0,0,Tupaia chinensis,Tupaia,,Tupaiidae,Scandentia
2840,AGVMGPPGNRGSSGPSGVR,1393,1411,1,1740.8445922452702,0,1,Tupaia chinensis,Tupaia,,Tupaiidae,Scandentia
2841,AGVMGPPGNRGSSGPSGVR,1393,1411,1,1755.85472624527,1,0,Tupaia chinensis,Tupaia,,Tupaiidae,Scandentia
2842,AGVMGPPGNRGSSGPSGVR,1393,1411,1,1756.8387422452702,1,1,Tupaia chinensis,Tupaia,,Tupaiidae,Scandentia
2843,AGVMGPPGNRGSSGPSGVR,1393,1411,1,1771.84887624527,2,0,Tupaia chinensis,Tupaia,,Tupaiidae,Scandentia
2844,AGVMGPPGNRGSSGPSGVR,1393,1411,1,1772.8328922452702,2,1,Tupaia chinensis,Tupaia,,Tupaiidae,Scandentia
2845,AGVMGPPGNRGSSGPSGVR,1393,1411,1,1787.84302624527,3,0,Tupaia chinensis,Tupaia,,Tupaiidae,Scandentia
2846,AGVMGPPGNRGSSGPSGVR,1393,1411,1,1788.8270422452701,3,1,Tupaia chinensis,Tupaia,,Tupaiidae,Scandentia
2847,AGVMGPPGNRGSSGPSGVR,1393,1411,1,1803.83717624527,4,0,Tupaia chinensis,Tupaia,,Tupaiidae,Scandentia
2848,AGVMGPPGNRGSSGPSGVR,1393,1411,1,1804.8211922452701,4,1,Tupaia chinensis,Tupaia,,Tupaiidae,Scandentia
2849,AGVMGPPGNR,1393,1402,0,955.4778110853099,0,0,Tupaia chinensis,Tupaia,,Tupaiidae,Scandentia
2850,AGVMGPPGNR,1393,1402,0,956.4618270853099,0,1,Tupaia chinensis,Tupaia,,Tupaiidae,Scandentia
2851,AGVMGPPGNR,1393,1402,0,971.4719610853099,1,0,Tupaia chinensis,Tupaia,,Tupaiidae,Scandentia
2852,AGVMGPPGNR,1393,1402,0,972.4559770853099,1,1,Tupaia chinensis,Tupaia,,Tupaiidae,Scandentia
2853,AGVMGPPGNR,1393,1402,0,987.4661110853099,2,0,Tupaia chinensis,Tupaia,,Tupaiidae,Scandentia
2854,AGVMGPPGNR,1393,1402,0,988.4501270853099,2,1,Tupaia chinensis,Tupaia,,Tupaiidae,Scandentia
2855,AGVMGPPGNR,1393,1402,0,1003.4602610853099,3,0,Tupaia chinensis,Tupaia,,Tupaiidae,Scandentia
2856,AGVMGPPGNR,1393,1402,0,1004.4442770853099,3,1,Tupaia chinensis,Tupaia,,Tupaiidae,Scandentia
2857,GSSGPSGVR,1403,1411,0,803.4006063104299,0,0,Tupaia chinensis,Tupaia,,Tupaiidae,Scandentia
2858,GSSGPSGVR,1403,1411,0,819.3947563104299,1,0,Tupaia chinensis,Tupaia,,Tupaiidae,Scandentia
2859,GSSGPSGVRGPNGDPGRPGEPGLMGPR,1403,1429,1,2545.23244236836,0,0,Tupaia chinensis,Tupaia,,Tupaiidae,Scandentia
2860,GSSGPSGVRGPNGDPGRPGEPGLMGPR,1403,1429,1,2546.21645836836,0,1,Tupaia chinensis,Tupaia,,Tupaiidae,Scandentia
2861,GSSGPSGVRGPNGDPGRPGEPGLMGPR,1403,1429,1,2561.22659236836,1,0,Tupaia chinensis,Tupaia,,Tupaiidae,Scandentia
2862,GSSGPSGVRGPNGDPGRPGEPGLMGPR,1403,1429,1,2562.2106083683598,1,1,Tupaia chinensis,Tupaia,,Tupaiidae,Scandentia
2863,GSSGPSGVRGPNGDPGRPGEPGLMGPR,1403,1429,1,2577.22074236836,2,0,Tupaia chinensis,Tupaia,,Tupaiidae,Scandentia
2864,GSSGPSGVRGPNGDPGRPGEPGLMGPR,1403,1429,1,2578.2047583683598,2,1,Tupaia chinensis,Tupaia,,Tupaiidae,Scandentia
2865,GSSGPSGVRGPNGDPGRPGEPGLMGPR,1403,1429,1,2593.21489236836,3,0,Tupaia chinensis,Tupaia,,Tupaiidae,Scandentia
2866,GSSGPSGVRGPNGDPGRPGEPGLMGPR,1403,1429,1,2594.1989083683598,3,1,Tupaia chinensis,Tupaia,,Tupaiidae,Scandentia
2867,GSSGPSGVRGPNGDPGRPGEPGLMGPR,1403,1429,1,2609.20904236836,4,0,Tupaia chinensis,Tupaia,,Tupaiidae,Scandentia
2868,GSSGPSGVRGPNGDPGRPGEPGLMGPR,1403,1429,1,2610.1930583683597,4,1,Tupaia chinensis,Tupaia,,Tupaiidae,Scandentia
2869,GSSGPSGVRGPNGDPGRPGEPGLMGPR,1403,1429,1,2625.20319236836,5,0,Tupaia chinensis,Tupaia,,Tupaiidae,Scandentia
2870,GSSGPSGVRGPNGDPGRPGEPGLMGPR,1403,1429,1,2626.1872083683597,5,1,Tupaia chinensis,Tupaia,,Tupaiidae,Scandentia
2871,GSSGPSGVRGPNGDPGRPGEPGLMGPR,1403,1429,1,2641.19734236836,6,0,Tupaia chinensis,Tupaia,,Tupaiidae,Scandentia
2872,GSSGPSGVRGPNGDPGRPGEPGLMGPR,1403,1429,1,2642.1813583683597,6,1,Tupaia chinensis,Tupaia,,Tupaiidae,Scandentia
2873,GSSGPSGVRGPNGDPGRPGEPGLMGPR,1403,1429,1,2657.19149236836,7,0,Tupaia chinensis,Tupaia,,Tupaiidae,Scandentia
2874,GSSGPSGVRGPNGDPGRPGEPGLMGPR,1403,1429,1,2658.1755083683597,7,1,Tupaia chinensis,Tupaia,,Tupaiidae,Scandentia
2875,GPNGDPGRPGEPGLMGPR,1412,1429,0,1760.8496772084,0,0,Tupaia chinensis,Tupaia,,Tupaiidae,Scandentia
2876,GPNGDPGRPGEPGLMGPR,1412,1429,0,1761.8336932084,0,1,Tupaia chinensis,Tupaia,,Tupaiidae,Scandentia
2877,GPNGDPGRPGEPGLMGPR,1412,1429,0,1776.8438272084,1,0,Tupaia chinensis,Tupaia,,Tupaiidae,Scandentia
2878,GPNGDPGRPGEPGLMGPR,1412,1429,0,1777.8278432084,1,1,Tupaia chinensis,Tupaia,,Tupaiidae,Scandentia
2879,GPNGDPGRPGEPGLMGPR,1412,1429,0,1792.8379772084,2,0,Tupaia chinensis,Tupaia,,Tupaiidae,Scandentia
2880,GPNGDPGRPGEPGLMGPR,1412,1429,0,1793.8219932084,2,1,Tupaia chinensis,Tupaia,,Tupaiidae,Scandentia
2881,GPNGDPGRPGEPGLMGPR,1412,1429,0,1808.8321272084,3,0,Tupaia chinensis,Tupaia,,Tupaiidae,Scandentia
2882,GPNGDPGRPGEPGLMGPR,1412,1429,0,1809.8161432084,3,1,Tupaia chinensis,Tupaia,,Tupaiidae,Scandentia
2883,GPNGDPGRPGEPGLMGPR,1412,1429,0,1824.8262772084,4,0,Tupaia chinensis,Tupaia,,Tupaiidae,Scandentia
2884,GPNGDPGRPGEPGLMGPR,1412,1429,0,1825.8102932084,4,1,Tupaia chinensis,Tupaia,,Tupaiidae,Scandentia
2885,GPNGDPGRPGEPGLMGPR,1412,1429,0,1840.8204272084,5,0,Tupaia chinensis,Tupaia,,Tupaiidae,Scandentia
2886,GPNGDPGRPGEPGLMGPR,1412,1429,0,1841.8044432084,5,1,Tupaia chinensis,Tupaia,,Tupaiidae,Scandentia
2887,GPNGDPGRPGEPGLMGPR,1412,1429,0,1856.8145772084,6,0,Tupaia chinensis,Tupaia,,Tupaiidae,Scandentia
2888,GPNGDPGRPGEPGLMGPR,1412,1429,0,1857.7985932084,6,1,Tupaia chinensis,Tupaia,,Tupaiidae,Scandentia
2889,GPNGDPGRPGEPGLMGPRGLPGSPGNIGPAGK,1412,1443,1,2963.4904479561797,0,0,Tupaia chinensis,Tupaia,,Tupaiidae,Scandentia
2890,GPNGDPGRPGEPGLMGPRGLPGSPGNIGPAGK,1412,1443,1,2964.4744639561795,0,1,Tupaia chinensis,Tupaia,,Tupaiidae,Scandentia
2891,GPNGDPGRPGEPGLMGPRGLPGSPGNIGPAGK,1412,1443,1,2965.45847995618,0,2,Tupaia chinensis,Tupaia,,Tupaiidae,Scandentia
2892,GPNGDPGRPGEPGLMGPRGLPGSPGNIGPAGK,1412,1443,1,2979.4845979561796,1,0,Tupaia chinensis,Tupaia,,Tupaiidae,Scandentia
2893,GPNGDPGRPGEPGLMGPRGLPGSPGNIGPAGK,1412,1443,1,2980.4686139561795,1,1,Tupaia chinensis,Tupaia,,Tupaiidae,Scandentia
2894,GPNGDPGRPGEPGLMGPRGLPGSPGNIGPAGK,1412,1443,1,2981.45262995618,1,2,Tupaia chinensis,Tupaia,,Tupaiidae,Scandentia
2895,GPNGDPGRPGEPGLMGPRGLPGSPGNIGPAGK,1412,1443,1,2995.4787479561796,2,0,Tupaia chinensis,Tupaia,,Tupaiidae,Scandentia
2896,GPNGDPGRPGEPGLMGPRGLPGSPGNIGPAGK,1412,1443,1,2996.4627639561795,2,1,Tupaia chinensis,Tupaia,,Tupaiidae,Scandentia
2897,GPNGDPGRPGEPGLMGPRGLPGSPGNIGPAGK,1412,1443,1,2997.44677995618,2,2,Tupaia chinensis,Tupaia,,Tupaiidae,Scandentia
2898,GPNGDPGRPGEPGLMGPRGLPGSPGNIGPAGK,1412,1443,1,3011.4728979561796,3,0,Tupaia chinensis,Tupaia,,Tupaiidae,Scandentia
2899,GPNGDPGRPGEPGLMGPRGLPGSPGNIGPAGK,1412,1443,1,3012.4569139561795,3,1,Tupaia chinensis,Tupaia,,Tupaiidae,Scandentia
2900,GPNGDPGRPGEPGLMGPRGLPGSPGNIGPAGK,1412,1443,1,3013.44092995618,3,2,Tupaia chinensis,Tupaia,,Tupaiidae,Scandentia
2901,GPNGDPGRPGEPGLMGPRGLPGSPGNIGPAGK,1412,1443,1,3027.4670479561796,4,0,Tupaia chinensis,Tupaia,,Tupaiidae,Scandentia
2902,GPNGDPGRPGEPGLMGPRGLPGSPGNIGPAGK,1412,1443,1,3028.4510639561795,4,1,Tupaia chinensis,Tupaia,,Tupaiidae,Scandentia
2903,GPNGDPGRPGEPGLMGPRGLPGSPGNIGPAGK,1412,1443,1,3029.43507995618,4,2,Tupaia chinensis,Tupaia,,Tupaiidae,Scandentia
2904,GPNGDPGRPGEPGLMGPRGLPGSPGNIGPAGK,1412,1443,1,3043.4611979561796,5,0,Tupaia chinensis,Tupaia,,Tupaiidae,Scandentia
2905,GPNGDPGRPGEPGLMGPRGLPGSPGNIGPAGK,1412,1443,1,3044.4452139561795,5,1,Tupaia chinensis,Tupaia,,Tupaiidae,Scandentia
2906,GPNGDPGRPGEPGLMGPRGLPGSPGNIGPAGK,1412,1443,1,3045.42922995618,5,2,Tupaia chinensis,Tupaia,,Tupaiidae,Scandentia
2907,GPNGDPGRPGEPGLMGPRGLPGSPGNIGPAGK,1412,1443,1,3059.4553479561796,6,0,Tupaia chinensis,Tupaia,,Tupaiidae,Scandentia
2908,GPNGDPGRPGEPGLMGPRGLPGSPGNIGPAGK,1412,1443,1,3060.4393639561795,6,1,Tupaia chinensis,Tupaia,,Tupaiidae,Scandentia
2909,GPNGDPGRPGEPGLMGPRGLPGSPGNIGPAGK,1412,1443,1,3061.42337995618,6,2,Tupaia chinensis,Tupaia,,Tupaiidae,Scandentia
2910,GPNGDPGRPGEPGLMGPRGLPGSPGNIGPAGK,1412,1443,1,3075.4494979561796,7,0,Tupaia chinensis,Tupaia,,Tupaiidae,Scandentia
2911,GPNGDPGRPGEPGLMGPRGLPGSPGNIGPAGK,1412,1443,1,3076.4335139561795,7,1,Tupaia chinensis,Tupaia,,Tupaiidae,Scandentia
2912,GPNGDPGRPGEPGLMGPRGLPGSPGNIGPAGK,1412,1443,1,3077.41752995618,7,2,Tupaia chinensis,Tupaia,,Tupaiidae,Scandentia
2913,GPNGDPGRPGEPGLMGPRGLPGSPGNIGPAGK,1412,1443,1,3091.4436479561796,8,0,Tupaia chinensis,Tupaia,,Tupaiidae,Scandentia
2914,GPNGDPGRPGEPGLMGPRGLPGSPGNIGPAGK,1412,1443,1,3092.4276639561795,8,1,Tupaia chinensis,Tupaia,,Tupaiidae,Scandentia
2915,GPNGDPGRPGEPGLMGPRGLPGSPGNIGPAGK,1412,1443,1,3093.41167995618,8,2,Tupaia chinensis,Tupaia,,Tupaiidae,Scandentia
2916,GPNGDPGRPGEPGLMGPRGLPGSPGNIGPAGK,1412,1443,1,3107.4377979561796,9,0,Tupaia chinensis,Tupaia,,Tupaiidae,Scandentia
2917,GPNGDPGRPGEPGLMGPRGLPGSPGNIGPAGK,1412,1443,1,3108.4218139561794,9,1,Tupaia chinensis,Tupaia,,Tupaiidae,Scandentia
2918,GPNGDPGRPGEPGLMGPRGLPGSPGNIGPAGK,1412,1443,1,3109.40582995618,9,2,Tupaia chinensis,Tupaia,,Tupaiidae,Scandentia
2919,GPNGDPGRPGEPGLMGPRGLPGSPGNIGPAGK,1412,1443,1,3123.4319479561796,10,0,Tupaia chinensis,Tupaia,,Tupaiidae,Scandentia
2920,GPNGDPGRPGEPGLMGPRGLPGSPGNIGPAGK,1412,1443,1,3124.4159639561794,10,1,Tupaia chinensis,Tupaia,,Tupaiidae,Scandentia
2921,GPNGDPGRPGEPGLMGPRGLPGSPGNIGPAGK,1412,1443,1,3125.39997995618,10,2,Tupaia chinensis,Tupaia,,Tupaiidae,Scandentia
2922,GLPGSPGNIGPAGK,1430,1443,0,1221.65861189825,0,0,Tupaia chinensis,Tupaia,,Tupaiidae,Scandentia
2923,GLPGSPGNIGPAGK,1430,1443,0,1222.64262789825,0,1,Tupaia chinensis,Tupaia,,Tupaiidae,Scandentia
2924,GLPGSPGNIGPAGK,1430,1443,0,1237.65276189825,1,0,Tupaia chinensis,Tupaia,,Tupaiidae,Scandentia
2925,GLPGSPGNIGPAGK,1430,1443,0,1238.63677789825,1,1,Tupaia chinensis,Tupaia,,Tupaiidae,Scandentia
2926,GLPGSPGNIGPAGK,1430,1443,0,1253.64691189825,2,0,Tupaia chinensis,Tupaia,,Tupaiidae,Scandentia
2927,GLPGSPGNIGPAGK,1430,1443,0,1254.63092789825,2,1,Tupaia chinensis,Tupaia,,Tupaiidae,Scandentia
2928,GLPGSPGNIGPAGK,1430,1443,0,1269.64106189825,3,0,Tupaia chinensis,Tupaia,,Tupaiidae,Scandentia
2929,GLPGSPGNIGPAGK,1430,1443,0,1270.62507789825,3,1,Tupaia chinensis,Tupaia,,Tupaiidae,Scandentia
2930,GLPGSPGNIGPAGK,1430,1443,0,1285.63521189825,4,0,Tupaia chinensis,Tupaia,,Tupaiidae,Scandentia
2931,GLPGSPGNIGPAGK,1430,1443,0,1286.61922789825,4,1,Tupaia chinensis,Tupaia,,Tupaiidae,Scandentia
2932,GLPGSPGNIGPAGKEGPVGLPGIDGRPGPIGPAGAR,1430,1465,1,3242.7392687592896,0,0,Tupaia chinensis,Tupaia,,Tupaiidae,Scandentia
2933,GLPGSPGNIGPAGKEGPVGLPGIDGRPGPIGPAGAR,1430,1465,1,3243.7232847592895,0,1,Tupaia chinensis,Tupaia,,Tupaiidae,Scandentia
2934,GLPGSPGNIGPAGKEGPVGLPGIDGRPGPIGPAGAR,1430,1465,1,3258.7334187592896,1,0,Tupaia chinensis,Tupaia,,Tupaiidae,Scandentia
2935,GLPGSPGNIGPAGKEGPVGLPGIDGRPGPIGPAGAR,1430,1465,1,3259.7174347592895,1,1,Tupaia chinensis,Tupaia,,Tupaiidae,Scandentia
2936,GLPGSPGNIGPAGKEGPVGLPGIDGRPGPIGPAGAR,1430,1465,1,3274.7275687592896,2,0,Tupaia chinensis,Tupaia,,Tupaiidae,Scandentia
2937,GLPGSPGNIGPAGKEGPVGLPGIDGRPGPIGPAGAR,1430,1465,1,3275.7115847592895,2,1,Tupaia chinensis,Tupaia,,Tupaiidae,Scandentia
2938,GLPGSPGNIGPAGKEGPVGLPGIDGRPGPIGPAGAR,1430,1465,1,3290.7217187592896,3,0,Tupaia chinensis,Tupaia,,Tupaiidae,Scandentia
2939,GLPGSPGNIGPAGKEGPVGLPGIDGRPGPIGPAGAR,1430,1465,1,3291.7057347592895,3,1,Tupaia chinensis,Tupaia,,Tupaiidae,Scandentia
2940,GLPGSPGNIGPAGKEGPVGLPGIDGRPGPIGPAGAR,1430,1465,1,3306.7158687592896,4,0,Tupaia chinensis,Tupaia,,Tupaiidae,Scandentia
2941,GLPGSPGNIGPAGKEGPVGLPGIDGRPGPIGPAGAR,1430,1465,1,3307.6998847592895,4,1,Tupaia chinensis,Tupaia,,Tupaiidae,Scandentia
2942,GLPGSPGNIGPAGKEGPVGLPGIDGRPGPIGPAGAR,1430,1465,1,3322.7100187592896,5,0,Tupaia chinensis,Tupaia,,Tupaiidae,Scandentia
2943,GLPGSPGNIGPAGKEGPVGLPGIDGRPGPIGPAGAR,1430,1465,1,3323.6940347592895,5,1,Tupaia chinensis,Tupaia,,Tupaiidae,Scandentia
2944,GLPGSPGNIGPAGKEGPVGLPGIDGRPGPIGPAGAR,1430,1465,1,3338.7041687592896,6,0,Tupaia chinensis,Tupaia,,Tupaiidae,Scandentia
2945,GLPGSPGNIGPAGKEGPVGLPGIDGRPGPIGPAGAR,1430,1465,1,3339.6881847592895,6,1,Tupaia chinensis,Tupaia,,Tupaiidae,Scandentia
2946,GLPGSPGNIGPAGKEGPVGLPGIDGRPGPIGPAGAR,1430,1465,1,3354.6983187592896,7,0,Tupaia chinensis,Tupaia,,Tupaiidae,Scandentia
2947,GLPGSPGNIGPAGKEGPVGLPGIDGRPGPIGPAGAR,1430,1465,1,3355.6823347592895,7,1,Tupaia chinensis,Tupaia,,Tupaiidae,Scandentia
2948,GLPGSPGNIGPAGKEGPVGLPGIDGRPGPIGPAGAR,1430,1465,1,3370.6924687592896,8,0,Tupaia chinensis,Tupaia,,Tupaiidae,Scandentia
2949,GLPGSPGNIGPAGKEGPVGLPGIDGRPGPIGPAGAR,1430,1465,1,3371.6764847592895,8,1,Tupaia chinensis,Tupaia,,Tupaiidae,Scandentia
2950,GLPGSPGNIGPAGKEGPVGLPGIDGRPGPIGPAGAR,1430,1465,1,3386.6866187592896,9,0,Tupaia chinensis,Tupaia,,Tupaiidae,Scandentia
2951,GLPGSPGNIGPAGKEGPVGLPGIDGRPGPIGPAGAR,1430,1465,1,3387.6706347592894,9,1,Tupaia chinensis,Tupaia,,Tupaiidae,Scandentia
2952,EGPVGLPGIDGRPGPIGPAGARGEAGNIGFPGPK,1444,1477,1,3164.65995580943,0,0,Tupaia chinensis,Tupaia,,Tupaiidae,Scandentia
2953,EGPVGLPGIDGRPGPIGPAGARGEAGNIGFPGPK,1444,1477,1,3165.64397180943,0,1,Tupaia chinensis,Tupaia,,Tupaiidae,Scandentia
2954,EGPVGLPGIDGRPGPIGPAGARGEAGNIGFPGPK,1444,1477,1,3180.65410580943,1,0,Tupaia chinensis,Tupaia,,Tupaiidae,Scandentia
2955,EGPVGLPGIDGRPGPIGPAGARGEAGNIGFPGPK,1444,1477,1,3181.63812180943,1,1,Tupaia chinensis,Tupaia,,Tupaiidae,Scandentia
2956,EGPVGLPGIDGRPGPIGPAGARGEAGNIGFPGPK,1444,1477,1,3196.64825580943,2,0,Tupaia chinensis,Tupaia,,Tupaiidae,Scandentia
2957,EGPVGLPGIDGRPGPIGPAGARGEAGNIGFPGPK,1444,1477,1,3197.6322718094298,2,1,Tupaia chinensis,Tupaia,,Tupaiidae,Scandentia
2958,EGPVGLPGIDGRPGPIGPAGARGEAGNIGFPGPK,1444,1477,1,3212.64240580943,3,0,Tupaia chinensis,Tupaia,,Tupaiidae,Scandentia
2959,EGPVGLPGIDGRPGPIGPAGARGEAGNIGFPGPK,1444,1477,1,3213.6264218094298,3,1,Tupaia chinensis,Tupaia,,Tupaiidae,Scandentia
2960,EGPVGLPGIDGRPGPIGPAGARGEAGNIGFPGPK,1444,1477,1,3228.63655580943,4,0,Tupaia chinensis,Tupaia,,Tupaiidae,Scandentia
2961,EGPVGLPGIDGRPGPIGPAGARGEAGNIGFPGPK,1444,1477,1,3229.6205718094297,4,1,Tupaia chinensis,Tupaia,,Tupaiidae,Scandentia
2962,EGPVGLPGIDGRPGPIGPAGARGEAGNIGFPGPK,1444,1477,1,3244.63070580943,5,0,Tupaia chinensis,Tupaia,,Tupaiidae,Scandentia
2963,EGPVGLPGIDGRPGPIGPAGARGEAGNIGFPGPK,1444,1477,1,3245.6147218094297,5,1,Tupaia chinensis,Tupaia,,Tupaiidae,Scandentia
2964,EGPVGLPGIDGRPGPIGPAGARGEAGNIGFPGPK,1444,1477,1,3260.62485580943,6,0,Tupaia chinensis,Tupaia,,Tupaiidae,Scandentia
2965,EGPVGLPGIDGRPGPIGPAGARGEAGNIGFPGPK,1444,1477,1,3261.6088718094297,6,1,Tupaia chinensis,Tupaia,,Tupaiidae,Scandentia
2966,EGPVGLPGIDGRPGPIGPAGARGEAGNIGFPGPK,1444,1477,1,3276.61900580943,7,0,Tupaia chinensis,Tupaia,,Tupaiidae,Scandentia
2967,EGPVGLPGIDGRPGPIGPAGARGEAGNIGFPGPK,1444,1477,1,3277.6030218094297,7,1,Tupaia chinensis,Tupaia,,Tupaiidae,Scandentia
2968,EGPVGLPGIDGRPGPIGPAGARGEAGNIGFPGPK,1444,1477,1,3292.61315580943,8,0,Tupaia chinensis,Tupaia,,Tupaiidae,Scandentia
2969,EGPVGLPGIDGRPGPIGPAGARGEAGNIGFPGPK,1444,1477,1,3293.5971718094297,8,1,Tupaia chinensis,Tupaia,,Tupaiidae,Scandentia
2970,EGPVGLPGIDGRPGPIGPAGAR,1444,1465,0,2040.0984980115102,0,0,Tupaia chinensis,Tupaia,,Tupaiidae,Scandentia
2971,EGPVGLPGIDGRPGPIGPAGAR,1444,1465,0,2056.0926480115104,1,0,Tupaia chinensis,Tupaia,,Tupaiidae,Scandentia
2972,EGPVGLPGIDGRPGPIGPAGAR,1444,1465,0,2072.0867980115104,2,0,Tupaia chinensis,Tupaia,,Tupaiidae,Scandentia
2973,EGPVGLPGIDGRPGPIGPAGAR,1444,1465,0,2088.0809480115104,3,0,Tupaia chinensis,Tupaia,,Tupaiidae,Scandentia
2974,EGPVGLPGIDGRPGPIGPAGAR,1444,1465,0,2104.0750980115104,4,0,Tupaia chinensis,Tupaia,,Tupaiidae,Scandentia
2975,EGPVGLPGIDGRPGPIGPAGAR,1444,1465,0,2120.0692480115104,5,0,Tupaia chinensis,Tupaia,,Tupaiidae,Scandentia
2976,GEAGNIGFPGPK,1466,1477,0,1143.57929894839,0,0,Tupaia chinensis,Tupaia,,Tupaiidae,Scandentia
2977,GEAGNIGFPGPK,1466,1477,0,1144.5633149483901,0,1,Tupaia chinensis,Tupaia,,Tupaiidae,Scandentia
2978,GEAGNIGFPGPK,1466,1477,0,1159.57344894839,1,0,Tupaia chinensis,Tupaia,,Tupaiidae,Scandentia
2979,GEAGNIGFPGPK,1466,1477,0,1160.5574649483901,1,1,Tupaia chinensis,Tupaia,,Tupaiidae,Scandentia
2980,GEAGNIGFPGPK,1466,1477,0,1175.56759894839,2,0,Tupaia chinensis,Tupaia,,Tupaiidae,Scandentia
2981,GEAGNIGFPGPK,1466,1477,0,1176.5516149483901,2,1,Tupaia chinensis,Tupaia,,Tupaiidae,Scandentia
2982,GEAGNIGFPGPK,1466,1477,0,1191.56174894839,3,0,Tupaia chinensis,Tupaia,,Tupaiidae,Scandentia
2983,GEAGNIGFPGPK,1466,1477,0,1192.5457649483901,3,1,Tupaia chinensis,Tupaia,,Tupaiidae,Scandentia
2984,GEAGNIGFPGPKGPTGDPGKPGEK,1466,1489,1,2264.1305859854297,0,0,Tupaia chinensis,Tupaia,,Tupaiidae,Scandentia
2985,GEAGNIGFPGPKGPTGDPGKPGEK,1466,1489,1,2265.1146019854295,0,1,Tupaia chinensis,Tupaia,,Tupaiidae,Scandentia
2986,GEAGNIGFPGPKGPTGDPGKPGEK,1466,1489,1,2280.1247359854297,1,0,Tupaia chinensis,Tupaia,,Tupaiidae,Scandentia
2987,GEAGNIGFPGPKGPTGDPGKPGEK,1466,1489,1,2281.1087519854295,1,1,Tupaia chinensis,Tupaia,,Tupaiidae,Scandentia
2988,GEAGNIGFPGPKGPTGDPGKPGEK,1466,1489,1,2296.1188859854296,2,0,Tupaia chinensis,Tupaia,,Tupaiidae,Scandentia
2989,GEAGNIGFPGPKGPTGDPGKPGEK,1466,1489,1,2297.1029019854295,2,1,Tupaia chinensis,Tupaia,,Tupaiidae,Scandentia
2990,GEAGNIGFPGPKGPTGDPGKPGEK,1466,1489,1,2312.1130359854296,3,0,Tupaia chinensis,Tupaia,,Tupaiidae,Scandentia
2991,GEAGNIGFPGPKGPTGDPGKPGEK,1466,1489,1,2313.0970519854295,3,1,Tupaia chinensis,Tupaia,,Tupaiidae,Scandentia
2992,GEAGNIGFPGPKGPTGDPGKPGEK,1466,1489,1,2328.1071859854296,4,0,Tupaia chinensis,Tupaia,,Tupaiidae,Scandentia
2993,GEAGNIGFPGPKGPTGDPGKPGEK,1466,1489,1,2329.0912019854295,4,1,Tupaia chinensis,Tupaia,,Tupaiidae,Scandentia
2994,GEAGNIGFPGPKGPTGDPGKPGEK,1466,1489,1,2344.1013359854296,5,0,Tupaia chinensis,Tupaia,,Tupaiidae,Scandentia
2995,GEAGNIGFPGPKGPTGDPGKPGEK,1466,1489,1,2345.0853519854295,5,1,Tupaia chinensis,Tupaia,,Tupaiidae,Scandentia
2996,GEAGNIGFPGPKGPTGDPGKPGEK,1466,1489,1,2360.0954859854296,6,0,Tupaia chinensis,Tupaia,,Tupaiidae,Scandentia
2997,GEAGNIGFPGPKGPTGDPGKPGEK,1466,1489,1,2361.0795019854295,6,1,Tupaia chinensis,Tupaia,,Tupaiidae,Scandentia
2998,GEAGNIGFPGPKGPTGDPGKPGEK,1466,1489,1,2376.0896359854296,7,0,Tupaia chinensis,Tupaia,,Tupaiidae,Scandentia
2999,GEAGNIGFPGPKGPTGDPGKPGEK,1466,1489,1,2377.0736519854295,7,1,Tupaia chinensis,Tupaia,,Tupaiidae,Scandentia
3000,GEAGNIGFPGPKGPTGDPGKPGEK,1466,1489,1,2392.0837859854296,8,0,Tupaia chinensis,Tupaia,,Tupaiidae,Scandentia
3001,GEAGNIGFPGPKGPTGDPGKPGEK,1466,1489,1,2393.0678019854295,8,1,Tupaia chinensis,Tupaia,,Tupaiidae,Scandentia
3002,GPTGDPGKPGEKGHAGLAGAR,1478,1498,1,1929.98894756253,0,0,Tupaia chinensis,Tupaia,,Tupaiidae,Scandentia
3003,GPTGDPGKPGEKGHAGLAGAR,1478,1498,1,1945.98309756253,1,0,Tupaia chinensis,Tupaia,,Tupaiidae,Scandentia
3004,GPTGDPGKPGEKGHAGLAGAR,1478,1498,1,1961.97724756253,2,0,Tupaia chinensis,Tupaia,,Tupaiidae,Scandentia
3005,GPTGDPGKPGEKGHAGLAGAR,1478,1498,1,1977.97139756253,3,0,Tupaia chinensis,Tupaia,,Tupaiidae,Scandentia
3006,GPTGDPGKPGEKGHAGLAGAR,1478,1498,1,1993.96554756253,4,0,Tupaia chinensis,Tupaia,,Tupaiidae,Scandentia
3007,GPTGDPGKPGEKGHAGLAGAR,1478,1498,1,2009.95969756253,5,0,Tupaia chinensis,Tupaia,,Tupaiidae,Scandentia
3008,GPTGDPGKPGEK,1478,1489,0,1139.56912818751,0,0,Tupaia chinensis,Tupaia,,Tupaiidae,Scandentia
3009,GPTGDPGKPGEK,1478,1489,0,1155.56327818751,1,0,Tupaia chinensis,Tupaia,,Tupaiidae,Scandentia
3010,GPTGDPGKPGEK,1478,1489,0,1171.55742818751,2,0,Tupaia chinensis,Tupaia,,Tupaiidae,Scandentia
3011,GPTGDPGKPGEK,1478,1489,0,1187.55157818751,3,0,Tupaia chinensis,Tupaia,,Tupaiidae,Scandentia
3012,GPTGDPGKPGEK,1478,1489,0,1203.54572818751,4,0,Tupaia chinensis,Tupaia,,Tupaiidae,Scandentia
3013,GPTGDPGKPGEK,1478,1489,0,1219.5398781875099,5,0,Tupaia chinensis,Tupaia,,Tupaiidae,Scandentia
3014,GHAGLAGARGAPGPDGNNGAQGPPGLQGVQGGK,1490,1522,1,2920.45208830151,0,0,Tupaia chinensis,Tupaia,,Tupaiidae,Scandentia
3015,GHAGLAGARGAPGPDGNNGAQGPPGLQGVQGGK,1490,1522,1,2921.4361043015097,0,1,Tupaia chinensis,Tupaia,,Tupaiidae,Scandentia
3016,GHAGLAGARGAPGPDGNNGAQGPPGLQGVQGGK,1490,1522,1,2922.42012030151,0,2,Tupaia chinensis,Tupaia,,Tupaiidae,Scandentia
3017,GHAGLAGARGAPGPDGNNGAQGPPGLQGVQGGK,1490,1522,1,2923.40413630151,0,3,Tupaia chinensis,Tupaia,,Tupaiidae,Scandentia
3018,GHAGLAGARGAPGPDGNNGAQGPPGLQGVQGGK,1490,1522,1,2924.3881523015098,0,4,Tupaia chinensis,Tupaia,,Tupaiidae,Scandentia
3019,GHAGLAGARGAPGPDGNNGAQGPPGLQGVQGGK,1490,1522,1,2925.3721683015096,0,5,Tupaia chinensis,Tupaia,,Tupaiidae,Scandentia
3020,GHAGLAGARGAPGPDGNNGAQGPPGLQGVQGGK,1490,1522,1,2936.4462383015098,1,0,Tupaia chinensis,Tupaia,,Tupaiidae,Scandentia
3021,GHAGLAGARGAPGPDGNNGAQGPPGLQGVQGGK,1490,1522,1,2937.4302543015096,1,1,Tupaia chinensis,Tupaia,,Tupaiidae,Scandentia
3022,GHAGLAGARGAPGPDGNNGAQGPPGLQGVQGGK,1490,1522,1,2938.41427030151,1,2,Tupaia chinensis,Tupaia,,Tupaiidae,Scandentia
3023,GHAGLAGARGAPGPDGNNGAQGPPGLQGVQGGK,1490,1522,1,2939.39828630151,1,3,Tupaia chinensis,Tupaia,,Tupaiidae,Scandentia
3024,GHAGLAGARGAPGPDGNNGAQGPPGLQGVQGGK,1490,1522,1,2940.3823023015098,1,4,Tupaia chinensis,Tupaia,,Tupaiidae,Scandentia
3025,GHAGLAGARGAPGPDGNNGAQGPPGLQGVQGGK,1490,1522,1,2941.3663183015096,1,5,Tupaia chinensis,Tupaia,,Tupaiidae,Scandentia
3026,GHAGLAGARGAPGPDGNNGAQGPPGLQGVQGGK,1490,1522,1,2952.4403883015098,2,0,Tupaia chinensis,Tupaia,,Tupaiidae,Scandentia
3027,GHAGLAGARGAPGPDGNNGAQGPPGLQGVQGGK,1490,1522,1,2953.4244043015096,2,1,Tupaia chinensis,Tupaia,,Tupaiidae,Scandentia
3028,GHAGLAGARGAPGPDGNNGAQGPPGLQGVQGGK,1490,1522,1,2954.40842030151,2,2,Tupaia chinensis,Tupaia,,Tupaiidae,Scandentia
3029,GHAGLAGARGAPGPDGNNGAQGPPGLQGVQGGK,1490,1522,1,2955.39243630151,2,3,Tupaia chinensis,Tupaia,,Tupaiidae,Scandentia
3030,GHAGLAGARGAPGPDGNNGAQGPPGLQGVQGGK,1490,1522,1,2956.3764523015097,2,4,Tupaia chinensis,Tupaia,,Tupaiidae,Scandentia
3031,GHAGLAGARGAPGPDGNNGAQGPPGLQGVQGGK,1490,1522,1,2957.3604683015096,2,5,Tupaia chinensis,Tupaia,,Tupaiidae,Scandentia
3032,GHAGLAGARGAPGPDGNNGAQGPPGLQGVQGGK,1490,1522,1,2968.4345383015097,3,0,Tupaia chinensis,Tupaia,,Tupaiidae,Scandentia
3033,GHAGLAGARGAPGPDGNNGAQGPPGLQGVQGGK,1490,1522,1,2969.4185543015096,3,1,Tupaia chinensis,Tupaia,,Tupaiidae,Scandentia
3034,GHAGLAGARGAPGPDGNNGAQGPPGLQGVQGGK,1490,1522,1,2970.40257030151,3,2,Tupaia chinensis,Tupaia,,Tupaiidae,Scandentia
3035,GHAGLAGARGAPGPDGNNGAQGPPGLQGVQGGK,1490,1522,1,2971.38658630151,3,3,Tupaia chinensis,Tupaia,,Tupaiidae,Scandentia
3036,GHAGLAGARGAPGPDGNNGAQGPPGLQGVQGGK,1490,1522,1,2972.3706023015097,3,4,Tupaia chinensis,Tupaia,,Tupaiidae,Scandentia
3037,GHAGLAGARGAPGPDGNNGAQGPPGLQGVQGGK,1490,1522,1,2973.3546183015096,3,5,Tupaia chinensis,Tupaia,,Tupaiidae,Scandentia
3038,GHAGLAGARGAPGPDGNNGAQGPPGLQGVQGGK,1490,1522,1,2984.4286883015097,4,0,Tupaia chinensis,Tupaia,,Tupaiidae,Scandentia
3039,GHAGLAGARGAPGPDGNNGAQGPPGLQGVQGGK,1490,1522,1,2985.4127043015096,4,1,Tupaia chinensis,Tupaia,,Tupaiidae,Scandentia
3040,GHAGLAGARGAPGPDGNNGAQGPPGLQGVQGGK,1490,1522,1,2986.39672030151,4,2,Tupaia chinensis,Tupaia,,Tupaiidae,Scandentia
3041,GHAGLAGARGAPGPDGNNGAQGPPGLQGVQGGK,1490,1522,1,2987.38073630151,4,3,Tupaia chinensis,Tupaia,,Tupaiidae,Scandentia
3042,GHAGLAGARGAPGPDGNNGAQGPPGLQGVQGGK,1490,1522,1,2988.3647523015097,4,4,Tupaia chinensis,Tupaia,,Tupaiidae,Scandentia
3043,GHAGLAGARGAPGPDGNNGAQGPPGLQGVQGGK,1490,1522,1,2989.3487683015096,4,5,Tupaia chinensis,Tupaia,,Tupaiidae,Scandentia
3044,GHAGLAGARGAPGPDGNNGAQGPPGLQGVQGGK,1490,1522,1,3000.4228383015097,5,0,Tupaia chinensis,Tupaia,,Tupaiidae,Scandentia
3045,GHAGLAGARGAPGPDGNNGAQGPPGLQGVQGGK,1490,1522,1,3001.4068543015096,5,1,Tupaia chinensis,Tupaia,,Tupaiidae,Scandentia
3046,GHAGLAGARGAPGPDGNNGAQGPPGLQGVQGGK,1490,1522,1,3002.39087030151,5,2,Tupaia chinensis,Tupaia,,Tupaiidae,Scandentia
3047,GHAGLAGARGAPGPDGNNGAQGPPGLQGVQGGK,1490,1522,1,3003.37488630151,5,3,Tupaia chinensis,Tupaia,,Tupaiidae,Scandentia
3048,GHAGLAGARGAPGPDGNNGAQGPPGLQGVQGGK,1490,1522,1,3004.3589023015097,5,4,Tupaia chinensis,Tupaia,,Tupaiidae,Scandentia
3049,GHAGLAGARGAPGPDGNNGAQGPPGLQGVQGGK,1490,1522,1,3005.3429183015096,5,5,Tupaia chinensis,Tupaia,,Tupaiidae,Scandentia
3050,GHAGLAGAR,1490,1498,0,809.43766052549,0,0,Tupaia chinensis,Tupaia,,Tupaiidae,Scandentia
3051,GAPGPDGNNGAQGPPGLQGVQGGKGEQGPAGPPGFQGLPGPAGTAGEVGKPGER,1499,1552,1,4883.38440916301,0,0,Tupaia chinensis,Tupaia,,Tupaiidae,Scandentia
3052,GAPGPDGNNGAQGPPGLQGVQGGKGEQGPAGPPGFQGLPGPAGTAGEVGKPGER,1499,1552,1,4884.36842516301,0,1,Tupaia chinensis,Tupaia,,Tupaiidae,Scandentia
3053,GAPGPDGNNGAQGPPGLQGVQGGKGEQGPAGPPGFQGLPGPAGTAGEVGKPGER,1499,1552,1,4885.35244116301,0,2,Tupaia chinensis,Tupaia,,Tupaiidae,Scandentia
3054,GAPGPDGNNGAQGPPGLQGVQGGKGEQGPAGPPGFQGLPGPAGTAGEVGKPGER,1499,1552,1,4886.33645716301,0,3,Tupaia chinensis,Tupaia,,Tupaiidae,Scandentia
3055,GAPGPDGNNGAQGPPGLQGVQGGKGEQGPAGPPGFQGLPGPAGTAGEVGKPGER,1499,1552,1,4887.32047316301,0,4,Tupaia chinensis,Tupaia,,Tupaiidae,Scandentia
3056,GAPGPDGNNGAQGPPGLQGVQGGKGEQGPAGPPGFQGLPGPAGTAGEVGKPGER,1499,1552,1,4888.30448916301,0,5,Tupaia chinensis,Tupaia,,Tupaiidae,Scandentia
3057,GAPGPDGNNGAQGPPGLQGVQGGKGEQGPAGPPGFQGLPGPAGTAGEVGKPGER,1499,1552,1,4889.28850516301,0,6,Tupaia chinensis,Tupaia,,Tupaiidae,Scandentia
3058,GAPGPDGNNGAQGPPGLQGVQGGKGEQGPAGPPGFQGLPGPAGTAGEVGKPGER,1499,1552,1,4890.2725211630095,0,7,Tupaia chinensis,Tupaia,,Tupaiidae,Scandentia
3059,GAPGPDGNNGAQGPPGLQGVQGGKGEQGPAGPPGFQGLPGPAGTAGEVGKPGER,1499,1552,1,4899.37855916301,1,0,Tupaia chinensis,Tupaia,,Tupaiidae,Scandentia
3060,GAPGPDGNNGAQGPPGLQGVQGGKGEQGPAGPPGFQGLPGPAGTAGEVGKPGER,1499,1552,1,4900.362575163011,1,1,Tupaia chinensis,Tupaia,,Tupaiidae,Scandentia
3061,GAPGPDGNNGAQGPPGLQGVQGGKGEQGPAGPPGFQGLPGPAGTAGEVGKPGER,1499,1552,1,4901.34659116301,1,2,Tupaia chinensis,Tupaia,,Tupaiidae,Scandentia
3062,GAPGPDGNNGAQGPPGLQGVQGGKGEQGPAGPPGFQGLPGPAGTAGEVGKPGER,1499,1552,1,4902.33060716301,1,3,Tupaia chinensis,Tupaia,,Tupaiidae,Scandentia
3063,GAPGPDGNNGAQGPPGLQGVQGGKGEQGPAGPPGFQGLPGPAGTAGEVGKPGER,1499,1552,1,4903.314623163011,1,4,Tupaia chinensis,Tupaia,,Tupaiidae,Scandentia
3064,GAPGPDGNNGAQGPPGLQGVQGGKGEQGPAGPPGFQGLPGPAGTAGEVGKPGER,1499,1552,1,4904.29863916301,1,5,Tupaia chinensis,Tupaia,,Tupaiidae,Scandentia
3065,GAPGPDGNNGAQGPPGLQGVQGGKGEQGPAGPPGFQGLPGPAGTAGEVGKPGER,1499,1552,1,4905.2826551630105,1,6,Tupaia chinensis,Tupaia,,Tupaiidae,Scandentia
3066,GAPGPDGNNGAQGPPGLQGVQGGKGEQGPAGPPGFQGLPGPAGTAGEVGKPGER,1499,1552,1,4906.26667116301,1,7,Tupaia chinensis,Tupaia,,Tupaiidae,Scandentia
3067,GAPGPDGNNGAQGPPGLQGVQGGKGEQGPAGPPGFQGLPGPAGTAGEVGKPGER,1499,1552,1,4915.37270916301,2,0,Tupaia chinensis,Tupaia,,Tupaiidae,Scandentia
3068,GAPGPDGNNGAQGPPGLQGVQGGKGEQGPAGPPGFQGLPGPAGTAGEVGKPGER,1499,1552,1,4916.35672516301,2,1,Tupaia chinensis,Tupaia,,Tupaiidae,Scandentia
3069,GAPGPDGNNGAQGPPGLQGVQGGKGEQGPAGPPGFQGLPGPAGTAGEVGKPGER,1499,1552,1,4917.34074116301,2,2,Tupaia chinensis,Tupaia,,Tupaiidae,Scandentia
3070,GAPGPDGNNGAQGPPGLQGVQGGKGEQGPAGPPGFQGLPGPAGTAGEVGKPGER,1499,1552,1,4918.32475716301,2,3,Tupaia chinensis,Tupaia,,Tupaiidae,Scandentia
3071,GAPGPDGNNGAQGPPGLQGVQGGKGEQGPAGPPGFQGLPGPAGTAGEVGKPGER,1499,1552,1,4919.30877316301,2,4,Tupaia chinensis,Tupaia,,Tupaiidae,Scandentia
3072,GAPGPDGNNGAQGPPGLQGVQGGKGEQGPAGPPGFQGLPGPAGTAGEVGKPGER,1499,1552,1,4920.29278916301,2,5,Tupaia chinensis,Tupaia,,Tupaiidae,Scandentia
3073,GAPGPDGNNGAQGPPGLQGVQGGKGEQGPAGPPGFQGLPGPAGTAGEVGKPGER,1499,1552,1,4921.27680516301,2,6,Tupaia chinensis,Tupaia,,Tupaiidae,Scandentia
3074,GAPGPDGNNGAQGPPGLQGVQGGKGEQGPAGPPGFQGLPGPAGTAGEVGKPGER,1499,1552,1,4922.2608211630095,2,7,Tupaia chinensis,Tupaia,,Tupaiidae,Scandentia
3075,GAPGPDGNNGAQGPPGLQGVQGGKGEQGPAGPPGFQGLPGPAGTAGEVGKPGER,1499,1552,1,4931.36685916301,3,0,Tupaia chinensis,Tupaia,,Tupaiidae,Scandentia
3076,GAPGPDGNNGAQGPPGLQGVQGGKGEQGPAGPPGFQGLPGPAGTAGEVGKPGER,1499,1552,1,4932.350875163011,3,1,Tupaia chinensis,Tupaia,,Tupaiidae,Scandentia
3077,GAPGPDGNNGAQGPPGLQGVQGGKGEQGPAGPPGFQGLPGPAGTAGEVGKPGER,1499,1552,1,4933.33489116301,3,2,Tupaia chinensis,Tupaia,,Tupaiidae,Scandentia
3078,GAPGPDGNNGAQGPPGLQGVQGGKGEQGPAGPPGFQGLPGPAGTAGEVGKPGER,1499,1552,1,4934.31890716301,3,3,Tupaia chinensis,Tupaia,,Tupaiidae,Scandentia
3079,GAPGPDGNNGAQGPPGLQGVQGGKGEQGPAGPPGFQGLPGPAGTAGEVGKPGER,1499,1552,1,4935.302923163011,3,4,Tupaia chinensis,Tupaia,,Tupaiidae,Scandentia
3080,GAPGPDGNNGAQGPPGLQGVQGGKGEQGPAGPPGFQGLPGPAGTAGEVGKPGER,1499,1552,1,4936.28693916301,3,5,Tupaia chinensis,Tupaia,,Tupaiidae,Scandentia
3081,GAPGPDGNNGAQGPPGLQGVQGGKGEQGPAGPPGFQGLPGPAGTAGEVGKPGER,1499,1552,1,4937.2709551630105,3,6,Tupaia chinensis,Tupaia,,Tupaiidae,Scandentia
3082,GAPGPDGNNGAQGPPGLQGVQGGKGEQGPAGPPGFQGLPGPAGTAGEVGKPGER,1499,1552,1,4938.25497116301,3,7,Tupaia chinensis,Tupaia,,Tupaiidae,Scandentia
3083,GAPGPDGNNGAQGPPGLQGVQGGKGEQGPAGPPGFQGLPGPAGTAGEVGKPGER,1499,1552,1,4947.36100916301,4,0,Tupaia chinensis,Tupaia,,Tupaiidae,Scandentia
3084,GAPGPDGNNGAQGPPGLQGVQGGKGEQGPAGPPGFQGLPGPAGTAGEVGKPGER,1499,1552,1,4948.34502516301,4,1,Tupaia chinensis,Tupaia,,Tupaiidae,Scandentia
3085,GAPGPDGNNGAQGPPGLQGVQGGKGEQGPAGPPGFQGLPGPAGTAGEVGKPGER,1499,1552,1,4949.32904116301,4,2,Tupaia chinensis,Tupaia,,Tupaiidae,Scandentia
3086,GAPGPDGNNGAQGPPGLQGVQGGKGEQGPAGPPGFQGLPGPAGTAGEVGKPGER,1499,1552,1,4950.31305716301,4,3,Tupaia chinensis,Tupaia,,Tupaiidae,Scandentia
3087,GAPGPDGNNGAQGPPGLQGVQGGKGEQGPAGPPGFQGLPGPAGTAGEVGKPGER,1499,1552,1,4951.29707316301,4,4,Tupaia chinensis,Tupaia,,Tupaiidae,Scandentia
3088,GAPGPDGNNGAQGPPGLQGVQGGKGEQGPAGPPGFQGLPGPAGTAGEVGKPGER,1499,1552,1,4952.28108916301,4,5,Tupaia chinensis,Tupaia,,Tupaiidae,Scandentia
3089,GAPGPDGNNGAQGPPGLQGVQGGKGEQGPAGPPGFQGLPGPAGTAGEVGKPGER,1499,1552,1,4953.26510516301,4,6,Tupaia chinensis,Tupaia,,Tupaiidae,Scandentia
3090,GAPGPDGNNGAQGPPGLQGVQGGKGEQGPAGPPGFQGLPGPAGTAGEVGKPGER,1499,1552,1,4954.2491211630095,4,7,Tupaia chinensis,Tupaia,,Tupaiidae,Scandentia
3091,GAPGPDGNNGAQGPPGLQGVQGGKGEQGPAGPPGFQGLPGPAGTAGEVGKPGER,1499,1552,1,4963.35515916301,5,0,Tupaia chinensis,Tupaia,,Tupaiidae,Scandentia
3092,GAPGPDGNNGAQGPPGLQGVQGGKGEQGPAGPPGFQGLPGPAGTAGEVGKPGER,1499,1552,1,4964.339175163011,5,1,Tupaia chinensis,Tupaia,,Tupaiidae,Scandentia
3093,GAPGPDGNNGAQGPPGLQGVQGGKGEQGPAGPPGFQGLPGPAGTAGEVGKPGER,1499,1552,1,4965.32319116301,5,2,Tupaia chinensis,Tupaia,,Tupaiidae,Scandentia
3094,GAPGPDGNNGAQGPPGLQGVQGGKGEQGPAGPPGFQGLPGPAGTAGEVGKPGER,1499,1552,1,4966.30720716301,5,3,Tupaia chinensis,Tupaia,,Tupaiidae,Scandentia
3095,GAPGPDGNNGAQGPPGLQGVQGGKGEQGPAGPPGFQGLPGPAGTAGEVGKPGER,1499,1552,1,4967.291223163011,5,4,Tupaia chinensis,Tupaia,,Tupaiidae,Scandentia
3096,GAPGPDGNNGAQGPPGLQGVQGGKGEQGPAGPPGFQGLPGPAGTAGEVGKPGER,1499,1552,1,4968.27523916301,5,5,Tupaia chinensis,Tupaia,,Tupaiidae,Scandentia
3097,GAPGPDGNNGAQGPPGLQGVQGGKGEQGPAGPPGFQGLPGPAGTAGEVGKPGER,1499,1552,1,4969.2592551630105,5,6,Tupaia chinensis,Tupaia,,Tupaiidae,Scandentia
3098,GAPGPDGNNGAQGPPGLQGVQGGKGEQGPAGPPGFQGLPGPAGTAGEVGKPGER,1499,1552,1,4970.24327116301,5,7,Tupaia chinensis,Tupaia,,Tupaiidae,Scandentia
3099,GAPGPDGNNGAQGPPGLQGVQGGKGEQGPAGPPGFQGLPGPAGTAGEVGKPGER,1499,1552,1,4979.34930916301,6,0,Tupaia chinensis,Tupaia,,Tupaiidae,Scandentia
3100,GAPGPDGNNGAQGPPGLQGVQGGKGEQGPAGPPGFQGLPGPAGTAGEVGKPGER,1499,1552,1,4980.33332516301,6,1,Tupaia chinensis,Tupaia,,Tupaiidae,Scandentia
3101,GAPGPDGNNGAQGPPGLQGVQGGKGEQGPAGPPGFQGLPGPAGTAGEVGKPGER,1499,1552,1,4981.31734116301,6,2,Tupaia chinensis,Tupaia,,Tupaiidae,Scandentia
3102,GAPGPDGNNGAQGPPGLQGVQGGKGEQGPAGPPGFQGLPGPAGTAGEVGKPGER,1499,1552,1,4982.30135716301,6,3,Tupaia chinensis,Tupaia,,Tupaiidae,Scandentia
3103,GAPGPDGNNGAQGPPGLQGVQGGKGEQGPAGPPGFQGLPGPAGTAGEVGKPGER,1499,1552,1,4983.28537316301,6,4,Tupaia chinensis,Tupaia,,Tupaiidae,Scandentia
3104,GAPGPDGNNGAQGPPGLQGVQGGKGEQGPAGPPGFQGLPGPAGTAGEVGKPGER,1499,1552,1,4984.26938916301,6,5,Tupaia chinensis,Tupaia,,Tupaiidae,Scandentia
3105,GAPGPDGNNGAQGPPGLQGVQGGKGEQGPAGPPGFQGLPGPAGTAGEVGKPGER,1499,1552,1,4985.25340516301,6,6,Tupaia chinensis,Tupaia,,Tupaiidae,Scandentia
3106,GAPGPDGNNGAQGPPGLQGVQGGKGEQGPAGPPGFQGLPGPAGTAGEVGKPGER,1499,1552,1,4986.2374211630095,6,7,Tupaia chinensis,Tupaia,,Tupaiidae,Scandentia
3107,GAPGPDGNNGAQGPPGLQGVQGGKGEQGPAGPPGFQGLPGPAGTAGEVGKPGER,1499,1552,1,4995.34345916301,7,0,Tupaia chinensis,Tupaia,,Tupaiidae,Scandentia
3108,GAPGPDGNNGAQGPPGLQGVQGGKGEQGPAGPPGFQGLPGPAGTAGEVGKPGER,1499,1552,1,4996.327475163011,7,1,Tupaia chinensis,Tupaia,,Tupaiidae,Scandentia
3109,GAPGPDGNNGAQGPPGLQGVQGGKGEQGPAGPPGFQGLPGPAGTAGEVGKPGER,1499,1552,1,4997.31149116301,7,2,Tupaia chinensis,Tupaia,,Tupaiidae,Scandentia
3110,GAPGPDGNNGAQGPPGLQGVQGGKGEQGPAGPPGFQGLPGPAGTAGEVGKPGER,1499,1552,1,4998.29550716301,7,3,Tupaia chinensis,Tupaia,,Tupaiidae,Scandentia
3111,GAPGPDGNNGAQGPPGLQGVQGGKGEQGPAGPPGFQGLPGPAGTAGEVGKPGER,1499,1552,1,4999.279523163011,7,4,Tupaia chinensis,Tupaia,,Tupaiidae,Scandentia
3112,GAPGPDGNNGAQGPPGLQGVQGGKGEQGPAGPPGFQGLPGPAGTAGEVGKPGER,1499,1552,1,5000.26353916301,7,5,Tupaia chinensis,Tupaia,,Tupaiidae,Scandentia
3113,GAPGPDGNNGAQGPPGLQGVQGGKGEQGPAGPPGFQGLPGPAGTAGEVGKPGER,1499,1552,1,5001.2475551630105,7,6,Tupaia chinensis,Tupaia,,Tupaiidae,Scandentia
3114,GAPGPDGNNGAQGPPGLQGVQGGKGEQGPAGPPGFQGLPGPAGTAGEVGKPGER,1499,1552,1,5002.23157116301,7,7,Tupaia chinensis,Tupaia,,Tupaiidae,Scandentia
3115,GAPGPDGNNGAQGPPGLQGVQGGKGEQGPAGPPGFQGLPGPAGTAGEVGKPGER,1499,1552,1,5011.33760916301,8,0,Tupaia chinensis,Tupaia,,Tupaiidae,Scandentia
3116,GAPGPDGNNGAQGPPGLQGVQGGKGEQGPAGPPGFQGLPGPAGTAGEVGKPGER,1499,1552,1,5012.32162516301,8,1,Tupaia chinensis,Tupaia,,Tupaiidae,Scandentia
3117,GAPGPDGNNGAQGPPGLQGVQGGKGEQGPAGPPGFQGLPGPAGTAGEVGKPGER,1499,1552,1,5013.30564116301,8,2,Tupaia chinensis,Tupaia,,Tupaiidae,Scandentia
3118,GAPGPDGNNGAQGPPGLQGVQGGKGEQGPAGPPGFQGLPGPAGTAGEVGKPGER,1499,1552,1,5014.28965716301,8,3,Tupaia chinensis,Tupaia,,Tupaiidae,Scandentia
3119,GAPGPDGNNGAQGPPGLQGVQGGKGEQGPAGPPGFQGLPGPAGTAGEVGKPGER,1499,1552,1,5015.27367316301,8,4,Tupaia chinensis,Tupaia,,Tupaiidae,Scandentia
3120,GAPGPDGNNGAQGPPGLQGVQGGKGEQGPAGPPGFQGLPGPAGTAGEVGKPGER,1499,1552,1,5016.25768916301,8,5,Tupaia chinensis,Tupaia,,Tupaiidae,Scandentia
3121,GAPGPDGNNGAQGPPGLQGVQGGKGEQGPAGPPGFQGLPGPAGTAGEVGKPGER,1499,1552,1,5017.24170516301,8,6,Tupaia chinensis,Tupaia,,Tupaiidae,Scandentia
3122,GAPGPDGNNGAQGPPGLQGVQGGKGEQGPAGPPGFQGLPGPAGTAGEVGKPGER,1499,1552,1,5018.225721163009,8,7,Tupaia chinensis,Tupaia,,Tupaiidae,Scandentia
3123,GAPGPDGNNGAQGPPGLQGVQGGKGEQGPAGPPGFQGLPGPAGTAGEVGKPGER,1499,1552,1,5027.33175916301,9,0,Tupaia chinensis,Tupaia,,Tupaiidae,Scandentia
3124,GAPGPDGNNGAQGPPGLQGVQGGKGEQGPAGPPGFQGLPGPAGTAGEVGKPGER,1499,1552,1,5028.315775163011,9,1,Tupaia chinensis,Tupaia,,Tupaiidae,Scandentia
3125,GAPGPDGNNGAQGPPGLQGVQGGKGEQGPAGPPGFQGLPGPAGTAGEVGKPGER,1499,1552,1,5029.29979116301,9,2,Tupaia chinensis,Tupaia,,Tupaiidae,Scandentia
3126,GAPGPDGNNGAQGPPGLQGVQGGKGEQGPAGPPGFQGLPGPAGTAGEVGKPGER,1499,1552,1,5030.28380716301,9,3,Tupaia chinensis,Tupaia,,Tupaiidae,Scandentia
3127,GAPGPDGNNGAQGPPGLQGVQGGKGEQGPAGPPGFQGLPGPAGTAGEVGKPGER,1499,1552,1,5031.267823163011,9,4,Tupaia chinensis,Tupaia,,Tupaiidae,Scandentia
3128,GAPGPDGNNGAQGPPGLQGVQGGKGEQGPAGPPGFQGLPGPAGTAGEVGKPGER,1499,1552,1,5032.25183916301,9,5,Tupaia chinensis,Tupaia,,Tupaiidae,Scandentia
3129,GAPGPDGNNGAQGPPGLQGVQGGKGEQGPAGPPGFQGLPGPAGTAGEVGKPGER,1499,1552,1,5033.2358551630105,9,6,Tupaia chinensis,Tupaia,,Tupaiidae,Scandentia
3130,GAPGPDGNNGAQGPPGLQGVQGGKGEQGPAGPPGFQGLPGPAGTAGEVGKPGER,1499,1552,1,5034.21987116301,9,7,Tupaia chinensis,Tupaia,,Tupaiidae,Scandentia
3131,GAPGPDGNNGAQGPPGLQGVQGGKGEQGPAGPPGFQGLPGPAGTAGEVGKPGER,1499,1552,1,5043.32590916301,10,0,Tupaia chinensis,Tupaia,,Tupaiidae,Scandentia
3132,GAPGPDGNNGAQGPPGLQGVQGGKGEQGPAGPPGFQGLPGPAGTAGEVGKPGER,1499,1552,1,5044.30992516301,10,1,Tupaia chinensis,Tupaia,,Tupaiidae,Scandentia
3133,GAPGPDGNNGAQGPPGLQGVQGGKGEQGPAGPPGFQGLPGPAGTAGEVGKPGER,1499,1552,1,5045.29394116301,10,2,Tupaia chinensis,Tupaia,,Tupaiidae,Scandentia
3134,GAPGPDGNNGAQGPPGLQGVQGGKGEQGPAGPPGFQGLPGPAGTAGEVGKPGER,1499,1552,1,5046.27795716301,10,3,Tupaia chinensis,Tupaia,,Tupaiidae,Scandentia
3135,GAPGPDGNNGAQGPPGLQGVQGGKGEQGPAGPPGFQGLPGPAGTAGEVGKPGER,1499,1552,1,5047.26197316301,10,4,Tupaia chinensis,Tupaia,,Tupaiidae,Scandentia
3136,GAPGPDGNNGAQGPPGLQGVQGGKGEQGPAGPPGFQGLPGPAGTAGEVGKPGER,1499,1552,1,5048.24598916301,10,5,Tupaia chinensis,Tupaia,,Tupaiidae,Scandentia
3137,GAPGPDGNNGAQGPPGLQGVQGGKGEQGPAGPPGFQGLPGPAGTAGEVGKPGER,1499,1552,1,5049.23000516301,10,6,Tupaia chinensis,Tupaia,,Tupaiidae,Scandentia
3138,GAPGPDGNNGAQGPPGLQGVQGGKGEQGPAGPPGFQGLPGPAGTAGEVGKPGER,1499,1552,1,5050.214021163009,10,7,Tupaia chinensis,Tupaia,,Tupaiidae,Scandentia
3139,GAPGPDGNNGAQGPPGLQGVQGGKGEQGPAGPPGFQGLPGPAGTAGEVGKPGER,1499,1552,1,5059.32005916301,11,0,Tupaia chinensis,Tupaia,,Tupaiidae,Scandentia
3140,GAPGPDGNNGAQGPPGLQGVQGGKGEQGPAGPPGFQGLPGPAGTAGEVGKPGER,1499,1552,1,5060.304075163011,11,1,Tupaia chinensis,Tupaia,,Tupaiidae,Scandentia
3141,GAPGPDGNNGAQGPPGLQGVQGGKGEQGPAGPPGFQGLPGPAGTAGEVGKPGER,1499,1552,1,5061.28809116301,11,2,Tupaia chinensis,Tupaia,,Tupaiidae,Scandentia
3142,GAPGPDGNNGAQGPPGLQGVQGGKGEQGPAGPPGFQGLPGPAGTAGEVGKPGER,1499,1552,1,5062.27210716301,11,3,Tupaia chinensis,Tupaia,,Tupaiidae,Scandentia
3143,GAPGPDGNNGAQGPPGLQGVQGGKGEQGPAGPPGFQGLPGPAGTAGEVGKPGER,1499,1552,1,5063.256123163011,11,4,Tupaia chinensis,Tupaia,,Tupaiidae,Scandentia
3144,GAPGPDGNNGAQGPPGLQGVQGGKGEQGPAGPPGFQGLPGPAGTAGEVGKPGER,1499,1552,1,5064.24013916301,11,5,Tupaia chinensis,Tupaia,,Tupaiidae,Scandentia
3145,GAPGPDGNNGAQGPPGLQGVQGGKGEQGPAGPPGFQGLPGPAGTAGEVGKPGER,1499,1552,1,5065.22415516301,11,6,Tupaia chinensis,Tupaia,,Tupaiidae,Scandentia
3146,GAPGPDGNNGAQGPPGLQGVQGGKGEQGPAGPPGFQGLPGPAGTAGEVGKPGER,1499,1552,1,5066.20817116301,11,7,Tupaia chinensis,Tupaia,,Tupaiidae,Scandentia
3147,GAPGPDGNNGAQGPPGLQGVQGGKGEQGPAGPPGFQGLPGPAGTAGEVGKPGER,1499,1552,1,5075.31420916301,12,0,Tupaia chinensis,Tupaia,,Tupaiidae,Scandentia
3148,GAPGPDGNNGAQGPPGLQGVQGGKGEQGPAGPPGFQGLPGPAGTAGEVGKPGER,1499,1552,1,5076.29822516301,12,1,Tupaia chinensis,Tupaia,,Tupaiidae,Scandentia
3149,GAPGPDGNNGAQGPPGLQGVQGGKGEQGPAGPPGFQGLPGPAGTAGEVGKPGER,1499,1552,1,5077.2822411630095,12,2,Tupaia chinensis,Tupaia,,Tupaiidae,Scandentia
3150,GAPGPDGNNGAQGPPGLQGVQGGKGEQGPAGPPGFQGLPGPAGTAGEVGKPGER,1499,1552,1,5078.26625716301,12,3,Tupaia chinensis,Tupaia,,Tupaiidae,Scandentia
3151,GAPGPDGNNGAQGPPGLQGVQGGKGEQGPAGPPGFQGLPGPAGTAGEVGKPGER,1499,1552,1,5079.25027316301,12,4,Tupaia chinensis,Tupaia,,Tupaiidae,Scandentia
3152,GAPGPDGNNGAQGPPGLQGVQGGKGEQGPAGPPGFQGLPGPAGTAGEVGKPGER,1499,1552,1,5080.23428916301,12,5,Tupaia chinensis,Tupaia,,Tupaiidae,Scandentia
3153,GAPGPDGNNGAQGPPGLQGVQGGKGEQGPAGPPGFQGLPGPAGTAGEVGKPGER,1499,1552,1,5081.21830516301,12,6,Tupaia chinensis,Tupaia,,Tupaiidae,Scandentia
3154,GAPGPDGNNGAQGPPGLQGVQGGKGEQGPAGPPGFQGLPGPAGTAGEVGKPGER,1499,1552,1,5082.202321163009,12,7,Tupaia chinensis,Tupaia,,Tupaiidae,Scandentia
3155,GAPGPDGNNGAQGPPGLQGVQGGK,1499,1522,0,2130.03226892649,0,0,Tupaia chinensis,Tupaia,,Tupaiidae,Scandentia
3156,GAPGPDGNNGAQGPPGLQGVQGGK,1499,1522,0,2131.01628492649,0,1,Tupaia chinensis,Tupaia,,Tupaiidae,Scandentia
3157,GAPGPDGNNGAQGPPGLQGVQGGK,1499,1522,0,2132.00030092649,0,2,Tupaia chinensis,Tupaia,,Tupaiidae,Scandentia
3158,GAPGPDGNNGAQGPPGLQGVQGGK,1499,1522,0,2132.98431692649,0,3,Tupaia chinensis,Tupaia,,Tupaiidae,Scandentia
3159,GAPGPDGNNGAQGPPGLQGVQGGK,1499,1522,0,2133.96833292649,0,4,Tupaia chinensis,Tupaia,,Tupaiidae,Scandentia
3160,GAPGPDGNNGAQGPPGLQGVQGGK,1499,1522,0,2134.95234892649,0,5,Tupaia chinensis,Tupaia,,Tupaiidae,Scandentia
3161,GAPGPDGNNGAQGPPGLQGVQGGK,1499,1522,0,2146.02641892649,1,0,Tupaia chinensis,Tupaia,,Tupaiidae,Scandentia
3162,GAPGPDGNNGAQGPPGLQGVQGGK,1499,1522,0,2147.01043492649,1,1,Tupaia chinensis,Tupaia,,Tupaiidae,Scandentia
3163,GAPGPDGNNGAQGPPGLQGVQGGK,1499,1522,0,2147.99445092649,1,2,Tupaia chinensis,Tupaia,,Tupaiidae,Scandentia
3164,GAPGPDGNNGAQGPPGLQGVQGGK,1499,1522,0,2148.97846692649,1,3,Tupaia chinensis,Tupaia,,Tupaiidae,Scandentia
3165,GAPGPDGNNGAQGPPGLQGVQGGK,1499,1522,0,2149.96248292649,1,4,Tupaia chinensis,Tupaia,,Tupaiidae,Scandentia
3166,GAPGPDGNNGAQGPPGLQGVQGGK,1499,1522,0,2150.9464989264898,1,5,Tupaia chinensis,Tupaia,,Tupaiidae,Scandentia
3167,GAPGPDGNNGAQGPPGLQGVQGGK,1499,1522,0,2162.02056892649,2,0,Tupaia chinensis,Tupaia,,Tupaiidae,Scandentia
3168,GAPGPDGNNGAQGPPGLQGVQGGK,1499,1522,0,2163.0045849264898,2,1,Tupaia chinensis,Tupaia,,Tupaiidae,Scandentia
3169,GAPGPDGNNGAQGPPGLQGVQGGK,1499,1522,0,2163.98860092649,2,2,Tupaia chinensis,Tupaia,,Tupaiidae,Scandentia
3170,GAPGPDGNNGAQGPPGLQGVQGGK,1499,1522,0,2164.97261692649,2,3,Tupaia chinensis,Tupaia,,Tupaiidae,Scandentia
3171,GAPGPDGNNGAQGPPGLQGVQGGK,1499,1522,0,2165.95663292649,2,4,Tupaia chinensis,Tupaia,,Tupaiidae,Scandentia
3172,GAPGPDGNNGAQGPPGLQGVQGGK,1499,1522,0,2166.9406489264898,2,5,Tupaia chinensis,Tupaia,,Tupaiidae,Scandentia
3173,GAPGPDGNNGAQGPPGLQGVQGGK,1499,1522,0,2178.01471892649,3,0,Tupaia chinensis,Tupaia,,Tupaiidae,Scandentia
3174,GAPGPDGNNGAQGPPGLQGVQGGK,1499,1522,0,2178.9987349264898,3,1,Tupaia chinensis,Tupaia,,Tupaiidae,Scandentia
3175,GAPGPDGNNGAQGPPGLQGVQGGK,1499,1522,0,2179.98275092649,3,2,Tupaia chinensis,Tupaia,,Tupaiidae,Scandentia
3176,GAPGPDGNNGAQGPPGLQGVQGGK,1499,1522,0,2180.96676692649,3,3,Tupaia chinensis,Tupaia,,Tupaiidae,Scandentia
3177,GAPGPDGNNGAQGPPGLQGVQGGK,1499,1522,0,2181.95078292649,3,4,Tupaia chinensis,Tupaia,,Tupaiidae,Scandentia
3178,GAPGPDGNNGAQGPPGLQGVQGGK,1499,1522,0,2182.9347989264897,3,5,Tupaia chinensis,Tupaia,,Tupaiidae,Scandentia
3179,GAPGPDGNNGAQGPPGLQGVQGGK,1499,1522,0,2194.00886892649,4,0,Tupaia chinensis,Tupaia,,Tupaiidae,Scandentia
3180,GAPGPDGNNGAQGPPGLQGVQGGK,1499,1522,0,2194.9928849264898,4,1,Tupaia chinensis,Tupaia,,Tupaiidae,Scandentia
3181,GAPGPDGNNGAQGPPGLQGVQGGK,1499,1522,0,2195.97690092649,4,2,Tupaia chinensis,Tupaia,,Tupaiidae,Scandentia
3182,GAPGPDGNNGAQGPPGLQGVQGGK,1499,1522,0,2196.96091692649,4,3,Tupaia chinensis,Tupaia,,Tupaiidae,Scandentia
3183,GAPGPDGNNGAQGPPGLQGVQGGK,1499,1522,0,2197.94493292649,4,4,Tupaia chinensis,Tupaia,,Tupaiidae,Scandentia
3184,GAPGPDGNNGAQGPPGLQGVQGGK,1499,1522,0,2198.9289489264897,4,5,Tupaia chinensis,Tupaia,,Tupaiidae,Scandentia
3185,GAPGPDGNNGAQGPPGLQGVQGGK,1499,1522,0,2210.00301892649,5,0,Tupaia chinensis,Tupaia,,Tupaiidae,Scandentia
3186,GAPGPDGNNGAQGPPGLQGVQGGK,1499,1522,0,2210.9870349264897,5,1,Tupaia chinensis,Tupaia,,Tupaiidae,Scandentia
3187,GAPGPDGNNGAQGPPGLQGVQGGK,1499,1522,0,2211.97105092649,5,2,Tupaia chinensis,Tupaia,,Tupaiidae,Scandentia
3188,GAPGPDGNNGAQGPPGLQGVQGGK,1499,1522,0,2212.95506692649,5,3,Tupaia chinensis,Tupaia,,Tupaiidae,Scandentia
3189,GAPGPDGNNGAQGPPGLQGVQGGK,1499,1522,0,2213.93908292649,5,4,Tupaia chinensis,Tupaia,,Tupaiidae,Scandentia
3190,GAPGPDGNNGAQGPPGLQGVQGGK,1499,1522,0,2214.9230989264897,5,5,Tupaia chinensis,Tupaia,,Tupaiidae,Scandentia
3191,GEQGPAGPPGFQGLPGPAGTAGEVGKPGER,1523,1552,0,2772.36998138699,0,0,Tupaia chinensis,Tupaia,,Tupaiidae,Scandentia
3192,GEQGPAGPPGFQGLPGPAGTAGEVGKPGER,1523,1552,0,2773.3539973869897,0,1,Tupaia chinensis,Tupaia,,Tupaiidae,Scandentia
3193,GEQGPAGPPGFQGLPGPAGTAGEVGKPGER,1523,1552,0,2774.33801338699,0,2,Tupaia chinensis,Tupaia,,Tupaiidae,Scandentia
3194,GEQGPAGPPGFQGLPGPAGTAGEVGKPGER,1523,1552,0,2788.36413138699,1,0,Tupaia chinensis,Tupaia,,Tupaiidae,Scandentia
3195,GEQGPAGPPGFQGLPGPAGTAGEVGKPGER,1523,1552,0,2789.3481473869897,1,1,Tupaia chinensis,Tupaia,,Tupaiidae,Scandentia
3196,GEQGPAGPPGFQGLPGPAGTAGEVGKPGER,1523,1552,0,2790.33216338699,1,2,Tupaia chinensis,Tupaia,,Tupaiidae,Scandentia
3197,GEQGPAGPPGFQGLPGPAGTAGEVGKPGER,1523,1552,0,2804.35828138699,2,0,Tupaia chinensis,Tupaia,,Tupaiidae,Scandentia
3198,GEQGPAGPPGFQGLPGPAGTAGEVGKPGER,1523,1552,0,2805.3422973869897,2,1,Tupaia chinensis,Tupaia,,Tupaiidae,Scandentia
3199,GEQGPAGPPGFQGLPGPAGTAGEVGKPGER,1523,1552,0,2806.32631338699,2,2,Tupaia chinensis,Tupaia,,Tupaiidae,Scandentia
3200,GEQGPAGPPGFQGLPGPAGTAGEVGKPGER,1523,1552,0,2820.35243138699,3,0,Tupaia chinensis,Tupaia,,Tupaiidae,Scandentia
3201,GEQGPAGPPGFQGLPGPAGTAGEVGKPGER,1523,1552,0,2821.3364473869897,3,1,Tupaia chinensis,Tupaia,,Tupaiidae,Scandentia
3202,GEQGPAGPPGFQGLPGPAGTAGEVGKPGER,1523,1552,0,2822.32046338699,3,2,Tupaia chinensis,Tupaia,,Tupaiidae,Scandentia
3203,GEQGPAGPPGFQGLPGPAGTAGEVGKPGER,1523,1552,0,2836.34658138699,4,0,Tupaia chinensis,Tupaia,,Tupaiidae,Scandentia
3204,GEQGPAGPPGFQGLPGPAGTAGEVGKPGER,1523,1552,0,2837.3305973869897,4,1,Tupaia chinensis,Tupaia,,Tupaiidae,Scandentia
3205,GEQGPAGPPGFQGLPGPAGTAGEVGKPGER,1523,1552,0,2838.31461338699,4,2,Tupaia chinensis,Tupaia,,Tupaiidae,Scandentia
3206,GEQGPAGPPGFQGLPGPAGTAGEVGKPGER,1523,1552,0,2852.34073138699,5,0,Tupaia chinensis,Tupaia,,Tupaiidae,Scandentia
3207,GEQGPAGPPGFQGLPGPAGTAGEVGKPGER,1523,1552,0,2853.3247473869897,5,1,Tupaia chinensis,Tupaia,,Tupaiidae,Scandentia
3208,GEQGPAGPPGFQGLPGPAGTAGEVGKPGER,1523,1552,0,2854.30876338699,5,2,Tupaia chinensis,Tupaia,,Tupaiidae,Scandentia
3209,GEQGPAGPPGFQGLPGPAGTAGEVGKPGER,1523,1552,0,2868.3348813869898,6,0,Tupaia chinensis,Tupaia,,Tupaiidae,Scandentia
3210,GEQGPAGPPGFQGLPGPAGTAGEVGKPGER,1523,1552,0,2869.3188973869896,6,1,Tupaia chinensis,Tupaia,,Tupaiidae,Scandentia
3211,GEQGPAGPPGFQGLPGPAGTAGEVGKPGER,1523,1552,0,2870.30291338699,6,2,Tupaia chinensis,Tupaia,,Tupaiidae,Scandentia
3212,GEQGPAGPPGFQGLPGPAGTAGEVGKPGER,1523,1552,0,2884.3290313869898,7,0,Tupaia chinensis,Tupaia,,Tupaiidae,Scandentia
3213,GEQGPAGPPGFQGLPGPAGTAGEVGKPGER,1523,1552,0,2885.3130473869896,7,1,Tupaia chinensis,Tupaia,,Tupaiidae,Scandentia
3214,GEQGPAGPPGFQGLPGPAGTAGEVGKPGER,1523,1552,0,2886.29706338699,7,2,Tupaia chinensis,Tupaia,,Tupaiidae,Scandentia
3215,GEQGPAGPPGFQGLPGPAGTAGEVGKPGERGLPGEFGLPGPAGPR,1523,1567,1,4175.10571514877,0,0,Tupaia chinensis,Tupaia,,Tupaiidae,Scandentia
3216,GEQGPAGPPGFQGLPGPAGTAGEVGKPGERGLPGEFGLPGPAGPR,1523,1567,1,4176.089731148771,0,1,Tupaia chinensis,Tupaia,,Tupaiidae,Scandentia
3217,GEQGPAGPPGFQGLPGPAGTAGEVGKPGERGLPGEFGLPGPAGPR,1523,1567,1,4177.07374714877,0,2,Tupaia chinensis,Tupaia,,Tupaiidae,Scandentia
3218,GEQGPAGPPGFQGLPGPAGTAGEVGKPGERGLPGEFGLPGPAGPR,1523,1567,1,4191.099865148771,1,0,Tupaia chinensis,Tupaia,,Tupaiidae,Scandentia
3219,GEQGPAGPPGFQGLPGPAGTAGEVGKPGERGLPGEFGLPGPAGPR,1523,1567,1,4192.083881148771,1,1,Tupaia chinensis,Tupaia,,Tupaiidae,Scandentia
3220,GEQGPAGPPGFQGLPGPAGTAGEVGKPGERGLPGEFGLPGPAGPR,1523,1567,1,4193.0678971487705,1,2,Tupaia chinensis,Tupaia,,Tupaiidae,Scandentia
3221,GEQGPAGPPGFQGLPGPAGTAGEVGKPGERGLPGEFGLPGPAGPR,1523,1567,1,4207.09401514877,2,0,Tupaia chinensis,Tupaia,,Tupaiidae,Scandentia
3222,GEQGPAGPPGFQGLPGPAGTAGEVGKPGERGLPGEFGLPGPAGPR,1523,1567,1,4208.078031148771,2,1,Tupaia chinensis,Tupaia,,Tupaiidae,Scandentia
3223,GEQGPAGPPGFQGLPGPAGTAGEVGKPGERGLPGEFGLPGPAGPR,1523,1567,1,4209.06204714877,2,2,Tupaia chinensis,Tupaia,,Tupaiidae,Scandentia
3224,GEQGPAGPPGFQGLPGPAGTAGEVGKPGERGLPGEFGLPGPAGPR,1523,1567,1,4223.088165148771,3,0,Tupaia chinensis,Tupaia,,Tupaiidae,Scandentia
3225,GEQGPAGPPGFQGLPGPAGTAGEVGKPGERGLPGEFGLPGPAGPR,1523,1567,1,4224.072181148771,3,1,Tupaia chinensis,Tupaia,,Tupaiidae,Scandentia
3226,GEQGPAGPPGFQGLPGPAGTAGEVGKPGERGLPGEFGLPGPAGPR,1523,1567,1,4225.0561971487705,3,2,Tupaia chinensis,Tupaia,,Tupaiidae,Scandentia
3227,GEQGPAGPPGFQGLPGPAGTAGEVGKPGERGLPGEFGLPGPAGPR,1523,1567,1,4239.08231514877,4,0,Tupaia chinensis,Tupaia,,Tupaiidae,Scandentia
3228,GEQGPAGPPGFQGLPGPAGTAGEVGKPGERGLPGEFGLPGPAGPR,1523,1567,1,4240.066331148771,4,1,Tupaia chinensis,Tupaia,,Tupaiidae,Scandentia
3229,GEQGPAGPPGFQGLPGPAGTAGEVGKPGERGLPGEFGLPGPAGPR,1523,1567,1,4241.05034714877,4,2,Tupaia chinensis,Tupaia,,Tupaiidae,Scandentia
3230,GEQGPAGPPGFQGLPGPAGTAGEVGKPGERGLPGEFGLPGPAGPR,1523,1567,1,4255.076465148771,5,0,Tupaia chinensis,Tupaia,,Tupaiidae,Scandentia
3231,GEQGPAGPPGFQGLPGPAGTAGEVGKPGERGLPGEFGLPGPAGPR,1523,1567,1,4256.060481148771,5,1,Tupaia chinensis,Tupaia,,Tupaiidae,Scandentia
3232,GEQGPAGPPGFQGLPGPAGTAGEVGKPGERGLPGEFGLPGPAGPR,1523,1567,1,4257.0444971487705,5,2,Tupaia chinensis,Tupaia,,Tupaiidae,Scandentia
3233,GEQGPAGPPGFQGLPGPAGTAGEVGKPGERGLPGEFGLPGPAGPR,1523,1567,1,4271.07061514877,6,0,Tupaia chinensis,Tupaia,,Tupaiidae,Scandentia
3234,GEQGPAGPPGFQGLPGPAGTAGEVGKPGERGLPGEFGLPGPAGPR,1523,1567,1,4272.054631148771,6,1,Tupaia chinensis,Tupaia,,Tupaiidae,Scandentia
3235,GEQGPAGPPGFQGLPGPAGTAGEVGKPGERGLPGEFGLPGPAGPR,1523,1567,1,4273.03864714877,6,2,Tupaia chinensis,Tupaia,,Tupaiidae,Scandentia
3236,GEQGPAGPPGFQGLPGPAGTAGEVGKPGERGLPGEFGLPGPAGPR,1523,1567,1,4287.064765148771,7,0,Tupaia chinensis,Tupaia,,Tupaiidae,Scandentia
3237,GEQGPAGPPGFQGLPGPAGTAGEVGKPGERGLPGEFGLPGPAGPR,1523,1567,1,4288.048781148771,7,1,Tupaia chinensis,Tupaia,,Tupaiidae,Scandentia
3238,GEQGPAGPPGFQGLPGPAGTAGEVGKPGERGLPGEFGLPGPAGPR,1523,1567,1,4289.03279714877,7,2,Tupaia chinensis,Tupaia,,Tupaiidae,Scandentia
3239,GEQGPAGPPGFQGLPGPAGTAGEVGKPGERGLPGEFGLPGPAGPR,1523,1567,1,4303.05891514877,8,0,Tupaia chinensis,Tupaia,,Tupaiidae,Scandentia
3240,GEQGPAGPPGFQGLPGPAGTAGEVGKPGERGLPGEFGLPGPAGPR,1523,1567,1,4304.042931148771,8,1,Tupaia chinensis,Tupaia,,Tupaiidae,Scandentia
3241,GEQGPAGPPGFQGLPGPAGTAGEVGKPGERGLPGEFGLPGPAGPR,1523,1567,1,4305.02694714877,8,2,Tupaia chinensis,Tupaia,,Tupaiidae,Scandentia
3242,GEQGPAGPPGFQGLPGPAGTAGEVGKPGERGLPGEFGLPGPAGPR,1523,1567,1,4319.053065148771,9,0,Tupaia chinensis,Tupaia,,Tupaiidae,Scandentia
3243,GEQGPAGPPGFQGLPGPAGTAGEVGKPGERGLPGEFGLPGPAGPR,1523,1567,1,4320.037081148771,9,1,Tupaia chinensis,Tupaia,,Tupaiidae,Scandentia
3244,GEQGPAGPPGFQGLPGPAGTAGEVGKPGERGLPGEFGLPGPAGPR,1523,1567,1,4321.02109714877,9,2,Tupaia chinensis,Tupaia,,Tupaiidae,Scandentia
3245,GEQGPAGPPGFQGLPGPAGTAGEVGKPGERGLPGEFGLPGPAGPR,1523,1567,1,4335.04721514877,10,0,Tupaia chinensis,Tupaia,,Tupaiidae,Scandentia
3246,GEQGPAGPPGFQGLPGPAGTAGEVGKPGERGLPGEFGLPGPAGPR,1523,1567,1,4336.0312311487705,10,1,Tupaia chinensis,Tupaia,,Tupaiidae,Scandentia
3247,GEQGPAGPPGFQGLPGPAGTAGEVGKPGERGLPGEFGLPGPAGPR,1523,1567,1,4337.01524714877,10,2,Tupaia chinensis,Tupaia,,Tupaiidae,Scandentia
3248,GEQGPAGPPGFQGLPGPAGTAGEVGKPGERGLPGEFGLPGPAGPR,1523,1567,1,4351.041365148771,11,0,Tupaia chinensis,Tupaia,,Tupaiidae,Scandentia
3249,GEQGPAGPPGFQGLPGPAGTAGEVGKPGERGLPGEFGLPGPAGPR,1523,1567,1,4352.025381148771,11,1,Tupaia chinensis,Tupaia,,Tupaiidae,Scandentia
3250,GEQGPAGPPGFQGLPGPAGTAGEVGKPGERGLPGEFGLPGPAGPR,1523,1567,1,4353.00939714877,11,2,Tupaia chinensis,Tupaia,,Tupaiidae,Scandentia
3251,GLPGEFGLPGPAGPR,1553,1567,0,1421.75357491225,0,0,Tupaia chinensis,Tupaia,,Tupaiidae,Scandentia
3252,GLPGEFGLPGPAGPR,1553,1567,0,1437.74772491225,1,0,Tupaia chinensis,Tupaia,,Tupaiidae,Scandentia
3253,GLPGEFGLPGPAGPR,1553,1567,0,1453.74187491225,2,0,Tupaia chinensis,Tupaia,,Tupaiidae,Scandentia
3254,GLPGEFGLPGPAGPR,1553,1567,0,1469.73602491225,3,0,Tupaia chinensis,Tupaia,,Tupaiidae,Scandentia
3255,GLPGEFGLPGPAGPR,1553,1567,0,1485.73017491225,4,0,Tupaia chinensis,Tupaia,,Tupaiidae,Scandentia
3256,GLPGEFGLPGPAGPRGER,1553,1570,1,1763.9187427443899,0,0,Tupaia chinensis,Tupaia,,Tupaiidae,Scandentia
3257,GLPGEFGLPGPAGPRGER,1553,1570,1,1779.9128927443899,1,0,Tupaia chinensis,Tupaia,,Tupaiidae,Scandentia
3258,GLPGEFGLPGPAGPRGER,1553,1570,1,1795.9070427443899,2,0,Tupaia chinensis,Tupaia,,Tupaiidae,Scandentia
3259,GLPGEFGLPGPAGPRGER,1553,1570,1,1811.9011927443898,3,0,Tupaia chinensis,Tupaia,,Tupaiidae,Scandentia
3260,GLPGEFGLPGPAGPRGER,1553,1570,1,1827.8953427443898,4,0,Tupaia chinensis,Tupaia,,Tupaiidae,Scandentia
3261,GER,1568,1570,0,361.18300898261,0,0,Tupaia chinensis,Tupaia,,Tupaiidae,Scandentia
3262,GERGPPGESGAAGPSGPIGNR,1568,1588,1,1919.93182660923,0,0,Tupaia chinensis,Tupaia,,Tupaiidae,Scandentia
3263,GERGPPGESGAAGPSGPIGNR,1568,1588,1,1920.9158426092301,0,1,Tupaia chinensis,Tupaia,,Tupaiidae,Scandentia
3264,GERGPPGESGAAGPSGPIGNR,1568,1588,1,1935.92597660923,1,0,Tupaia chinensis,Tupaia,,Tupaiidae,Scandentia
3265,GERGPPGESGAAGPSGPIGNR,1568,1588,1,1936.9099926092301,1,1,Tupaia chinensis,Tupaia,,Tupaiidae,Scandentia
3266,GERGPPGESGAAGPSGPIGNR,1568,1588,1,1951.92012660923,2,0,Tupaia chinensis,Tupaia,,Tupaiidae,Scandentia
3267,GERGPPGESGAAGPSGPIGNR,1568,1588,1,1952.9041426092301,2,1,Tupaia chinensis,Tupaia,,Tupaiidae,Scandentia
3268,GERGPPGESGAAGPSGPIGNR,1568,1588,1,1967.91427660923,3,0,Tupaia chinensis,Tupaia,,Tupaiidae,Scandentia
3269,GERGPPGESGAAGPSGPIGNR,1568,1588,1,1968.89829260923,3,1,Tupaia chinensis,Tupaia,,Tupaiidae,Scandentia
3270,GERGPPGESGAAGPSGPIGNR,1568,1588,1,1983.90842660923,4,0,Tupaia chinensis,Tupaia,,Tupaiidae,Scandentia
3271,GERGPPGESGAAGPSGPIGNR,1568,1588,1,1984.89244260923,4,1,Tupaia chinensis,Tupaia,,Tupaiidae,Scandentia
3272,GPPGESGAAGPSGPIGNRGPSGPPGPDGNK,1571,1600,1,2638.26043093801,0,0,Tupaia chinensis,Tupaia,,Tupaiidae,Scandentia
3273,GPPGESGAAGPSGPIGNRGPSGPPGPDGNK,1571,1600,1,2639.24444693801,0,1,Tupaia chinensis,Tupaia,,Tupaiidae,Scandentia
3274,GPPGESGAAGPSGPIGNRGPSGPPGPDGNK,1571,1600,1,2640.22846293801,0,2,Tupaia chinensis,Tupaia,,Tupaiidae,Scandentia
3275,GPPGESGAAGPSGPIGNRGPSGPPGPDGNK,1571,1600,1,2654.25458093801,1,0,Tupaia chinensis,Tupaia,,Tupaiidae,Scandentia
3276,GPPGESGAAGPSGPIGNRGPSGPPGPDGNK,1571,1600,1,2655.23859693801,1,1,Tupaia chinensis,Tupaia,,Tupaiidae,Scandentia
3277,GPPGESGAAGPSGPIGNRGPSGPPGPDGNK,1571,1600,1,2656.22261293801,1,2,Tupaia chinensis,Tupaia,,Tupaiidae,Scandentia
3278,GPPGESGAAGPSGPIGNRGPSGPPGPDGNK,1571,1600,1,2670.24873093801,2,0,Tupaia chinensis,Tupaia,,Tupaiidae,Scandentia
3279,GPPGESGAAGPSGPIGNRGPSGPPGPDGNK,1571,1600,1,2671.2327469380098,2,1,Tupaia chinensis,Tupaia,,Tupaiidae,Scandentia
3280,GPPGESGAAGPSGPIGNRGPSGPPGPDGNK,1571,1600,1,2672.21676293801,2,2,Tupaia chinensis,Tupaia,,Tupaiidae,Scandentia
3281,GPPGESGAAGPSGPIGNRGPSGPPGPDGNK,1571,1600,1,2686.24288093801,3,0,Tupaia chinensis,Tupaia,,Tupaiidae,Scandentia
3282,GPPGESGAAGPSGPIGNRGPSGPPGPDGNK,1571,1600,1,2687.2268969380098,3,1,Tupaia chinensis,Tupaia,,Tupaiidae,Scandentia
3283,GPPGESGAAGPSGPIGNRGPSGPPGPDGNK,1571,1600,1,2688.21091293801,3,2,Tupaia chinensis,Tupaia,,Tupaiidae,Scandentia
3284,GPPGESGAAGPSGPIGNRGPSGPPGPDGNK,1571,1600,1,2702.23703093801,4,0,Tupaia chinensis,Tupaia,,Tupaiidae,Scandentia
3285,GPPGESGAAGPSGPIGNRGPSGPPGPDGNK,1571,1600,1,2703.2210469380097,4,1,Tupaia chinensis,Tupaia,,Tupaiidae,Scandentia
3286,GPPGESGAAGPSGPIGNRGPSGPPGPDGNK,1571,1600,1,2704.20506293801,4,2,Tupaia chinensis,Tupaia,,Tupaiidae,Scandentia
3287,GPPGESGAAGPSGPIGNRGPSGPPGPDGNK,1571,1600,1,2718.23118093801,5,0,Tupaia chinensis,Tupaia,,Tupaiidae,Scandentia
3288,GPPGESGAAGPSGPIGNRGPSGPPGPDGNK,1571,1600,1,2719.2151969380097,5,1,Tupaia chinensis,Tupaia,,Tupaiidae,Scandentia
3289,GPPGESGAAGPSGPIGNRGPSGPPGPDGNK,1571,1600,1,2720.19921293801,5,2,Tupaia chinensis,Tupaia,,Tupaiidae,Scandentia
3290,GPPGESGAAGPSGPIGNRGPSGPPGPDGNK,1571,1600,1,2734.22533093801,6,0,Tupaia chinensis,Tupaia,,Tupaiidae,Scandentia
3291,GPPGESGAAGPSGPIGNRGPSGPPGPDGNK,1571,1600,1,2735.2093469380097,6,1,Tupaia chinensis,Tupaia,,Tupaiidae,Scandentia
3292,GPPGESGAAGPSGPIGNRGPSGPPGPDGNK,1571,1600,1,2736.19336293801,6,2,Tupaia chinensis,Tupaia,,Tupaiidae,Scandentia
3293,GPPGESGAAGPSGPIGNRGPSGPPGPDGNK,1571,1600,1,2750.21948093801,7,0,Tupaia chinensis,Tupaia,,Tupaiidae,Scandentia
3294,GPPGESGAAGPSGPIGNRGPSGPPGPDGNK,1571,1600,1,2751.2034969380097,7,1,Tupaia chinensis,Tupaia,,Tupaiidae,Scandentia
3295,GPPGESGAAGPSGPIGNRGPSGPPGPDGNK,1571,1600,1,2752.18751293801,7,2,Tupaia chinensis,Tupaia,,Tupaiidae,Scandentia
3296,GPPGESGAAGPSGPIGNRGPSGPPGPDGNK,1571,1600,1,2766.21363093801,8,0,Tupaia chinensis,Tupaia,,Tupaiidae,Scandentia
3297,GPPGESGAAGPSGPIGNRGPSGPPGPDGNK,1571,1600,1,2767.1976469380097,8,1,Tupaia chinensis,Tupaia,,Tupaiidae,Scandentia
3298,GPPGESGAAGPSGPIGNRGPSGPPGPDGNK,1571,1600,1,2768.18166293801,8,2,Tupaia chinensis,Tupaia,,Tupaiidae,Scandentia
3299,GPPGESGAAGPSGPIGNRGPSGPPGPDGNK,1571,1600,1,2782.20778093801,9,0,Tupaia chinensis,Tupaia,,Tupaiidae,Scandentia
3300,GPPGESGAAGPSGPIGNRGPSGPPGPDGNK,1571,1600,1,2783.1917969380097,9,1,Tupaia chinensis,Tupaia,,Tupaiidae,Scandentia
3301,GPPGESGAAGPSGPIGNRGPSGPPGPDGNK,1571,1600,1,2784.17581293801,9,2,Tupaia chinensis,Tupaia,,Tupaiidae,Scandentia
3302,GPPGESGAAGPSGPIGNR,1571,1588,0,1577.76665877709,0,0,Tupaia chinensis,Tupaia,,Tupaiidae,Scandentia
3303,GPPGESGAAGPSGPIGNR,1571,1588,0,1578.7506747770901,0,1,Tupaia chinensis,Tupaia,,Tupaiidae,Scandentia
3304,GPPGESGAAGPSGPIGNR,1571,1588,0,1593.76080877709,1,0,Tupaia chinensis,Tupaia,,Tupaiidae,Scandentia
3305,GPPGESGAAGPSGPIGNR,1571,1588,0,1594.7448247770901,1,1,Tupaia chinensis,Tupaia,,Tupaiidae,Scandentia
3306,GPPGESGAAGPSGPIGNR,1571,1588,0,1609.75495877709,2,0,Tupaia chinensis,Tupaia,,Tupaiidae,Scandentia
3307,GPPGESGAAGPSGPIGNR,1571,1588,0,1610.73897477709,2,1,Tupaia chinensis,Tupaia,,Tupaiidae,Scandentia
3308,GPPGESGAAGPSGPIGNR,1571,1588,0,1625.74910877709,3,0,Tupaia chinensis,Tupaia,,Tupaiidae,Scandentia
3309,GPPGESGAAGPSGPIGNR,1571,1588,0,1626.73312477709,3,1,Tupaia chinensis,Tupaia,,Tupaiidae,Scandentia
3310,GPPGESGAAGPSGPIGNR,1571,1588,0,1641.74325877709,4,0,Tupaia chinensis,Tupaia,,Tupaiidae,Scandentia
3311,GPPGESGAAGPSGPIGNR,1571,1588,0,1642.72727477709,4,1,Tupaia chinensis,Tupaia,,Tupaiidae,Scandentia
3312,GPSGPPGPDGNKGEPGVVGAPGTAGASGPGGLPGER,1589,1624,1,3107.51407942138,0,0,Tupaia chinensis,Tupaia,,Tupaiidae,Scandentia
3313,GPSGPPGPDGNKGEPGVVGAPGTAGASGPGGLPGER,1589,1624,1,3108.4980954213797,0,1,Tupaia chinensis,Tupaia,,Tupaiidae,Scandentia
3314,GPSGPPGPDGNKGEPGVVGAPGTAGASGPGGLPGER,1589,1624,1,3123.50822942138,1,0,Tupaia chinensis,Tupaia,,Tupaiidae,Scandentia
3315,GPSGPPGPDGNKGEPGVVGAPGTAGASGPGGLPGER,1589,1624,1,3124.4922454213797,1,1,Tupaia chinensis,Tupaia,,Tupaiidae,Scandentia
3316,GPSGPPGPDGNKGEPGVVGAPGTAGASGPGGLPGER,1589,1624,1,3139.50237942138,2,0,Tupaia chinensis,Tupaia,,Tupaiidae,Scandentia
3317,GPSGPPGPDGNKGEPGVVGAPGTAGASGPGGLPGER,1589,1624,1,3140.4863954213797,2,1,Tupaia chinensis,Tupaia,,Tupaiidae,Scandentia
3318,GPSGPPGPDGNKGEPGVVGAPGTAGASGPGGLPGER,1589,1624,1,3155.49652942138,3,0,Tupaia chinensis,Tupaia,,Tupaiidae,Scandentia
3319,GPSGPPGPDGNKGEPGVVGAPGTAGASGPGGLPGER,1589,1624,1,3156.4805454213797,3,1,Tupaia chinensis,Tupaia,,Tupaiidae,Scandentia
3320,GPSGPPGPDGNKGEPGVVGAPGTAGASGPGGLPGER,1589,1624,1,3171.49067942138,4,0,Tupaia chinensis,Tupaia,,Tupaiidae,Scandentia
3321,GPSGPPGPDGNKGEPGVVGAPGTAGASGPGGLPGER,1589,1624,1,3172.4746954213797,4,1,Tupaia chinensis,Tupaia,,Tupaiidae,Scandentia
3322,GPSGPPGPDGNKGEPGVVGAPGTAGASGPGGLPGER,1589,1624,1,3187.48482942138,5,0,Tupaia chinensis,Tupaia,,Tupaiidae,Scandentia
3323,GPSGPPGPDGNKGEPGVVGAPGTAGASGPGGLPGER,1589,1624,1,3188.4688454213797,5,1,Tupaia chinensis,Tupaia,,Tupaiidae,Scandentia
3324,GPSGPPGPDGNKGEPGVVGAPGTAGASGPGGLPGER,1589,1624,1,3203.47897942138,6,0,Tupaia chinensis,Tupaia,,Tupaiidae,Scandentia
3325,GPSGPPGPDGNKGEPGVVGAPGTAGASGPGGLPGER,1589,1624,1,3204.4629954213797,6,1,Tupaia chinensis,Tupaia,,Tupaiidae,Scandentia
3326,GPSGPPGPDGNKGEPGVVGAPGTAGASGPGGLPGER,1589,1624,1,3219.47312942138,7,0,Tupaia chinensis,Tupaia,,Tupaiidae,Scandentia
3327,GPSGPPGPDGNKGEPGVVGAPGTAGASGPGGLPGER,1589,1624,1,3220.4571454213797,7,1,Tupaia chinensis,Tupaia,,Tupaiidae,Scandentia
3328,GPSGPPGPDGNKGEPGVVGAPGTAGASGPGGLPGER,1589,1624,1,3235.4672794213798,8,0,Tupaia chinensis,Tupaia,,Tupaiidae,Scandentia
3329,GPSGPPGPDGNKGEPGVVGAPGTAGASGPGGLPGER,1589,1624,1,3236.4512954213797,8,1,Tupaia chinensis,Tupaia,,Tupaiidae,Scandentia
3330,GPSGPPGPDGNKGEPGVVGAPGTAGASGPGGLPGER,1589,1624,1,3251.4614294213798,9,0,Tupaia chinensis,Tupaia,,Tupaiidae,Scandentia
3331,GPSGPPGPDGNKGEPGVVGAPGTAGASGPGGLPGER,1589,1624,1,3252.4454454213796,9,1,Tupaia chinensis,Tupaia,,Tupaiidae,Scandentia
3332,GPSGPPGPDGNK,1589,1600,0,1079.5116133113902,0,0,Tupaia chinensis,Tupaia,,Tupaiidae,Scandentia
3333,GPSGPPGPDGNK,1589,1600,0,1080.4956293113903,0,1,Tupaia chinensis,Tupaia,,Tupaiidae,Scandentia
3334,GPSGPPGPDGNK,1589,1600,0,1095.5057633113902,1,0,Tupaia chinensis,Tupaia,,Tupaiidae,Scandentia
3335,GPSGPPGPDGNK,1589,1600,0,1096.4897793113903,1,1,Tupaia chinensis,Tupaia,,Tupaiidae,Scandentia
3336,GPSGPPGPDGNK,1589,1600,0,1111.4999133113902,2,0,Tupaia chinensis,Tupaia,,Tupaiidae,Scandentia
3337,GPSGPPGPDGNK,1589,1600,0,1112.4839293113903,2,1,Tupaia chinensis,Tupaia,,Tupaiidae,Scandentia
3338,GPSGPPGPDGNK,1589,1600,0,1127.4940633113902,3,0,Tupaia chinensis,Tupaia,,Tupaiidae,Scandentia
3339,GPSGPPGPDGNK,1589,1600,0,1128.4780793113903,3,1,Tupaia chinensis,Tupaia,,Tupaiidae,Scandentia
3340,GPSGPPGPDGNK,1589,1600,0,1143.4882133113902,4,0,Tupaia chinensis,Tupaia,,Tupaiidae,Scandentia
3341,GPSGPPGPDGNK,1589,1600,0,1144.4722293113903,4,1,Tupaia chinensis,Tupaia,,Tupaiidae,Scandentia
3342,GPSGPPGPDGNK,1589,1600,0,1159.4823633113901,5,0,Tupaia chinensis,Tupaia,,Tupaiidae,Scandentia
3343,GPSGPPGPDGNK,1589,1600,0,1160.4663793113903,5,1,Tupaia chinensis,Tupaia,,Tupaiidae,Scandentia
3344,GEPGVVGAPGTAGASGPGGLPGER,1601,1624,0,2047.02030726046,0,0,Tupaia chinensis,Tupaia,,Tupaiidae,Scandentia
3345,GEPGVVGAPGTAGASGPGGLPGER,1601,1624,0,2063.01445726046,1,0,Tupaia chinensis,Tupaia,,Tupaiidae,Scandentia
3346,GEPGVVGAPGTAGASGPGGLPGER,1601,1624,0,2079.00860726046,2,0,Tupaia chinensis,Tupaia,,Tupaiidae,Scandentia
3347,GEPGVVGAPGTAGASGPGGLPGER,1601,1624,0,2095.00275726046,3,0,Tupaia chinensis,Tupaia,,Tupaiidae,Scandentia
3348,GEPGVVGAPGTAGASGPGGLPGER,1601,1624,0,2110.99690726046,4,0,Tupaia chinensis,Tupaia,,Tupaiidae,Scandentia
3349,GEPGVVGAPGTAGASGPGGLPGERGAAGIPGGK,1601,1633,1,2755.41218055214,0,0,Tupaia chinensis,Tupaia,,Tupaiidae,Scandentia
3350,GEPGVVGAPGTAGASGPGGLPGERGAAGIPGGK,1601,1633,1,2771.40633055214,1,0,Tupaia chinensis,Tupaia,,Tupaiidae,Scandentia
3351,GEPGVVGAPGTAGASGPGGLPGERGAAGIPGGK,1601,1633,1,2787.40048055214,2,0,Tupaia chinensis,Tupaia,,Tupaiidae,Scandentia
3352,GEPGVVGAPGTAGASGPGGLPGERGAAGIPGGK,1601,1633,1,2803.39463055214,3,0,Tupaia chinensis,Tupaia,,Tupaiidae,Scandentia
3353,GEPGVVGAPGTAGASGPGGLPGERGAAGIPGGK,1601,1633,1,2819.38878055214,4,0,Tupaia chinensis,Tupaia,,Tupaiidae,Scandentia
3354,GEPGVVGAPGTAGASGPGGLPGERGAAGIPGGK,1601,1633,1,2835.38293055214,5,0,Tupaia chinensis,Tupaia,,Tupaiidae,Scandentia
3355,GEPGVVGAPGTAGASGPGGLPGERGAAGIPGGK,1601,1633,1,2851.37708055214,6,0,Tupaia chinensis,Tupaia,,Tupaiidae,Scandentia
3356,GAAGIPGGKGEK,1625,1636,1,1041.56873426469,0,0,Tupaia chinensis,Tupaia,,Tupaiidae,Scandentia
3357,GAAGIPGGKGEK,1625,1636,1,1057.56288426469,1,0,Tupaia chinensis,Tupaia,,Tupaiidae,Scandentia
3358,GAAGIPGGKGEK,1625,1636,1,1073.55703426469,2,0,Tupaia chinensis,Tupaia,,Tupaiidae,Scandentia
3359,GAAGIPGGKGEK,1625,1636,1,1089.55118426469,3,0,Tupaia chinensis,Tupaia,,Tupaiidae,Scandentia
3360,GAAGIPGGK,1625,1633,0,727.40971444215,0,0,Tupaia chinensis,Tupaia,,Tupaiidae,Scandentia
3361,GAAGIPGGK,1625,1633,0,743.4038644421499,1,0,Tupaia chinensis,Tupaia,,Tupaiidae,Scandentia
3362,GAAGIPGGK,1625,1633,0,759.3980144421499,2,0,Tupaia chinensis,Tupaia,,Tupaiidae,Scandentia
3363,GEK,1634,1636,0,333.17686097301,0,0,Tupaia chinensis,Tupaia,,Tupaiidae,Scandentia
3364,GEK,1634,1636,0,349.17101097300997,1,0,Tupaia chinensis,Tupaia,,Tupaiidae,Scandentia
3365,GEKGETGLR,1634,1642,1,946.4952349712598,0,0,Tupaia chinensis,Tupaia,,Tupaiidae,Scandentia
3366,GEKGETGLR,1634,1642,1,962.4893849712598,1,0,Tupaia chinensis,Tupaia,,Tupaiidae,Scandentia
3367,GETGLR,1637,1642,0,632.3362151487199,0,0,Tupaia chinensis,Tupaia,,Tupaiidae,Scandentia
3368,GETGLRGEVGNTGR,1637,1650,1,1402.70333024454,0,0,Tupaia chinensis,Tupaia,,Tupaiidae,Scandentia
3369,GETGLRGEVGNTGR,1637,1650,1,1403.68734624454,0,1,Tupaia chinensis,Tupaia,,Tupaiidae,Scandentia
3370,GEVGNTGR,1643,1650,0,789.3849562462899,0,0,Tupaia chinensis,Tupaia,,Tupaiidae,Scandentia
3371,GEVGNTGR,1643,1650,0,790.3689722462899,0,1,Tupaia chinensis,Tupaia,,Tupaiidae,Scandentia
3372,GEVGNTGRDGAR,1643,1654,1,1188.571587799,0,0,Tupaia chinensis,Tupaia,,Tupaiidae,Scandentia
3373,GEVGNTGRDGAR,1643,1654,1,1189.5556037990002,0,1,Tupaia chinensis,Tupaia,,Tupaiidae,Scandentia
3374,DGAR,1651,1654,0,418.20447270318,0,0,Tupaia chinensis,Tupaia,,Tupaiidae,Scandentia
3375,DGARGAPGAIGAPGPAGAAGDR,1651,1672,1,1861.92634730597,0,0,Tupaia chinensis,Tupaia,,Tupaiidae,Scandentia
3376,DGARGAPGAIGAPGPAGAAGDR,1651,1672,1,1877.92049730597,1,0,Tupaia chinensis,Tupaia,,Tupaiidae,Scandentia
3377,DGARGAPGAIGAPGPAGAAGDR,1651,1672,1,1893.91464730597,2,0,Tupaia chinensis,Tupaia,,Tupaiidae,Scandentia
3378,DGARGAPGAIGAPGPAGAAGDR,1651,1672,1,1909.90879730597,3,0,Tupaia chinensis,Tupaia,,Tupaiidae,Scandentia
3379,GAPGAIGAPGPAGAAGDRGEAGAAGPAGPAGPR,1655,1687,1,2679.33459893778,0,0,Tupaia chinensis,Tupaia,,Tupaiidae,Scandentia
3380,GAPGAIGAPGPAGAAGDRGEAGAAGPAGPAGPR,1655,1687,1,2695.32874893778,1,0,Tupaia chinensis,Tupaia,,Tupaiidae,Scandentia
3381,GAPGAIGAPGPAGAAGDRGEAGAAGPAGPAGPR,1655,1687,1,2711.32289893778,2,0,Tupaia chinensis,Tupaia,,Tupaiidae,Scandentia
3382,GAPGAIGAPGPAGAAGDRGEAGAAGPAGPAGPR,1655,1687,1,2727.31704893778,3,0,Tupaia chinensis,Tupaia,,Tupaiidae,Scandentia
3383,GAPGAIGAPGPAGAAGDRGEAGAAGPAGPAGPR,1655,1687,1,2743.31119893778,4,0,Tupaia chinensis,Tupaia,,Tupaiidae,Scandentia
3384,GAPGAIGAPGPAGAAGDRGEAGAAGPAGPAGPR,1655,1687,1,2759.30534893778,5,0,Tupaia chinensis,Tupaia,,Tupaiidae,Scandentia
3385,GAPGAIGAPGPAGAAGDRGEAGAAGPAGPAGPR,1655,1687,1,2775.29949893778,6,0,Tupaia chinensis,Tupaia,,Tupaiidae,Scandentia
3386,GAPGAIGAPGPAGAAGDR,1655,1672,0,1462.73971575326,0,0,Tupaia chinensis,Tupaia,,Tupaiidae,Scandentia
3387,GAPGAIGAPGPAGAAGDR,1655,1672,0,1478.73386575326,1,0,Tupaia chinensis,Tupaia,,Tupaiidae,Scandentia
3388,GAPGAIGAPGPAGAAGDR,1655,1672,0,1494.72801575326,2,0,Tupaia chinensis,Tupaia,,Tupaiidae,Scandentia
3389,GAPGAIGAPGPAGAAGDR,1655,1672,0,1510.72216575326,3,0,Tupaia chinensis,Tupaia,,Tupaiidae,Scandentia
3390,GEAGAAGPAGPAGPR,1673,1687,0,1235.61272433499,0,0,Tupaia chinensis,Tupaia,,Tupaiidae,Scandentia
3391,GEAGAAGPAGPAGPR,1673,1687,0,1251.60687433499,1,0,Tupaia chinensis,Tupaia,,Tupaiidae,Scandentia
3392,GEAGAAGPAGPAGPR,1673,1687,0,1267.60102433499,2,0,Tupaia chinensis,Tupaia,,Tupaiidae,Scandentia
3393,GEAGAAGPAGPAGPR,1673,1687,0,1283.59517433499,3,0,Tupaia chinensis,Tupaia,,Tupaiidae,Scandentia
3394,GEAGAAGPAGPAGPRGSPGER,1673,1693,1,1818.88414814082,0,0,Tupaia chinensis,Tupaia,,Tupaiidae,Scandentia
3395,GEAGAAGPAGPAGPRGSPGER,1673,1693,1,1834.8782981408199,1,0,Tupaia chinensis,Tupaia,,Tupaiidae,Scandentia
3396,GEAGAAGPAGPAGPRGSPGER,1673,1693,1,1850.8724481408199,2,0,Tupaia chinensis,Tupaia,,Tupaiidae,Scandentia
3397,GEAGAAGPAGPAGPRGSPGER,1673,1693,1,1866.8665981408199,3,0,Tupaia chinensis,Tupaia,,Tupaiidae,Scandentia
3398,GEAGAAGPAGPAGPRGSPGER,1673,1693,1,1882.8607481408199,4,0,Tupaia chinensis,Tupaia,,Tupaiidae,Scandentia
3399,GSPGER,1688,1693,0,602.2892649562999,0,0,Tupaia chinensis,Tupaia,,Tupaiidae,Scandentia
3400,GSPGER,1688,1693,0,618.2834149562999,1,0,Tupaia chinensis,Tupaia,,Tupaiidae,Scandentia
3401,GSPGERGEVGPAGPNGFAGPAGAAGQPGAK,1688,1717,1,2618.2706016988895,0,0,Tupaia chinensis,Tupaia,,Tupaiidae,Scandentia
3402,GSPGERGEVGPAGPNGFAGPAGAAGQPGAK,1688,1717,1,2619.2546176988894,0,1,Tupaia chinensis,Tupaia,,Tupaiidae,Scandentia
3403,GSPGERGEVGPAGPNGFAGPAGAAGQPGAK,1688,1717,1,2620.2386336988898,0,2,Tupaia chinensis,Tupaia,,Tupaiidae,Scandentia
3404,GSPGERGEVGPAGPNGFAGPAGAAGQPGAK,1688,1717,1,2634.2647516988895,1,0,Tupaia chinensis,Tupaia,,Tupaiidae,Scandentia
3405,GSPGERGEVGPAGPNGFAGPAGAAGQPGAK,1688,1717,1,2635.2487676988894,1,1,Tupaia chinensis,Tupaia,,Tupaiidae,Scandentia
3406,GSPGERGEVGPAGPNGFAGPAGAAGQPGAK,1688,1717,1,2636.2327836988898,1,2,Tupaia chinensis,Tupaia,,Tupaiidae,Scandentia
3407,GSPGERGEVGPAGPNGFAGPAGAAGQPGAK,1688,1717,1,2650.2589016988895,2,0,Tupaia chinensis,Tupaia,,Tupaiidae,Scandentia
3408,GSPGERGEVGPAGPNGFAGPAGAAGQPGAK,1688,1717,1,2651.2429176988894,2,1,Tupaia chinensis,Tupaia,,Tupaiidae,Scandentia
3409,GSPGERGEVGPAGPNGFAGPAGAAGQPGAK,1688,1717,1,2652.2269336988898,2,2,Tupaia chinensis,Tupaia,,Tupaiidae,Scandentia
3410,GSPGERGEVGPAGPNGFAGPAGAAGQPGAK,1688,1717,1,2666.2530516988895,3,0,Tupaia chinensis,Tupaia,,Tupaiidae,Scandentia
3411,GSPGERGEVGPAGPNGFAGPAGAAGQPGAK,1688,1717,1,2667.2370676988894,3,1,Tupaia chinensis,Tupaia,,Tupaiidae,Scandentia
3412,GSPGERGEVGPAGPNGFAGPAGAAGQPGAK,1688,1717,1,2668.2210836988897,3,2,Tupaia chinensis,Tupaia,,Tupaiidae,Scandentia
3413,GSPGERGEVGPAGPNGFAGPAGAAGQPGAK,1688,1717,1,2682.2472016988895,4,0,Tupaia chinensis,Tupaia,,Tupaiidae,Scandentia
3414,GSPGERGEVGPAGPNGFAGPAGAAGQPGAK,1688,1717,1,2683.2312176988894,4,1,Tupaia chinensis,Tupaia,,Tupaiidae,Scandentia
3415,GSPGERGEVGPAGPNGFAGPAGAAGQPGAK,1688,1717,1,2684.2152336988897,4,2,Tupaia chinensis,Tupaia,,Tupaiidae,Scandentia
3416,GSPGERGEVGPAGPNGFAGPAGAAGQPGAK,1688,1717,1,2698.2413516988895,5,0,Tupaia chinensis,Tupaia,,Tupaiidae,Scandentia
3417,GSPGERGEVGPAGPNGFAGPAGAAGQPGAK,1688,1717,1,2699.2253676988894,5,1,Tupaia chinensis,Tupaia,,Tupaiidae,Scandentia
3418,GSPGERGEVGPAGPNGFAGPAGAAGQPGAK,1688,1717,1,2700.2093836988897,5,2,Tupaia chinensis,Tupaia,,Tupaiidae,Scandentia
3419,GSPGERGEVGPAGPNGFAGPAGAAGQPGAK,1688,1717,1,2714.2355016988895,6,0,Tupaia chinensis,Tupaia,,Tupaiidae,Scandentia
3420,GSPGERGEVGPAGPNGFAGPAGAAGQPGAK,1688,1717,1,2715.2195176988894,6,1,Tupaia chinensis,Tupaia,,Tupaiidae,Scandentia
3421,GSPGERGEVGPAGPNGFAGPAGAAGQPGAK,1688,1717,1,2716.2035336988897,6,2,Tupaia chinensis,Tupaia,,Tupaiidae,Scandentia
3422,GEVGPAGPNGFAGPAGAAGQPGAK,1694,1717,0,2034.99917789306,0,0,Tupaia chinensis,Tupaia,,Tupaiidae,Scandentia
3423,GEVGPAGPNGFAGPAGAAGQPGAK,1694,1717,0,2035.9831938930602,0,1,Tupaia chinensis,Tupaia,,Tupaiidae,Scandentia
3424,GEVGPAGPNGFAGPAGAAGQPGAK,1694,1717,0,2036.96720989306,0,2,Tupaia chinensis,Tupaia,,Tupaiidae,Scandentia
3425,GEVGPAGPNGFAGPAGAAGQPGAK,1694,1717,0,2050.9933278930603,1,0,Tupaia chinensis,Tupaia,,Tupaiidae,Scandentia
3426,GEVGPAGPNGFAGPAGAAGQPGAK,1694,1717,0,2051.97734389306,1,1,Tupaia chinensis,Tupaia,,Tupaiidae,Scandentia
3427,GEVGPAGPNGFAGPAGAAGQPGAK,1694,1717,0,2052.9613598930605,1,2,Tupaia chinensis,Tupaia,,Tupaiidae,Scandentia
3428,GEVGPAGPNGFAGPAGAAGQPGAK,1694,1717,0,2066.9874778930603,2,0,Tupaia chinensis,Tupaia,,Tupaiidae,Scandentia
3429,GEVGPAGPNGFAGPAGAAGQPGAK,1694,1717,0,2067.97149389306,2,1,Tupaia chinensis,Tupaia,,Tupaiidae,Scandentia
3430,GEVGPAGPNGFAGPAGAAGQPGAK,1694,1717,0,2068.9555098930605,2,2,Tupaia chinensis,Tupaia,,Tupaiidae,Scandentia
3431,GEVGPAGPNGFAGPAGAAGQPGAK,1694,1717,0,2082.9816278930602,3,0,Tupaia chinensis,Tupaia,,Tupaiidae,Scandentia
3432,GEVGPAGPNGFAGPAGAAGQPGAK,1694,1717,0,2083.96564389306,3,1,Tupaia chinensis,Tupaia,,Tupaiidae,Scandentia
3433,GEVGPAGPNGFAGPAGAAGQPGAK,1694,1717,0,2084.9496598930605,3,2,Tupaia chinensis,Tupaia,,Tupaiidae,Scandentia
3434,GEVGPAGPNGFAGPAGAAGQPGAK,1694,1717,0,2098.9757778930602,4,0,Tupaia chinensis,Tupaia,,Tupaiidae,Scandentia
3435,GEVGPAGPNGFAGPAGAAGQPGAK,1694,1717,0,2099.95979389306,4,1,Tupaia chinensis,Tupaia,,Tupaiidae,Scandentia
3436,GEVGPAGPNGFAGPAGAAGQPGAK,1694,1717,0,2100.9438098930605,4,2,Tupaia chinensis,Tupaia,,Tupaiidae,Scandentia
3437,GEVGPAGPNGFAGPAGAAGQPGAK,1694,1717,0,2114.9699278930602,5,0,Tupaia chinensis,Tupaia,,Tupaiidae,Scandentia
3438,GEVGPAGPNGFAGPAGAAGQPGAK,1694,1717,0,2115.95394389306,5,1,Tupaia chinensis,Tupaia,,Tupaiidae,Scandentia
3439,GEVGPAGPNGFAGPAGAAGQPGAK,1694,1717,0,2116.9379598930605,5,2,Tupaia chinensis,Tupaia,,Tupaiidae,Scandentia
3440,GEVGPAGPNGFAGPAGAAGQPGAKGER,1694,1720,1,2377.1643457252,0,0,Tupaia chinensis,Tupaia,,Tupaiidae,Scandentia
3441,GEVGPAGPNGFAGPAGAAGQPGAKGER,1694,1720,1,2378.1483617251997,0,1,Tupaia chinensis,Tupaia,,Tupaiidae,Scandentia
3442,GEVGPAGPNGFAGPAGAAGQPGAKGER,1694,1720,1,2379.1323777252,0,2,Tupaia chinensis,Tupaia,,Tupaiidae,Scandentia
3443,GEVGPAGPNGFAGPAGAAGQPGAKGER,1694,1720,1,2393.1584957252,1,0,Tupaia chinensis,Tupaia,,Tupaiidae,Scandentia
3444,GEVGPAGPNGFAGPAGAAGQPGAKGER,1694,1720,1,2394.1425117251997,1,1,Tupaia chinensis,Tupaia,,Tupaiidae,Scandentia
3445,GEVGPAGPNGFAGPAGAAGQPGAKGER,1694,1720,1,2395.1265277252,1,2,Tupaia chinensis,Tupaia,,Tupaiidae,Scandentia
3446,GEVGPAGPNGFAGPAGAAGQPGAKGER,1694,1720,1,2409.1526457252,2,0,Tupaia chinensis,Tupaia,,Tupaiidae,Scandentia
3447,GEVGPAGPNGFAGPAGAAGQPGAKGER,1694,1720,1,2410.1366617251997,2,1,Tupaia chinensis,Tupaia,,Tupaiidae,Scandentia
3448,GEVGPAGPNGFAGPAGAAGQPGAKGER,1694,1720,1,2411.1206777252,2,2,Tupaia chinensis,Tupaia,,Tupaiidae,Scandentia
3449,GEVGPAGPNGFAGPAGAAGQPGAKGER,1694,1720,1,2425.1467957252,3,0,Tupaia chinensis,Tupaia,,Tupaiidae,Scandentia
3450,GEVGPAGPNGFAGPAGAAGQPGAKGER,1694,1720,1,2426.1308117251997,3,1,Tupaia chinensis,Tupaia,,Tupaiidae,Scandentia
3451,GEVGPAGPNGFAGPAGAAGQPGAKGER,1694,1720,1,2427.1148277252,3,2,Tupaia chinensis,Tupaia,,Tupaiidae,Scandentia
3452,GEVGPAGPNGFAGPAGAAGQPGAKGER,1694,1720,1,2441.1409457252,4,0,Tupaia chinensis,Tupaia,,Tupaiidae,Scandentia
3453,GEVGPAGPNGFAGPAGAAGQPGAKGER,1694,1720,1,2442.1249617251997,4,1,Tupaia chinensis,Tupaia,,Tupaiidae,Scandentia
3454,GEVGPAGPNGFAGPAGAAGQPGAKGER,1694,1720,1,2443.1089777252,4,2,Tupaia chinensis,Tupaia,,Tupaiidae,Scandentia
3455,GEVGPAGPNGFAGPAGAAGQPGAKGER,1694,1720,1,2457.1350957252,5,0,Tupaia chinensis,Tupaia,,Tupaiidae,Scandentia
3456,GEVGPAGPNGFAGPAGAAGQPGAKGER,1694,1720,1,2458.1191117251997,5,1,Tupaia chinensis,Tupaia,,Tupaiidae,Scandentia
3457,GEVGPAGPNGFAGPAGAAGQPGAKGER,1694,1720,1,2459.1031277252,5,2,Tupaia chinensis,Tupaia,,Tupaiidae,Scandentia
3458,GER,1718,1720,0,361.18300898261,0,0,Tupaia chinensis,Tupaia,,Tupaiidae,Scandentia
3459,GERGTK,1718,1723,1,647.3471141855899,0,0,Tupaia chinensis,Tupaia,,Tupaiidae,Scandentia
3460,GERGTK,1718,1723,1,663.3412641855899,1,0,Tupaia chinensis,Tupaia,,Tupaiidae,Scandentia
3461,GTK,1721,1723,0,305.18194635345,0,0,Tupaia chinensis,Tupaia,,Tupaiidae,Scandentia
3462,GTK,1721,1723,0,321.17609635344996,1,0,Tupaia chinensis,Tupaia,,Tupaiidae,Scandentia
3463,GTKGPK,1721,1726,1,587.3511369368699,0,0,Tupaia chinensis,Tupaia,,Tupaiidae,Scandentia
3464,GTKGPK,1721,1726,1,603.3452869368699,1,0,Tupaia chinensis,Tupaia,,Tupaiidae,Scandentia
3465,GTKGPK,1721,1726,1,619.3394369368699,2,0,Tupaia chinensis,Tupaia,,Tupaiidae,Scandentia
3466,GTKGPK,1721,1726,1,635.3335869368699,3,0,Tupaia chinensis,Tupaia,,Tupaiidae,Scandentia
3467,GPKGENGVVGPSGPVGAAGPSGPNGPPGPAGSR,1724,1756,1,2835.4132431813,0,0,Tupaia chinensis,Tupaia,,Tupaiidae,Scandentia
3468,GPKGENGVVGPSGPVGAAGPSGPNGPPGPAGSR,1724,1756,1,2836.3972591813,0,1,Tupaia chinensis,Tupaia,,Tupaiidae,Scandentia
3469,GPKGENGVVGPSGPVGAAGPSGPNGPPGPAGSR,1724,1756,1,2837.3812751813,0,2,Tupaia chinensis,Tupaia,,Tupaiidae,Scandentia
3470,GPKGENGVVGPSGPVGAAGPSGPNGPPGPAGSR,1724,1756,1,2851.4073931813,1,0,Tupaia chinensis,Tupaia,,Tupaiidae,Scandentia
3471,GPKGENGVVGPSGPVGAAGPSGPNGPPGPAGSR,1724,1756,1,2852.3914091813,1,1,Tupaia chinensis,Tupaia,,Tupaiidae,Scandentia
3472,GPKGENGVVGPSGPVGAAGPSGPNGPPGPAGSR,1724,1756,1,2853.3754251813,1,2,Tupaia chinensis,Tupaia,,Tupaiidae,Scandentia
3473,GPKGENGVVGPSGPVGAAGPSGPNGPPGPAGSR,1724,1756,1,2867.4015431813,2,0,Tupaia chinensis,Tupaia,,Tupaiidae,Scandentia
3474,GPKGENGVVGPSGPVGAAGPSGPNGPPGPAGSR,1724,1756,1,2868.3855591813,2,1,Tupaia chinensis,Tupaia,,Tupaiidae,Scandentia
3475,GPKGENGVVGPSGPVGAAGPSGPNGPPGPAGSR,1724,1756,1,2869.3695751813,2,2,Tupaia chinensis,Tupaia,,Tupaiidae,Scandentia
3476,GPKGENGVVGPSGPVGAAGPSGPNGPPGPAGSR,1724,1756,1,2883.3956931813,3,0,Tupaia chinensis,Tupaia,,Tupaiidae,Scandentia
3477,GPKGENGVVGPSGPVGAAGPSGPNGPPGPAGSR,1724,1756,1,2884.3797091813,3,1,Tupaia chinensis,Tupaia,,Tupaiidae,Scandentia
3478,GPKGENGVVGPSGPVGAAGPSGPNGPPGPAGSR,1724,1756,1,2885.3637251813,3,2,Tupaia chinensis,Tupaia,,Tupaiidae,Scandentia
3479,GPKGENGVVGPSGPVGAAGPSGPNGPPGPAGSR,1724,1756,1,2899.3898431813,4,0,Tupaia chinensis,Tupaia,,Tupaiidae,Scandentia
3480,GPKGENGVVGPSGPVGAAGPSGPNGPPGPAGSR,1724,1756,1,2900.3738591813,4,1,Tupaia chinensis,Tupaia,,Tupaiidae,Scandentia
3481,GPKGENGVVGPSGPVGAAGPSGPNGPPGPAGSR,1724,1756,1,2901.3578751813,4,2,Tupaia chinensis,Tupaia,,Tupaiidae,Scandentia
3482,GPKGENGVVGPSGPVGAAGPSGPNGPPGPAGSR,1724,1756,1,2915.3839931813,5,0,Tupaia chinensis,Tupaia,,Tupaiidae,Scandentia
3483,GPKGENGVVGPSGPVGAAGPSGPNGPPGPAGSR,1724,1756,1,2916.3680091813,5,1,Tupaia chinensis,Tupaia,,Tupaiidae,Scandentia
3484,GPKGENGVVGPSGPVGAAGPSGPNGPPGPAGSR,1724,1756,1,2917.3520251813,5,2,Tupaia chinensis,Tupaia,,Tupaiidae,Scandentia
3485,GPKGENGVVGPSGPVGAAGPSGPNGPPGPAGSR,1724,1756,1,2931.3781431813,6,0,Tupaia chinensis,Tupaia,,Tupaiidae,Scandentia
3486,GPKGENGVVGPSGPVGAAGPSGPNGPPGPAGSR,1724,1756,1,2932.3621591813,6,1,Tupaia chinensis,Tupaia,,Tupaiidae,Scandentia
3487,GPKGENGVVGPSGPVGAAGPSGPNGPPGPAGSR,1724,1756,1,2933.3461751813,6,2,Tupaia chinensis,Tupaia,,Tupaiidae,Scandentia
3488,GPKGENGVVGPSGPVGAAGPSGPNGPPGPAGSR,1724,1756,1,2947.3722931813,7,0,Tupaia chinensis,Tupaia,,Tupaiidae,Scandentia
3489,GPKGENGVVGPSGPVGAAGPSGPNGPPGPAGSR,1724,1756,1,2948.3563091813,7,1,Tupaia chinensis,Tupaia,,Tupaiidae,Scandentia
3490,GPKGENGVVGPSGPVGAAGPSGPNGPPGPAGSR,1724,1756,1,2949.3403251813,7,2,Tupaia chinensis,Tupaia,,Tupaiidae,Scandentia
3491,GPKGENGVVGPSGPVGAAGPSGPNGPPGPAGSR,1724,1756,1,2963.3664431813,8,0,Tupaia chinensis,Tupaia,,Tupaiidae,Scandentia
3492,GPKGENGVVGPSGPVGAAGPSGPNGPPGPAGSR,1724,1756,1,2964.3504591813,8,1,Tupaia chinensis,Tupaia,,Tupaiidae,Scandentia
3493,GPKGENGVVGPSGPVGAAGPSGPNGPPGPAGSR,1724,1756,1,2965.3344751813,8,2,Tupaia chinensis,Tupaia,,Tupaiidae,Scandentia
3494,GPKGENGVVGPSGPVGAAGPSGPNGPPGPAGSR,1724,1756,1,2979.3605931813,9,0,Tupaia chinensis,Tupaia,,Tupaiidae,Scandentia
3495,GPKGENGVVGPSGPVGAAGPSGPNGPPGPAGSR,1724,1756,1,2980.3446091813,9,1,Tupaia chinensis,Tupaia,,Tupaiidae,Scandentia
3496,GPKGENGVVGPSGPVGAAGPSGPNGPPGPAGSR,1724,1756,1,2981.3286251813,9,2,Tupaia chinensis,Tupaia,,Tupaiidae,Scandentia
3497,GPK,1724,1726,0,301.18703173389,0,0,Tupaia chinensis,Tupaia,,Tupaiidae,Scandentia
3498,GPK,1724,1726,0,317.18118173389,1,0,Tupaia chinensis,Tupaia,,Tupaiidae,Scandentia
3499,GPK,1724,1726,0,333.17533173389,2,0,Tupaia chinensis,Tupaia,,Tupaiidae,Scandentia
3500,GENGVVGPSGPVGAAGPSGPNGPPGPAGSRGDGGPPGAVGFPGAAGR,1727,1773,1,3973.9288134159597,0,0,Tupaia chinensis,Tupaia,,Tupaiidae,Scandentia
3501,GENGVVGPSGPVGAAGPSGPNGPPGPAGSRGDGGPPGAVGFPGAAGR,1727,1773,1,3974.9128294159595,0,1,Tupaia chinensis,Tupaia,,Tupaiidae,Scandentia
3502,GENGVVGPSGPVGAAGPSGPNGPPGPAGSRGDGGPPGAVGFPGAAGR,1727,1773,1,3975.89684541596,0,2,Tupaia chinensis,Tupaia,,Tupaiidae,Scandentia
3503,GENGVVGPSGPVGAAGPSGPNGPPGPAGSRGDGGPPGAVGFPGAAGR,1727,1773,1,3989.9229634159597,1,0,Tupaia chinensis,Tupaia,,Tupaiidae,Scandentia
3504,GENGVVGPSGPVGAAGPSGPNGPPGPAGSRGDGGPPGAVGFPGAAGR,1727,1773,1,3990.9069794159595,1,1,Tupaia chinensis,Tupaia,,Tupaiidae,Scandentia
3505,GENGVVGPSGPVGAAGPSGPNGPPGPAGSRGDGGPPGAVGFPGAAGR,1727,1773,1,3991.89099541596,1,2,Tupaia chinensis,Tupaia,,Tupaiidae,Scandentia
3506,GENGVVGPSGPVGAAGPSGPNGPPGPAGSRGDGGPPGAVGFPGAAGR,1727,1773,1,4005.9171134159596,2,0,Tupaia chinensis,Tupaia,,Tupaiidae,Scandentia
3507,GENGVVGPSGPVGAAGPSGPNGPPGPAGSRGDGGPPGAVGFPGAAGR,1727,1773,1,4006.9011294159595,2,1,Tupaia chinensis,Tupaia,,Tupaiidae,Scandentia
3508,GENGVVGPSGPVGAAGPSGPNGPPGPAGSRGDGGPPGAVGFPGAAGR,1727,1773,1,4007.88514541596,2,2,Tupaia chinensis,Tupaia,,Tupaiidae,Scandentia
3509,GENGVVGPSGPVGAAGPSGPNGPPGPAGSRGDGGPPGAVGFPGAAGR,1727,1773,1,4021.9112634159596,3,0,Tupaia chinensis,Tupaia,,Tupaiidae,Scandentia
3510,GENGVVGPSGPVGAAGPSGPNGPPGPAGSRGDGGPPGAVGFPGAAGR,1727,1773,1,4022.8952794159595,3,1,Tupaia chinensis,Tupaia,,Tupaiidae,Scandentia
3511,GENGVVGPSGPVGAAGPSGPNGPPGPAGSRGDGGPPGAVGFPGAAGR,1727,1773,1,4023.87929541596,3,2,Tupaia chinensis,Tupaia,,Tupaiidae,Scandentia
3512,GENGVVGPSGPVGAAGPSGPNGPPGPAGSRGDGGPPGAVGFPGAAGR,1727,1773,1,4037.9054134159596,4,0,Tupaia chinensis,Tupaia,,Tupaiidae,Scandentia
3513,GENGVVGPSGPVGAAGPSGPNGPPGPAGSRGDGGPPGAVGFPGAAGR,1727,1773,1,4038.8894294159595,4,1,Tupaia chinensis,Tupaia,,Tupaiidae,Scandentia
3514,GENGVVGPSGPVGAAGPSGPNGPPGPAGSRGDGGPPGAVGFPGAAGR,1727,1773,1,4039.87344541596,4,2,Tupaia chinensis,Tupaia,,Tupaiidae,Scandentia
3515,GENGVVGPSGPVGAAGPSGPNGPPGPAGSRGDGGPPGAVGFPGAAGR,1727,1773,1,4053.8995634159596,5,0,Tupaia chinensis,Tupaia,,Tupaiidae,Scandentia
3516,GENGVVGPSGPVGAAGPSGPNGPPGPAGSRGDGGPPGAVGFPGAAGR,1727,1773,1,4054.8835794159595,5,1,Tupaia chinensis,Tupaia,,Tupaiidae,Scandentia
3517,GENGVVGPSGPVGAAGPSGPNGPPGPAGSRGDGGPPGAVGFPGAAGR,1727,1773,1,4055.86759541596,5,2,Tupaia chinensis,Tupaia,,Tupaiidae,Scandentia
3518,GENGVVGPSGPVGAAGPSGPNGPPGPAGSRGDGGPPGAVGFPGAAGR,1727,1773,1,4069.8937134159596,6,0,Tupaia chinensis,Tupaia,,Tupaiidae,Scandentia
3519,GENGVVGPSGPVGAAGPSGPNGPPGPAGSRGDGGPPGAVGFPGAAGR,1727,1773,1,4070.8777294159595,6,1,Tupaia chinensis,Tupaia,,Tupaiidae,Scandentia
3520,GENGVVGPSGPVGAAGPSGPNGPPGPAGSRGDGGPPGAVGFPGAAGR,1727,1773,1,4071.86174541596,6,2,Tupaia chinensis,Tupaia,,Tupaiidae,Scandentia
3521,GENGVVGPSGPVGAAGPSGPNGPPGPAGSRGDGGPPGAVGFPGAAGR,1727,1773,1,4085.8878634159596,7,0,Tupaia chinensis,Tupaia,,Tupaiidae,Scandentia
3522,GENGVVGPSGPVGAAGPSGPNGPPGPAGSRGDGGPPGAVGFPGAAGR,1727,1773,1,4086.8718794159595,7,1,Tupaia chinensis,Tupaia,,Tupaiidae,Scandentia
3523,GENGVVGPSGPVGAAGPSGPNGPPGPAGSRGDGGPPGAVGFPGAAGR,1727,1773,1,4087.85589541596,7,2,Tupaia chinensis,Tupaia,,Tupaiidae,Scandentia
3524,GENGVVGPSGPVGAAGPSGPNGPPGPAGSRGDGGPPGAVGFPGAAGR,1727,1773,1,4101.88201341596,8,0,Tupaia chinensis,Tupaia,,Tupaiidae,Scandentia
3525,GENGVVGPSGPVGAAGPSGPNGPPGPAGSRGDGGPPGAVGFPGAAGR,1727,1773,1,4102.86602941596,8,1,Tupaia chinensis,Tupaia,,Tupaiidae,Scandentia
3526,GENGVVGPSGPVGAAGPSGPNGPPGPAGSRGDGGPPGAVGFPGAAGR,1727,1773,1,4103.850045415959,8,2,Tupaia chinensis,Tupaia,,Tupaiidae,Scandentia
3527,GENGVVGPSGPVGAAGPSGPNGPPGPAGSRGDGGPPGAVGFPGAAGR,1727,1773,1,4117.87616341596,9,0,Tupaia chinensis,Tupaia,,Tupaiidae,Scandentia
3528,GENGVVGPSGPVGAAGPSGPNGPPGPAGSRGDGGPPGAVGFPGAAGR,1727,1773,1,4118.86017941596,9,1,Tupaia chinensis,Tupaia,,Tupaiidae,Scandentia
3529,GENGVVGPSGPVGAAGPSGPNGPPGPAGSRGDGGPPGAVGFPGAAGR,1727,1773,1,4119.84419541596,9,2,Tupaia chinensis,Tupaia,,Tupaiidae,Scandentia
3530,GENGVVGPSGPVGAAGPSGPNGPPGPAGSRGDGGPPGAVGFPGAAGR,1727,1773,1,4133.87031341596,10,0,Tupaia chinensis,Tupaia,,Tupaiidae,Scandentia
3531,GENGVVGPSGPVGAAGPSGPNGPPGPAGSRGDGGPPGAVGFPGAAGR,1727,1773,1,4134.85432941596,10,1,Tupaia chinensis,Tupaia,,Tupaiidae,Scandentia
3532,GENGVVGPSGPVGAAGPSGPNGPPGPAGSRGDGGPPGAVGFPGAAGR,1727,1773,1,4135.838345415959,10,2,Tupaia chinensis,Tupaia,,Tupaiidae,Scandentia
3533,GENGVVGPSGPVGAAGPSGPNGPPGPAGSR,1727,1756,0,2553.24405259788,0,0,Tupaia chinensis,Tupaia,,Tupaiidae,Scandentia
3534,GENGVVGPSGPVGAAGPSGPNGPPGPAGSR,1727,1756,0,2554.22806859788,0,1,Tupaia chinensis,Tupaia,,Tupaiidae,Scandentia
3535,GENGVVGPSGPVGAAGPSGPNGPPGPAGSR,1727,1756,0,2555.21208459788,0,2,Tupaia chinensis,Tupaia,,Tupaiidae,Scandentia
3536,GENGVVGPSGPVGAAGPSGPNGPPGPAGSR,1727,1756,0,2569.23820259788,1,0,Tupaia chinensis,Tupaia,,Tupaiidae,Scandentia
3537,GENGVVGPSGPVGAAGPSGPNGPPGPAGSR,1727,1756,0,2570.22221859788,1,1,Tupaia chinensis,Tupaia,,Tupaiidae,Scandentia
3538,GENGVVGPSGPVGAAGPSGPNGPPGPAGSR,1727,1756,0,2571.20623459788,1,2,Tupaia chinensis,Tupaia,,Tupaiidae,Scandentia
3539,GENGVVGPSGPVGAAGPSGPNGPPGPAGSR,1727,1756,0,2585.23235259788,2,0,Tupaia chinensis,Tupaia,,Tupaiidae,Scandentia
3540,GENGVVGPSGPVGAAGPSGPNGPPGPAGSR,1727,1756,0,2586.21636859788,2,1,Tupaia chinensis,Tupaia,,Tupaiidae,Scandentia
3541,GENGVVGPSGPVGAAGPSGPNGPPGPAGSR,1727,1756,0,2587.20038459788,2,2,Tupaia chinensis,Tupaia,,Tupaiidae,Scandentia
3542,GENGVVGPSGPVGAAGPSGPNGPPGPAGSR,1727,1756,0,2601.22650259788,3,0,Tupaia chinensis,Tupaia,,Tupaiidae,Scandentia
3543,GENGVVGPSGPVGAAGPSGPNGPPGPAGSR,1727,1756,0,2602.21051859788,3,1,Tupaia chinensis,Tupaia,,Tupaiidae,Scandentia
3544,GENGVVGPSGPVGAAGPSGPNGPPGPAGSR,1727,1756,0,2603.19453459788,3,2,Tupaia chinensis,Tupaia,,Tupaiidae,Scandentia
3545,GENGVVGPSGPVGAAGPSGPNGPPGPAGSR,1727,1756,0,2617.22065259788,4,0,Tupaia chinensis,Tupaia,,Tupaiidae,Scandentia
3546,GENGVVGPSGPVGAAGPSGPNGPPGPAGSR,1727,1756,0,2618.20466859788,4,1,Tupaia chinensis,Tupaia,,Tupaiidae,Scandentia
3547,GENGVVGPSGPVGAAGPSGPNGPPGPAGSR,1727,1756,0,2619.18868459788,4,2,Tupaia chinensis,Tupaia,,Tupaiidae,Scandentia
3548,GENGVVGPSGPVGAAGPSGPNGPPGPAGSR,1727,1756,0,2633.21480259788,5,0,Tupaia chinensis,Tupaia,,Tupaiidae,Scandentia
3549,GENGVVGPSGPVGAAGPSGPNGPPGPAGSR,1727,1756,0,2634.19881859788,5,1,Tupaia chinensis,Tupaia,,Tupaiidae,Scandentia
3550,GENGVVGPSGPVGAAGPSGPNGPPGPAGSR,1727,1756,0,2635.18283459788,5,2,Tupaia chinensis,Tupaia,,Tupaiidae,Scandentia
3551,GENGVVGPSGPVGAAGPSGPNGPPGPAGSR,1727,1756,0,2649.20895259788,6,0,Tupaia chinensis,Tupaia,,Tupaiidae,Scandentia
3552,GENGVVGPSGPVGAAGPSGPNGPPGPAGSR,1727,1756,0,2650.19296859788,6,1,Tupaia chinensis,Tupaia,,Tupaiidae,Scandentia
3553,GENGVVGPSGPVGAAGPSGPNGPPGPAGSR,1727,1756,0,2651.17698459788,6,2,Tupaia chinensis,Tupaia,,Tupaiidae,Scandentia
3554,GENGVVGPSGPVGAAGPSGPNGPPGPAGSR,1727,1756,0,2665.20310259788,7,0,Tupaia chinensis,Tupaia,,Tupaiidae,Scandentia
3555,GENGVVGPSGPVGAAGPSGPNGPPGPAGSR,1727,1756,0,2666.18711859788,7,1,Tupaia chinensis,Tupaia,,Tupaiidae,Scandentia
3556,GENGVVGPSGPVGAAGPSGPNGPPGPAGSR,1727,1756,0,2667.17113459788,7,2,Tupaia chinensis,Tupaia,,Tupaiidae,Scandentia
3557,GDGGPPGAVGFPGAAGRTGPPGPSGISGPPGPPGPAGK,1757,1794,1,3202.60283485613,0,0,Tupaia chinensis,Tupaia,,Tupaiidae,Scandentia
3558,GDGGPPGAVGFPGAAGRTGPPGPSGISGPPGPPGPAGK,1757,1794,1,3218.59698485613,1,0,Tupaia chinensis,Tupaia,,Tupaiidae,Scandentia
3559,GDGGPPGAVGFPGAAGRTGPPGPSGISGPPGPPGPAGK,1757,1794,1,3234.59113485613,2,0,Tupaia chinensis,Tupaia,,Tupaiidae,Scandentia
3560,GDGGPPGAVGFPGAAGRTGPPGPSGISGPPGPPGPAGK,1757,1794,1,3250.58528485613,3,0,Tupaia chinensis,Tupaia,,Tupaiidae,Scandentia
3561,GDGGPPGAVGFPGAAGRTGPPGPSGISGPPGPPGPAGK,1757,1794,1,3266.57943485613,4,0,Tupaia chinensis,Tupaia,,Tupaiidae,Scandentia
3562,GDGGPPGAVGFPGAAGRTGPPGPSGISGPPGPPGPAGK,1757,1794,1,3282.57358485613,5,0,Tupaia chinensis,Tupaia,,Tupaiidae,Scandentia
3563,GDGGPPGAVGFPGAAGRTGPPGPSGISGPPGPPGPAGK,1757,1794,1,3298.56773485613,6,0,Tupaia chinensis,Tupaia,,Tupaiidae,Scandentia
3564,GDGGPPGAVGFPGAAGRTGPPGPSGISGPPGPPGPAGK,1757,1794,1,3314.56188485613,7,0,Tupaia chinensis,Tupaia,,Tupaiidae,Scandentia
3565,GDGGPPGAVGFPGAAGRTGPPGPSGISGPPGPPGPAGK,1757,1794,1,3330.55603485613,8,0,Tupaia chinensis,Tupaia,,Tupaiidae,Scandentia
3566,GDGGPPGAVGFPGAAGRTGPPGPSGISGPPGPPGPAGK,1757,1794,1,3346.55018485613,9,0,Tupaia chinensis,Tupaia,,Tupaiidae,Scandentia
3567,GDGGPPGAVGFPGAAGRTGPPGPSGISGPPGPPGPAGK,1757,1794,1,3362.54433485613,10,0,Tupaia chinensis,Tupaia,,Tupaiidae,Scandentia
3568,GDGGPPGAVGFPGAAGRTGPPGPSGISGPPGPPGPAGK,1757,1794,1,3378.53848485613,11,0,Tupaia chinensis,Tupaia,,Tupaiidae,Scandentia
3569,GDGGPPGAVGFPGAAGRTGPPGPSGISGPPGPPGPAGK,1757,1794,1,3394.53263485613,12,0,Tupaia chinensis,Tupaia,,Tupaiidae,Scandentia
3570,GDGGPPGAVGFPGAAGR,1757,1773,0,1439.70260196855,0,0,Tupaia chinensis,Tupaia,,Tupaiidae,Scandentia
3571,GDGGPPGAVGFPGAAGR,1757,1773,0,1455.69675196855,1,0,Tupaia chinensis,Tupaia,,Tupaiidae,Scandentia
3572,GDGGPPGAVGFPGAAGR,1757,1773,0,1471.69090196855,2,0,Tupaia chinensis,Tupaia,,Tupaiidae,Scandentia
3573,GDGGPPGAVGFPGAAGR,1757,1773,0,1487.68505196855,3,0,Tupaia chinensis,Tupaia,,Tupaiidae,Scandentia
3574,TGPPGPSGISGPPGPPGPAGK,1774,1794,0,1781.91807403805,0,0,Tupaia chinensis,Tupaia,,Tupaiidae,Scandentia
3575,TGPPGPSGISGPPGPPGPAGK,1774,1794,0,1797.91222403805,1,0,Tupaia chinensis,Tupaia,,Tupaiidae,Scandentia
3576,TGPPGPSGISGPPGPPGPAGK,1774,1794,0,1813.90637403805,2,0,Tupaia chinensis,Tupaia,,Tupaiidae,Scandentia
3577,TGPPGPSGISGPPGPPGPAGK,1774,1794,0,1829.90052403805,3,0,Tupaia chinensis,Tupaia,,Tupaiidae,Scandentia
3578,TGPPGPSGISGPPGPPGPAGK,1774,1794,0,1845.89467403805,4,0,Tupaia chinensis,Tupaia,,Tupaiidae,Scandentia
3579,TGPPGPSGISGPPGPPGPAGK,1774,1794,0,1861.88882403805,5,0,Tupaia chinensis,Tupaia,,Tupaiidae,Scandentia
3580,TGPPGPSGISGPPGPPGPAGK,1774,1794,0,1877.88297403805,6,0,Tupaia chinensis,Tupaia,,Tupaiidae,Scandentia
3581,TGPPGPSGISGPPGPPGPAGK,1774,1794,0,1893.87712403805,7,0,Tupaia chinensis,Tupaia,,Tupaiidae,Scandentia
3582,TGPPGPSGISGPPGPPGPAGK,1774,1794,0,1909.87127403805,8,0,Tupaia chinensis,Tupaia,,Tupaiidae,Scandentia
3583,TGPPGPSGISGPPGPPGPAGK,1774,1794,0,1925.86542403805,9,0,Tupaia chinensis,Tupaia,,Tupaiidae,Scandentia
3584,TGPPGPSGISGPPGPPGPAGKEGLR,1774,1798,1,2237.1673058473198,0,0,Tupaia chinensis,Tupaia,,Tupaiidae,Scandentia
3585,TGPPGPSGISGPPGPPGPAGKEGLR,1774,1798,1,2253.1614558473198,1,0,Tupaia chinensis,Tupaia,,Tupaiidae,Scandentia
3586,TGPPGPSGISGPPGPPGPAGKEGLR,1774,1798,1,2269.1556058473197,2,0,Tupaia chinensis,Tupaia,,Tupaiidae,Scandentia
3587,TGPPGPSGISGPPGPPGPAGKEGLR,1774,1798,1,2285.1497558473197,3,0,Tupaia chinensis,Tupaia,,Tupaiidae,Scandentia
3588,TGPPGPSGISGPPGPPGPAGKEGLR,1774,1798,1,2301.1439058473197,4,0,Tupaia chinensis,Tupaia,,Tupaiidae,Scandentia
3589,TGPPGPSGISGPPGPPGPAGKEGLR,1774,1798,1,2317.1380558473197,5,0,Tupaia chinensis,Tupaia,,Tupaiidae,Scandentia
3590,TGPPGPSGISGPPGPPGPAGKEGLR,1774,1798,1,2333.1322058473197,6,0,Tupaia chinensis,Tupaia,,Tupaiidae,Scandentia
3591,TGPPGPSGISGPPGPPGPAGKEGLR,1774,1798,1,2349.1263558473197,7,0,Tupaia chinensis,Tupaia,,Tupaiidae,Scandentia
3592,TGPPGPSGISGPPGPPGPAGKEGLR,1774,1798,1,2365.1205058473197,8,0,Tupaia chinensis,Tupaia,,Tupaiidae,Scandentia
3593,TGPPGPSGISGPPGPPGPAGKEGLR,1774,1798,1,2381.1146558473197,9,0,Tupaia chinensis,Tupaia,,Tupaiidae,Scandentia
3594,EGLRGPR,1795,1801,1,784.4424115527598,0,0,Tupaia chinensis,Tupaia,,Tupaiidae,Scandentia
3595,EGLRGPR,1795,1801,1,800.4365615527598,1,0,Tupaia chinensis,Tupaia,,Tupaiidae,Scandentia
3596,EGLR,1795,1798,0,474.26707295974,0,0,Tupaia chinensis,Tupaia,,Tupaiidae,Scandentia
3597,GPRGDQGPVGR,1799,1809,1,1095.56538021975,0,0,Tupaia chinensis,Tupaia,,Tupaiidae,Scandentia
3598,GPRGDQGPVGR,1799,1809,1,1096.5493962197502,0,1,Tupaia chinensis,Tupaia,,Tupaiidae,Scandentia
3599,GPRGDQGPVGR,1799,1809,1,1111.55953021975,1,0,Tupaia chinensis,Tupaia,,Tupaiidae,Scandentia
3600,GPRGDQGPVGR,1799,1809,1,1112.5435462197502,1,1,Tupaia chinensis,Tupaia,,Tupaiidae,Scandentia
3601,GPRGDQGPVGR,1799,1809,1,1127.55368021975,2,0,Tupaia chinensis,Tupaia,,Tupaiidae,Scandentia
3602,GPRGDQGPVGR,1799,1809,1,1128.5376962197502,2,1,Tupaia chinensis,Tupaia,,Tupaiidae,Scandentia
3603,GPR,1799,1801,0,329.19317974349,0,0,Tupaia chinensis,Tupaia,,Tupaiidae,Scandentia
3604,GPR,1799,1801,0,345.18732974349,1,0,Tupaia chinensis,Tupaia,,Tupaiidae,Scandentia
3605,GDQGPVGRTGETGASGPPGFTGEK,1802,1825,1,2259.06362862442,0,0,Tupaia chinensis,Tupaia,,Tupaiidae,Scandentia
3606,GDQGPVGRTGETGASGPPGFTGEK,1802,1825,1,2260.0476446244197,0,1,Tupaia chinensis,Tupaia,,Tupaiidae,Scandentia
3607,GDQGPVGRTGETGASGPPGFTGEK,1802,1825,1,2275.05777862442,1,0,Tupaia chinensis,Tupaia,,Tupaiidae,Scandentia
3608,GDQGPVGRTGETGASGPPGFTGEK,1802,1825,1,2276.0417946244197,1,1,Tupaia chinensis,Tupaia,,Tupaiidae,Scandentia
3609,GDQGPVGRTGETGASGPPGFTGEK,1802,1825,1,2291.05192862442,2,0,Tupaia chinensis,Tupaia,,Tupaiidae,Scandentia
3610,GDQGPVGRTGETGASGPPGFTGEK,1802,1825,1,2292.0359446244197,2,1,Tupaia chinensis,Tupaia,,Tupaiidae,Scandentia
3611,GDQGPVGRTGETGASGPPGFTGEK,1802,1825,1,2307.04607862442,3,0,Tupaia chinensis,Tupaia,,Tupaiidae,Scandentia
3612,GDQGPVGRTGETGASGPPGFTGEK,1802,1825,1,2308.0300946244197,3,1,Tupaia chinensis,Tupaia,,Tupaiidae,Scandentia
3613,GDQGPVGRTGETGASGPPGFTGEK,1802,1825,1,2323.04022862442,4,0,Tupaia chinensis,Tupaia,,Tupaiidae,Scandentia
3614,GDQGPVGRTGETGASGPPGFTGEK,1802,1825,1,2324.0242446244197,4,1,Tupaia chinensis,Tupaia,,Tupaiidae,Scandentia
3615,GDQGPVGR,1802,1809,0,785.39004162673,0,0,Tupaia chinensis,Tupaia,,Tupaiidae,Scandentia
3616,GDQGPVGR,1802,1809,0,786.37405762673,0,1,Tupaia chinensis,Tupaia,,Tupaiidae,Scandentia
3617,GDQGPVGR,1802,1809,0,801.38419162673,1,0,Tupaia chinensis,Tupaia,,Tupaiidae,Scandentia
3618,GDQGPVGR,1802,1809,0,802.3682076267299,1,1,Tupaia chinensis,Tupaia,,Tupaiidae,Scandentia
3619,TGETGASGPPGFTGEK,1810,1825,0,1492.69142814816,0,0,Tupaia chinensis,Tupaia,,Tupaiidae,Scandentia
3620,TGETGASGPPGFTGEK,1810,1825,0,1508.68557814816,1,0,Tupaia chinensis,Tupaia,,Tupaiidae,Scandentia
3621,TGETGASGPPGFTGEK,1810,1825,0,1524.67972814816,2,0,Tupaia chinensis,Tupaia,,Tupaiidae,Scandentia
3622,TGETGASGPPGFTGEK,1810,1825,0,1540.67387814816,3,0,Tupaia chinensis,Tupaia,,Tupaiidae,Scandentia
3623,TGETGASGPPGFTGEKGPSGEPGTAGPPGSAGPQGILGAPGILGLPGSR,1810,1858,1,4353.17458255423,0,0,Tupaia chinensis,Tupaia,,Tupaiidae,Scandentia
3624,TGETGASGPPGFTGEKGPSGEPGTAGPPGSAGPQGILGAPGILGLPGSR,1810,1858,1,4354.158598554231,0,1,Tupaia chinensis,Tupaia,,Tupaiidae,Scandentia
3625,TGETGASGPPGFTGEKGPSGEPGTAGPPGSAGPQGILGAPGILGLPGSR,1810,1858,1,4369.168732554231,1,0,Tupaia chinensis,Tupaia,,Tupaiidae,Scandentia
3626,TGETGASGPPGFTGEKGPSGEPGTAGPPGSAGPQGILGAPGILGLPGSR,1810,1858,1,4370.152748554231,1,1,Tupaia chinensis,Tupaia,,Tupaiidae,Scandentia
3627,TGETGASGPPGFTGEKGPSGEPGTAGPPGSAGPQGILGAPGILGLPGSR,1810,1858,1,4385.16288255423,2,0,Tupaia chinensis,Tupaia,,Tupaiidae,Scandentia
3628,TGETGASGPPGFTGEKGPSGEPGTAGPPGSAGPQGILGAPGILGLPGSR,1810,1858,1,4386.146898554231,2,1,Tupaia chinensis,Tupaia,,Tupaiidae,Scandentia
3629,TGETGASGPPGFTGEKGPSGEPGTAGPPGSAGPQGILGAPGILGLPGSR,1810,1858,1,4401.157032554231,3,0,Tupaia chinensis,Tupaia,,Tupaiidae,Scandentia
3630,TGETGASGPPGFTGEKGPSGEPGTAGPPGSAGPQGILGAPGILGLPGSR,1810,1858,1,4402.141048554231,3,1,Tupaia chinensis,Tupaia,,Tupaiidae,Scandentia
3631,TGETGASGPPGFTGEKGPSGEPGTAGPPGSAGPQGILGAPGILGLPGSR,1810,1858,1,4417.15118255423,4,0,Tupaia chinensis,Tupaia,,Tupaiidae,Scandentia
3632,TGETGASGPPGFTGEKGPSGEPGTAGPPGSAGPQGILGAPGILGLPGSR,1810,1858,1,4418.135198554231,4,1,Tupaia chinensis,Tupaia,,Tupaiidae,Scandentia
3633,TGETGASGPPGFTGEKGPSGEPGTAGPPGSAGPQGILGAPGILGLPGSR,1810,1858,1,4433.145332554231,5,0,Tupaia chinensis,Tupaia,,Tupaiidae,Scandentia
3634,TGETGASGPPGFTGEKGPSGEPGTAGPPGSAGPQGILGAPGILGLPGSR,1810,1858,1,4434.129348554231,5,1,Tupaia chinensis,Tupaia,,Tupaiidae,Scandentia
3635,TGETGASGPPGFTGEKGPSGEPGTAGPPGSAGPQGILGAPGILGLPGSR,1810,1858,1,4449.13948255423,6,0,Tupaia chinensis,Tupaia,,Tupaiidae,Scandentia
3636,TGETGASGPPGFTGEKGPSGEPGTAGPPGSAGPQGILGAPGILGLPGSR,1810,1858,1,4450.1234985542305,6,1,Tupaia chinensis,Tupaia,,Tupaiidae,Scandentia
3637,TGETGASGPPGFTGEKGPSGEPGTAGPPGSAGPQGILGAPGILGLPGSR,1810,1858,1,4465.133632554231,7,0,Tupaia chinensis,Tupaia,,Tupaiidae,Scandentia
3638,TGETGASGPPGFTGEKGPSGEPGTAGPPGSAGPQGILGAPGILGLPGSR,1810,1858,1,4466.117648554231,7,1,Tupaia chinensis,Tupaia,,Tupaiidae,Scandentia
3639,TGETGASGPPGFTGEKGPSGEPGTAGPPGSAGPQGILGAPGILGLPGSR,1810,1858,1,4481.12778255423,8,0,Tupaia chinensis,Tupaia,,Tupaiidae,Scandentia
3640,TGETGASGPPGFTGEKGPSGEPGTAGPPGSAGPQGILGAPGILGLPGSR,1810,1858,1,4482.1117985542305,8,1,Tupaia chinensis,Tupaia,,Tupaiidae,Scandentia
3641,TGETGASGPPGFTGEKGPSGEPGTAGPPGSAGPQGILGAPGILGLPGSR,1810,1858,1,4497.121932554231,9,0,Tupaia chinensis,Tupaia,,Tupaiidae,Scandentia
3642,TGETGASGPPGFTGEKGPSGEPGTAGPPGSAGPQGILGAPGILGLPGSR,1810,1858,1,4498.105948554231,9,1,Tupaia chinensis,Tupaia,,Tupaiidae,Scandentia
3643,TGETGASGPPGFTGEKGPSGEPGTAGPPGSAGPQGILGAPGILGLPGSR,1810,1858,1,4513.11608255423,10,0,Tupaia chinensis,Tupaia,,Tupaiidae,Scandentia
3644,TGETGASGPPGFTGEKGPSGEPGTAGPPGSAGPQGILGAPGILGLPGSR,1810,1858,1,4514.1000985542305,10,1,Tupaia chinensis,Tupaia,,Tupaiidae,Scandentia
3645,GPSGEPGTAGPPGSAGPQGILGAPGILGLPGSR,1826,1858,0,2879.5009955565397,0,0,Tupaia chinensis,Tupaia,,Tupaiidae,Scandentia
3646,GPSGEPGTAGPPGSAGPQGILGAPGILGLPGSR,1826,1858,0,2880.4850115565396,0,1,Tupaia chinensis,Tupaia,,Tupaiidae,Scandentia
3647,GPSGEPGTAGPPGSAGPQGILGAPGILGLPGSR,1826,1858,0,2895.4951455565397,1,0,Tupaia chinensis,Tupaia,,Tupaiidae,Scandentia
3648,GPSGEPGTAGPPGSAGPQGILGAPGILGLPGSR,1826,1858,0,2896.4791615565396,1,1,Tupaia chinensis,Tupaia,,Tupaiidae,Scandentia
3649,GPSGEPGTAGPPGSAGPQGILGAPGILGLPGSR,1826,1858,0,2911.4892955565397,2,0,Tupaia chinensis,Tupaia,,Tupaiidae,Scandentia
3650,GPSGEPGTAGPPGSAGPQGILGAPGILGLPGSR,1826,1858,0,2912.4733115565396,2,1,Tupaia chinensis,Tupaia,,Tupaiidae,Scandentia
3651,GPSGEPGTAGPPGSAGPQGILGAPGILGLPGSR,1826,1858,0,2927.4834455565397,3,0,Tupaia chinensis,Tupaia,,Tupaiidae,Scandentia
3652,GPSGEPGTAGPPGSAGPQGILGAPGILGLPGSR,1826,1858,0,2928.4674615565395,3,1,Tupaia chinensis,Tupaia,,Tupaiidae,Scandentia
3653,GPSGEPGTAGPPGSAGPQGILGAPGILGLPGSR,1826,1858,0,2943.4775955565397,4,0,Tupaia chinensis,Tupaia,,Tupaiidae,Scandentia
3654,GPSGEPGTAGPPGSAGPQGILGAPGILGLPGSR,1826,1858,0,2944.4616115565395,4,1,Tupaia chinensis,Tupaia,,Tupaiidae,Scandentia
3655,GPSGEPGTAGPPGSAGPQGILGAPGILGLPGSR,1826,1858,0,2959.4717455565396,5,0,Tupaia chinensis,Tupaia,,Tupaiidae,Scandentia
3656,GPSGEPGTAGPPGSAGPQGILGAPGILGLPGSR,1826,1858,0,2960.4557615565395,5,1,Tupaia chinensis,Tupaia,,Tupaiidae,Scandentia
3657,GPSGEPGTAGPPGSAGPQGILGAPGILGLPGSR,1826,1858,0,2975.4658955565396,6,0,Tupaia chinensis,Tupaia,,Tupaiidae,Scandentia
3658,GPSGEPGTAGPPGSAGPQGILGAPGILGLPGSR,1826,1858,0,2976.4499115565395,6,1,Tupaia chinensis,Tupaia,,Tupaiidae,Scandentia
3659,GPSGEPGTAGPPGSAGPQGILGAPGILGLPGSR,1826,1858,0,2991.4600455565396,7,0,Tupaia chinensis,Tupaia,,Tupaiidae,Scandentia
3660,GPSGEPGTAGPPGSAGPQGILGAPGILGLPGSR,1826,1858,0,2992.4440615565395,7,1,Tupaia chinensis,Tupaia,,Tupaiidae,Scandentia
3661,GPSGEPGTAGPPGSAGPQGILGAPGILGLPGSRGER,1826,1861,1,3221.6661633886797,0,0,Tupaia chinensis,Tupaia,,Tupaiidae,Scandentia
3662,GPSGEPGTAGPPGSAGPQGILGAPGILGLPGSRGER,1826,1861,1,3222.6501793886796,0,1,Tupaia chinensis,Tupaia,,Tupaiidae,Scandentia
3663,GPSGEPGTAGPPGSAGPQGILGAPGILGLPGSRGER,1826,1861,1,3237.6603133886797,1,0,Tupaia chinensis,Tupaia,,Tupaiidae,Scandentia
3664,GPSGEPGTAGPPGSAGPQGILGAPGILGLPGSRGER,1826,1861,1,3238.6443293886796,1,1,Tupaia chinensis,Tupaia,,Tupaiidae,Scandentia
3665,GPSGEPGTAGPPGSAGPQGILGAPGILGLPGSRGER,1826,1861,1,3253.6544633886797,2,0,Tupaia chinensis,Tupaia,,Tupaiidae,Scandentia
3666,GPSGEPGTAGPPGSAGPQGILGAPGILGLPGSRGER,1826,1861,1,3254.6384793886796,2,1,Tupaia chinensis,Tupaia,,Tupaiidae,Scandentia
3667,GPSGEPGTAGPPGSAGPQGILGAPGILGLPGSRGER,1826,1861,1,3269.6486133886797,3,0,Tupaia chinensis,Tupaia,,Tupaiidae,Scandentia
3668,GPSGEPGTAGPPGSAGPQGILGAPGILGLPGSRGER,1826,1861,1,3270.6326293886796,3,1,Tupaia chinensis,Tupaia,,Tupaiidae,Scandentia
3669,GPSGEPGTAGPPGSAGPQGILGAPGILGLPGSRGER,1826,1861,1,3285.6427633886797,4,0,Tupaia chinensis,Tupaia,,Tupaiidae,Scandentia
3670,GPSGEPGTAGPPGSAGPQGILGAPGILGLPGSRGER,1826,1861,1,3286.6267793886796,4,1,Tupaia chinensis,Tupaia,,Tupaiidae,Scandentia
3671,GPSGEPGTAGPPGSAGPQGILGAPGILGLPGSRGER,1826,1861,1,3301.6369133886797,5,0,Tupaia chinensis,Tupaia,,Tupaiidae,Scandentia
3672,GPSGEPGTAGPPGSAGPQGILGAPGILGLPGSRGER,1826,1861,1,3302.6209293886795,5,1,Tupaia chinensis,Tupaia,,Tupaiidae,Scandentia
3673,GPSGEPGTAGPPGSAGPQGILGAPGILGLPGSRGER,1826,1861,1,3317.6310633886796,6,0,Tupaia chinensis,Tupaia,,Tupaiidae,Scandentia
3674,GPSGEPGTAGPPGSAGPQGILGAPGILGLPGSRGER,1826,1861,1,3318.6150793886795,6,1,Tupaia chinensis,Tupaia,,Tupaiidae,Scandentia
3675,GPSGEPGTAGPPGSAGPQGILGAPGILGLPGSRGER,1826,1861,1,3333.6252133886796,7,0,Tupaia chinensis,Tupaia,,Tupaiidae,Scandentia
3676,GPSGEPGTAGPPGSAGPQGILGAPGILGLPGSRGER,1826,1861,1,3334.6092293886795,7,1,Tupaia chinensis,Tupaia,,Tupaiidae,Scandentia
3677,GER,1859,1861,0,361.18300898261,0,0,Tupaia chinensis,Tupaia,,Tupaiidae,Scandentia
3678,GERGLPGVAGALGEPGPLGIAGPPGAR,1859,1885,1,2423.3153670633396,0,0,Tupaia chinensis,Tupaia,,Tupaiidae,Scandentia
3679,GERGLPGVAGALGEPGPLGIAGPPGAR,1859,1885,1,2439.3095170633396,1,0,Tupaia chinensis,Tupaia,,Tupaiidae,Scandentia
3680,GERGLPGVAGALGEPGPLGIAGPPGAR,1859,1885,1,2455.3036670633396,2,0,Tupaia chinensis,Tupaia,,Tupaiidae,Scandentia
3681,GERGLPGVAGALGEPGPLGIAGPPGAR,1859,1885,1,2471.2978170633396,3,0,Tupaia chinensis,Tupaia,,Tupaiidae,Scandentia
3682,GERGLPGVAGALGEPGPLGIAGPPGAR,1859,1885,1,2487.2919670633396,4,0,Tupaia chinensis,Tupaia,,Tupaiidae,Scandentia
3683,GERGLPGVAGALGEPGPLGIAGPPGAR,1859,1885,1,2503.2861170633396,5,0,Tupaia chinensis,Tupaia,,Tupaiidae,Scandentia
3684,GLPGVAGALGEPGPLGIAGPPGARGPPGNVGNPGVNGAPGEAGR,1862,1905,1,3835.9950425009797,0,0,Tupaia chinensis,Tupaia,,Tupaiidae,Scandentia
3685,GLPGVAGALGEPGPLGIAGPPGARGPPGNVGNPGVNGAPGEAGR,1862,1905,1,3836.9790585009796,0,1,Tupaia chinensis,Tupaia,,Tupaiidae,Scandentia
3686,GLPGVAGALGEPGPLGIAGPPGARGPPGNVGNPGVNGAPGEAGR,1862,1905,1,3837.96307450098,0,2,Tupaia chinensis,Tupaia,,Tupaiidae,Scandentia
3687,GLPGVAGALGEPGPLGIAGPPGARGPPGNVGNPGVNGAPGEAGR,1862,1905,1,3838.94709050098,0,3,Tupaia chinensis,Tupaia,,Tupaiidae,Scandentia
3688,GLPGVAGALGEPGPLGIAGPPGARGPPGNVGNPGVNGAPGEAGR,1862,1905,1,3851.9891925009797,1,0,Tupaia chinensis,Tupaia,,Tupaiidae,Scandentia
3689,GLPGVAGALGEPGPLGIAGPPGARGPPGNVGNPGVNGAPGEAGR,1862,1905,1,3852.9732085009796,1,1,Tupaia chinensis,Tupaia,,Tupaiidae,Scandentia
3690,GLPGVAGALGEPGPLGIAGPPGARGPPGNVGNPGVNGAPGEAGR,1862,1905,1,3853.95722450098,1,2,Tupaia chinensis,Tupaia,,Tupaiidae,Scandentia
3691,GLPGVAGALGEPGPLGIAGPPGARGPPGNVGNPGVNGAPGEAGR,1862,1905,1,3854.94124050098,1,3,Tupaia chinensis,Tupaia,,Tupaiidae,Scandentia
3692,GLPGVAGALGEPGPLGIAGPPGARGPPGNVGNPGVNGAPGEAGR,1862,1905,1,3867.9833425009797,2,0,Tupaia chinensis,Tupaia,,Tupaiidae,Scandentia
3693,GLPGVAGALGEPGPLGIAGPPGARGPPGNVGNPGVNGAPGEAGR,1862,1905,1,3868.9673585009796,2,1,Tupaia chinensis,Tupaia,,Tupaiidae,Scandentia
3694,GLPGVAGALGEPGPLGIAGPPGARGPPGNVGNPGVNGAPGEAGR,1862,1905,1,3869.95137450098,2,2,Tupaia chinensis,Tupaia,,Tupaiidae,Scandentia
3695,GLPGVAGALGEPGPLGIAGPPGARGPPGNVGNPGVNGAPGEAGR,1862,1905,1,3870.93539050098,2,3,Tupaia chinensis,Tupaia,,Tupaiidae,Scandentia
3696,GLPGVAGALGEPGPLGIAGPPGARGPPGNVGNPGVNGAPGEAGR,1862,1905,1,3883.9774925009797,3,0,Tupaia chinensis,Tupaia,,Tupaiidae,Scandentia
3697,GLPGVAGALGEPGPLGIAGPPGARGPPGNVGNPGVNGAPGEAGR,1862,1905,1,3884.9615085009796,3,1,Tupaia chinensis,Tupaia,,Tupaiidae,Scandentia
3698,GLPGVAGALGEPGPLGIAGPPGARGPPGNVGNPGVNGAPGEAGR,1862,1905,1,3885.94552450098,3,2,Tupaia chinensis,Tupaia,,Tupaiidae,Scandentia
3699,GLPGVAGALGEPGPLGIAGPPGARGPPGNVGNPGVNGAPGEAGR,1862,1905,1,3886.92954050098,3,3,Tupaia chinensis,Tupaia,,Tupaiidae,Scandentia
3700,GLPGVAGALGEPGPLGIAGPPGARGPPGNVGNPGVNGAPGEAGR,1862,1905,1,3899.9716425009797,4,0,Tupaia chinensis,Tupaia,,Tupaiidae,Scandentia
3701,GLPGVAGALGEPGPLGIAGPPGARGPPGNVGNPGVNGAPGEAGR,1862,1905,1,3900.9556585009796,4,1,Tupaia chinensis,Tupaia,,Tupaiidae,Scandentia
3702,GLPGVAGALGEPGPLGIAGPPGARGPPGNVGNPGVNGAPGEAGR,1862,1905,1,3901.93967450098,4,2,Tupaia chinensis,Tupaia,,Tupaiidae,Scandentia
3703,GLPGVAGALGEPGPLGIAGPPGARGPPGNVGNPGVNGAPGEAGR,1862,1905,1,3902.92369050098,4,3,Tupaia chinensis,Tupaia,,Tupaiidae,Scandentia
3704,GLPGVAGALGEPGPLGIAGPPGARGPPGNVGNPGVNGAPGEAGR,1862,1905,1,3915.9657925009797,5,0,Tupaia chinensis,Tupaia,,Tupaiidae,Scandentia
3705,GLPGVAGALGEPGPLGIAGPPGARGPPGNVGNPGVNGAPGEAGR,1862,1905,1,3916.9498085009795,5,1,Tupaia chinensis,Tupaia,,Tupaiidae,Scandentia
3706,GLPGVAGALGEPGPLGIAGPPGARGPPGNVGNPGVNGAPGEAGR,1862,1905,1,3917.93382450098,5,2,Tupaia chinensis,Tupaia,,Tupaiidae,Scandentia
3707,GLPGVAGALGEPGPLGIAGPPGARGPPGNVGNPGVNGAPGEAGR,1862,1905,1,3918.9178405009798,5,3,Tupaia chinensis,Tupaia,,Tupaiidae,Scandentia
3708,GLPGVAGALGEPGPLGIAGPPGARGPPGNVGNPGVNGAPGEAGR,1862,1905,1,3931.9599425009797,6,0,Tupaia chinensis,Tupaia,,Tupaiidae,Scandentia
3709,GLPGVAGALGEPGPLGIAGPPGARGPPGNVGNPGVNGAPGEAGR,1862,1905,1,3932.9439585009795,6,1,Tupaia chinensis,Tupaia,,Tupaiidae,Scandentia
3710,GLPGVAGALGEPGPLGIAGPPGARGPPGNVGNPGVNGAPGEAGR,1862,1905,1,3933.92797450098,6,2,Tupaia chinensis,Tupaia,,Tupaiidae,Scandentia
3711,GLPGVAGALGEPGPLGIAGPPGARGPPGNVGNPGVNGAPGEAGR,1862,1905,1,3934.9119905009798,6,3,Tupaia chinensis,Tupaia,,Tupaiidae,Scandentia
3712,GLPGVAGALGEPGPLGIAGPPGARGPPGNVGNPGVNGAPGEAGR,1862,1905,1,3947.9540925009796,7,0,Tupaia chinensis,Tupaia,,Tupaiidae,Scandentia
3713,GLPGVAGALGEPGPLGIAGPPGARGPPGNVGNPGVNGAPGEAGR,1862,1905,1,3948.9381085009795,7,1,Tupaia chinensis,Tupaia,,Tupaiidae,Scandentia
3714,GLPGVAGALGEPGPLGIAGPPGARGPPGNVGNPGVNGAPGEAGR,1862,1905,1,3949.92212450098,7,2,Tupaia chinensis,Tupaia,,Tupaiidae,Scandentia
3715,GLPGVAGALGEPGPLGIAGPPGARGPPGNVGNPGVNGAPGEAGR,1862,1905,1,3950.9061405009797,7,3,Tupaia chinensis,Tupaia,,Tupaiidae,Scandentia
3716,GLPGVAGALGEPGPLGIAGPPGARGPPGNVGNPGVNGAPGEAGR,1862,1905,1,3963.9482425009796,8,0,Tupaia chinensis,Tupaia,,Tupaiidae,Scandentia
3717,GLPGVAGALGEPGPLGIAGPPGARGPPGNVGNPGVNGAPGEAGR,1862,1905,1,3964.9322585009795,8,1,Tupaia chinensis,Tupaia,,Tupaiidae,Scandentia
3718,GLPGVAGALGEPGPLGIAGPPGARGPPGNVGNPGVNGAPGEAGR,1862,1905,1,3965.91627450098,8,2,Tupaia chinensis,Tupaia,,Tupaiidae,Scandentia
3719,GLPGVAGALGEPGPLGIAGPPGARGPPGNVGNPGVNGAPGEAGR,1862,1905,1,3966.9002905009797,8,3,Tupaia chinensis,Tupaia,,Tupaiidae,Scandentia
3720,GLPGVAGALGEPGPLGIAGPPGARGPPGNVGNPGVNGAPGEAGR,1862,1905,1,3979.9423925009796,9,0,Tupaia chinensis,Tupaia,,Tupaiidae,Scandentia
3721,GLPGVAGALGEPGPLGIAGPPGARGPPGNVGNPGVNGAPGEAGR,1862,1905,1,3980.9264085009795,9,1,Tupaia chinensis,Tupaia,,Tupaiidae,Scandentia
3722,GLPGVAGALGEPGPLGIAGPPGARGPPGNVGNPGVNGAPGEAGR,1862,1905,1,3981.91042450098,9,2,Tupaia chinensis,Tupaia,,Tupaiidae,Scandentia
3723,GLPGVAGALGEPGPLGIAGPPGARGPPGNVGNPGVNGAPGEAGR,1862,1905,1,3982.8944405009797,9,3,Tupaia chinensis,Tupaia,,Tupaiidae,Scandentia
3724,GLPGVAGALGEPGPLGIAGPPGAR,1862,1885,0,2081.1501992312,0,0,Tupaia chinensis,Tupaia,,Tupaiidae,Scandentia
3725,GLPGVAGALGEPGPLGIAGPPGAR,1862,1885,0,2097.1443492312,1,0,Tupaia chinensis,Tupaia,,Tupaiidae,Scandentia
3726,GLPGVAGALGEPGPLGIAGPPGAR,1862,1885,0,2113.1384992312,2,0,Tupaia chinensis,Tupaia,,Tupaiidae,Scandentia
3727,GLPGVAGALGEPGPLGIAGPPGAR,1862,1885,0,2129.1326492312,3,0,Tupaia chinensis,Tupaia,,Tupaiidae,Scandentia
3728,GLPGVAGALGEPGPLGIAGPPGAR,1862,1885,0,2145.1267992312,4,0,Tupaia chinensis,Tupaia,,Tupaiidae,Scandentia
3729,GLPGVAGALGEPGPLGIAGPPGAR,1862,1885,0,2161.1209492312,5,0,Tupaia chinensis,Tupaia,,Tupaiidae,Scandentia
3730,GPPGNVGNPGVNGAPGEAGR,1886,1905,0,1773.8626844202502,0,0,Tupaia chinensis,Tupaia,,Tupaiidae,Scandentia
3731,GPPGNVGNPGVNGAPGEAGR,1886,1905,0,1774.8467004202503,0,1,Tupaia chinensis,Tupaia,,Tupaiidae,Scandentia
3732,GPPGNVGNPGVNGAPGEAGR,1886,1905,0,1775.8307164202502,0,2,Tupaia chinensis,Tupaia,,Tupaiidae,Scandentia
3733,GPPGNVGNPGVNGAPGEAGR,1886,1905,0,1776.8147324202503,0,3,Tupaia chinensis,Tupaia,,Tupaiidae,Scandentia
3734,GPPGNVGNPGVNGAPGEAGR,1886,1905,0,1789.8568344202502,1,0,Tupaia chinensis,Tupaia,,Tupaiidae,Scandentia
3735,GPPGNVGNPGVNGAPGEAGR,1886,1905,0,1790.8408504202503,1,1,Tupaia chinensis,Tupaia,,Tupaiidae,Scandentia
3736,GPPGNVGNPGVNGAPGEAGR,1886,1905,0,1791.8248664202501,1,2,Tupaia chinensis,Tupaia,,Tupaiidae,Scandentia
3737,GPPGNVGNPGVNGAPGEAGR,1886,1905,0,1792.8088824202503,1,3,Tupaia chinensis,Tupaia,,Tupaiidae,Scandentia
3738,GPPGNVGNPGVNGAPGEAGR,1886,1905,0,1805.8509844202501,2,0,Tupaia chinensis,Tupaia,,Tupaiidae,Scandentia
3739,GPPGNVGNPGVNGAPGEAGR,1886,1905,0,1806.8350004202503,2,1,Tupaia chinensis,Tupaia,,Tupaiidae,Scandentia
3740,GPPGNVGNPGVNGAPGEAGR,1886,1905,0,1807.8190164202501,2,2,Tupaia chinensis,Tupaia,,Tupaiidae,Scandentia
3741,GPPGNVGNPGVNGAPGEAGR,1886,1905,0,1808.8030324202502,2,3,Tupaia chinensis,Tupaia,,Tupaiidae,Scandentia
3742,GPPGNVGNPGVNGAPGEAGR,1886,1905,0,1821.8451344202501,3,0,Tupaia chinensis,Tupaia,,Tupaiidae,Scandentia
3743,GPPGNVGNPGVNGAPGEAGR,1886,1905,0,1822.8291504202502,3,1,Tupaia chinensis,Tupaia,,Tupaiidae,Scandentia
3744,GPPGNVGNPGVNGAPGEAGR,1886,1905,0,1823.8131664202501,3,2,Tupaia chinensis,Tupaia,,Tupaiidae,Scandentia
3745,GPPGNVGNPGVNGAPGEAGR,1886,1905,0,1824.7971824202502,3,3,Tupaia chinensis,Tupaia,,Tupaiidae,Scandentia
3746,GPPGNVGNPGVNGAPGEAGR,1886,1905,0,1837.8392844202501,4,0,Tupaia chinensis,Tupaia,,Tupaiidae,Scandentia
3747,GPPGNVGNPGVNGAPGEAGR,1886,1905,0,1838.8233004202502,4,1,Tupaia chinensis,Tupaia,,Tupaiidae,Scandentia
3748,GPPGNVGNPGVNGAPGEAGR,1886,1905,0,1839.8073164202501,4,2,Tupaia chinensis,Tupaia,,Tupaiidae,Scandentia
3749,GPPGNVGNPGVNGAPGEAGR,1886,1905,0,1840.7913324202502,4,3,Tupaia chinensis,Tupaia,,Tupaiidae,Scandentia
3750,GPPGNVGNPGVNGAPGEAGRDGNPGNDGPPGR,1886,1917,1,2907.34768280262,0,0,Tupaia chinensis,Tupaia,,Tupaiidae,Scandentia
3751,GPPGNVGNPGVNGAPGEAGRDGNPGNDGPPGR,1886,1917,1,2908.33169880262,0,1,Tupaia chinensis,Tupaia,,Tupaiidae,Scandentia
3752,GPPGNVGNPGVNGAPGEAGRDGNPGNDGPPGR,1886,1917,1,2909.3157148026203,0,2,Tupaia chinensis,Tupaia,,Tupaiidae,Scandentia
3753,GPPGNVGNPGVNGAPGEAGRDGNPGNDGPPGR,1886,1917,1,2910.29973080262,0,3,Tupaia chinensis,Tupaia,,Tupaiidae,Scandentia
3754,GPPGNVGNPGVNGAPGEAGRDGNPGNDGPPGR,1886,1917,1,2911.28374680262,0,4,Tupaia chinensis,Tupaia,,Tupaiidae,Scandentia
3755,GPPGNVGNPGVNGAPGEAGRDGNPGNDGPPGR,1886,1917,1,2912.26776280262,0,5,Tupaia chinensis,Tupaia,,Tupaiidae,Scandentia
3756,GPPGNVGNPGVNGAPGEAGRDGNPGNDGPPGR,1886,1917,1,2923.34183280262,1,0,Tupaia chinensis,Tupaia,,Tupaiidae,Scandentia
3757,GPPGNVGNPGVNGAPGEAGRDGNPGNDGPPGR,1886,1917,1,2924.32584880262,1,1,Tupaia chinensis,Tupaia,,Tupaiidae,Scandentia
3758,GPPGNVGNPGVNGAPGEAGRDGNPGNDGPPGR,1886,1917,1,2925.3098648026203,1,2,Tupaia chinensis,Tupaia,,Tupaiidae,Scandentia
3759,GPPGNVGNPGVNGAPGEAGRDGNPGNDGPPGR,1886,1917,1,2926.29388080262,1,3,Tupaia chinensis,Tupaia,,Tupaiidae,Scandentia
3760,GPPGNVGNPGVNGAPGEAGRDGNPGNDGPPGR,1886,1917,1,2927.27789680262,1,4,Tupaia chinensis,Tupaia,,Tupaiidae,Scandentia
3761,GPPGNVGNPGVNGAPGEAGRDGNPGNDGPPGR,1886,1917,1,2928.26191280262,1,5,Tupaia chinensis,Tupaia,,Tupaiidae,Scandentia
3762,GPPGNVGNPGVNGAPGEAGRDGNPGNDGPPGR,1886,1917,1,2939.33598280262,2,0,Tupaia chinensis,Tupaia,,Tupaiidae,Scandentia
3763,GPPGNVGNPGVNGAPGEAGRDGNPGNDGPPGR,1886,1917,1,2940.31999880262,2,1,Tupaia chinensis,Tupaia,,Tupaiidae,Scandentia
3764,GPPGNVGNPGVNGAPGEAGRDGNPGNDGPPGR,1886,1917,1,2941.3040148026203,2,2,Tupaia chinensis,Tupaia,,Tupaiidae,Scandentia
3765,GPPGNVGNPGVNGAPGEAGRDGNPGNDGPPGR,1886,1917,1,2942.28803080262,2,3,Tupaia chinensis,Tupaia,,Tupaiidae,Scandentia
3766,GPPGNVGNPGVNGAPGEAGRDGNPGNDGPPGR,1886,1917,1,2943.27204680262,2,4,Tupaia chinensis,Tupaia,,Tupaiidae,Scandentia
3767,GPPGNVGNPGVNGAPGEAGRDGNPGNDGPPGR,1886,1917,1,2944.25606280262,2,5,Tupaia chinensis,Tupaia,,Tupaiidae,Scandentia
3768,GPPGNVGNPGVNGAPGEAGRDGNPGNDGPPGR,1886,1917,1,2955.33013280262,3,0,Tupaia chinensis,Tupaia,,Tupaiidae,Scandentia
3769,GPPGNVGNPGVNGAPGEAGRDGNPGNDGPPGR,1886,1917,1,2956.31414880262,3,1,Tupaia chinensis,Tupaia,,Tupaiidae,Scandentia
3770,GPPGNVGNPGVNGAPGEAGRDGNPGNDGPPGR,1886,1917,1,2957.2981648026202,3,2,Tupaia chinensis,Tupaia,,Tupaiidae,Scandentia
3771,GPPGNVGNPGVNGAPGEAGRDGNPGNDGPPGR,1886,1917,1,2958.28218080262,3,3,Tupaia chinensis,Tupaia,,Tupaiidae,Scandentia
3772,GPPGNVGNPGVNGAPGEAGRDGNPGNDGPPGR,1886,1917,1,2959.26619680262,3,4,Tupaia chinensis,Tupaia,,Tupaiidae,Scandentia
3773,GPPGNVGNPGVNGAPGEAGRDGNPGNDGPPGR,1886,1917,1,2960.25021280262,3,5,Tupaia chinensis,Tupaia,,Tupaiidae,Scandentia
3774,GPPGNVGNPGVNGAPGEAGRDGNPGNDGPPGR,1886,1917,1,2971.32428280262,4,0,Tupaia chinensis,Tupaia,,Tupaiidae,Scandentia
3775,GPPGNVGNPGVNGAPGEAGRDGNPGNDGPPGR,1886,1917,1,2972.30829880262,4,1,Tupaia chinensis,Tupaia,,Tupaiidae,Scandentia
3776,GPPGNVGNPGVNGAPGEAGRDGNPGNDGPPGR,1886,1917,1,2973.2923148026202,4,2,Tupaia chinensis,Tupaia,,Tupaiidae,Scandentia
3777,GPPGNVGNPGVNGAPGEAGRDGNPGNDGPPGR,1886,1917,1,2974.27633080262,4,3,Tupaia chinensis,Tupaia,,Tupaiidae,Scandentia
3778,GPPGNVGNPGVNGAPGEAGRDGNPGNDGPPGR,1886,1917,1,2975.26034680262,4,4,Tupaia chinensis,Tupaia,,Tupaiidae,Scandentia
3779,GPPGNVGNPGVNGAPGEAGRDGNPGNDGPPGR,1886,1917,1,2976.24436280262,4,5,Tupaia chinensis,Tupaia,,Tupaiidae,Scandentia
3780,GPPGNVGNPGVNGAPGEAGRDGNPGNDGPPGR,1886,1917,1,2987.31843280262,5,0,Tupaia chinensis,Tupaia,,Tupaiidae,Scandentia
3781,GPPGNVGNPGVNGAPGEAGRDGNPGNDGPPGR,1886,1917,1,2988.30244880262,5,1,Tupaia chinensis,Tupaia,,Tupaiidae,Scandentia
3782,GPPGNVGNPGVNGAPGEAGRDGNPGNDGPPGR,1886,1917,1,2989.2864648026202,5,2,Tupaia chinensis,Tupaia,,Tupaiidae,Scandentia
3783,GPPGNVGNPGVNGAPGEAGRDGNPGNDGPPGR,1886,1917,1,2990.27048080262,5,3,Tupaia chinensis,Tupaia,,Tupaiidae,Scandentia
3784,GPPGNVGNPGVNGAPGEAGRDGNPGNDGPPGR,1886,1917,1,2991.25449680262,5,4,Tupaia chinensis,Tupaia,,Tupaiidae,Scandentia
3785,GPPGNVGNPGVNGAPGEAGRDGNPGNDGPPGR,1886,1917,1,2992.23851280262,5,5,Tupaia chinensis,Tupaia,,Tupaiidae,Scandentia
3786,GPPGNVGNPGVNGAPGEAGRDGNPGNDGPPGR,1886,1917,1,3003.31258280262,6,0,Tupaia chinensis,Tupaia,,Tupaiidae,Scandentia
3787,GPPGNVGNPGVNGAPGEAGRDGNPGNDGPPGR,1886,1917,1,3004.29659880262,6,1,Tupaia chinensis,Tupaia,,Tupaiidae,Scandentia
3788,GPPGNVGNPGVNGAPGEAGRDGNPGNDGPPGR,1886,1917,1,3005.28061480262,6,2,Tupaia chinensis,Tupaia,,Tupaiidae,Scandentia
3789,GPPGNVGNPGVNGAPGEAGRDGNPGNDGPPGR,1886,1917,1,3006.26463080262,6,3,Tupaia chinensis,Tupaia,,Tupaiidae,Scandentia
3790,GPPGNVGNPGVNGAPGEAGRDGNPGNDGPPGR,1886,1917,1,3007.24864680262,6,4,Tupaia chinensis,Tupaia,,Tupaiidae,Scandentia
3791,GPPGNVGNPGVNGAPGEAGRDGNPGNDGPPGR,1886,1917,1,3008.23266280262,6,5,Tupaia chinensis,Tupaia,,Tupaiidae,Scandentia
3792,GPPGNVGNPGVNGAPGEAGRDGNPGNDGPPGR,1886,1917,1,3019.30673280262,7,0,Tupaia chinensis,Tupaia,,Tupaiidae,Scandentia
3793,GPPGNVGNPGVNGAPGEAGRDGNPGNDGPPGR,1886,1917,1,3020.29074880262,7,1,Tupaia chinensis,Tupaia,,Tupaiidae,Scandentia
3794,GPPGNVGNPGVNGAPGEAGRDGNPGNDGPPGR,1886,1917,1,3021.27476480262,7,2,Tupaia chinensis,Tupaia,,Tupaiidae,Scandentia
3795,GPPGNVGNPGVNGAPGEAGRDGNPGNDGPPGR,1886,1917,1,3022.25878080262,7,3,Tupaia chinensis,Tupaia,,Tupaiidae,Scandentia
3796,GPPGNVGNPGVNGAPGEAGRDGNPGNDGPPGR,1886,1917,1,3023.24279680262,7,4,Tupaia chinensis,Tupaia,,Tupaiidae,Scandentia
3797,GPPGNVGNPGVNGAPGEAGRDGNPGNDGPPGR,1886,1917,1,3024.22681280262,7,5,Tupaia chinensis,Tupaia,,Tupaiidae,Scandentia
3798,DGNPGNDGPPGRDGQPGHK,1906,1924,1,1871.83792622439,0,0,Tupaia chinensis,Tupaia,,Tupaiidae,Scandentia
3799,DGNPGNDGPPGRDGQPGHK,1906,1924,1,1872.82194222439,0,1,Tupaia chinensis,Tupaia,,Tupaiidae,Scandentia
3800,DGNPGNDGPPGRDGQPGHK,1906,1924,1,1873.80595822439,0,2,Tupaia chinensis,Tupaia,,Tupaiidae,Scandentia
3801,DGNPGNDGPPGRDGQPGHK,1906,1924,1,1874.78997422439,0,3,Tupaia chinensis,Tupaia,,Tupaiidae,Scandentia
3802,DGNPGNDGPPGRDGQPGHK,1906,1924,1,1887.83207622439,1,0,Tupaia chinensis,Tupaia,,Tupaiidae,Scandentia
3803,DGNPGNDGPPGRDGQPGHK,1906,1924,1,1888.81609222439,1,1,Tupaia chinensis,Tupaia,,Tupaiidae,Scandentia
3804,DGNPGNDGPPGRDGQPGHK,1906,1924,1,1889.80010822439,1,2,Tupaia chinensis,Tupaia,,Tupaiidae,Scandentia
3805,DGNPGNDGPPGRDGQPGHK,1906,1924,1,1890.78412422439,1,3,Tupaia chinensis,Tupaia,,Tupaiidae,Scandentia
3806,DGNPGNDGPPGRDGQPGHK,1906,1924,1,1903.82622622439,2,0,Tupaia chinensis,Tupaia,,Tupaiidae,Scandentia
3807,DGNPGNDGPPGRDGQPGHK,1906,1924,1,1904.81024222439,2,1,Tupaia chinensis,Tupaia,,Tupaiidae,Scandentia
3808,DGNPGNDGPPGRDGQPGHK,1906,1924,1,1905.79425822439,2,2,Tupaia chinensis,Tupaia,,Tupaiidae,Scandentia
3809,DGNPGNDGPPGRDGQPGHK,1906,1924,1,1906.77827422439,2,3,Tupaia chinensis,Tupaia,,Tupaiidae,Scandentia
3810,DGNPGNDGPPGRDGQPGHK,1906,1924,1,1919.82037622439,3,0,Tupaia chinensis,Tupaia,,Tupaiidae,Scandentia
3811,DGNPGNDGPPGRDGQPGHK,1906,1924,1,1920.80439222439,3,1,Tupaia chinensis,Tupaia,,Tupaiidae,Scandentia
3812,DGNPGNDGPPGRDGQPGHK,1906,1924,1,1921.78840822439,3,2,Tupaia chinensis,Tupaia,,Tupaiidae,Scandentia
3813,DGNPGNDGPPGRDGQPGHK,1906,1924,1,1922.77242422439,3,3,Tupaia chinensis,Tupaia,,Tupaiidae,Scandentia
3814,DGNPGNDGPPGRDGQPGHK,1906,1924,1,1935.81452622439,4,0,Tupaia chinensis,Tupaia,,Tupaiidae,Scandentia
3815,DGNPGNDGPPGRDGQPGHK,1906,1924,1,1936.79854222439,4,1,Tupaia chinensis,Tupaia,,Tupaiidae,Scandentia
3816,DGNPGNDGPPGRDGQPGHK,1906,1924,1,1937.78255822439,4,2,Tupaia chinensis,Tupaia,,Tupaiidae,Scandentia
3817,DGNPGNDGPPGRDGQPGHK,1906,1924,1,1938.76657422439,4,3,Tupaia chinensis,Tupaia,,Tupaiidae,Scandentia
3818,DGNPGNDGPPGRDGQPGHK,1906,1924,1,1951.80867622439,5,0,Tupaia chinensis,Tupaia,,Tupaiidae,Scandentia
3819,DGNPGNDGPPGRDGQPGHK,1906,1924,1,1952.79269222439,5,1,Tupaia chinensis,Tupaia,,Tupaiidae,Scandentia
3820,DGNPGNDGPPGRDGQPGHK,1906,1924,1,1953.77670822439,5,2,Tupaia chinensis,Tupaia,,Tupaiidae,Scandentia
3821,DGNPGNDGPPGRDGQPGHK,1906,1924,1,1954.76072422439,5,3,Tupaia chinensis,Tupaia,,Tupaiidae,Scandentia
3822,DGNPGNDGPPGR,1906,1917,0,1152.5028395328402,0,0,Tupaia chinensis,Tupaia,,Tupaiidae,Scandentia
3823,DGNPGNDGPPGR,1906,1917,0,1153.4868555328403,0,1,Tupaia chinensis,Tupaia,,Tupaiidae,Scandentia
3824,DGNPGNDGPPGR,1906,1917,0,1154.4708715328402,0,2,Tupaia chinensis,Tupaia,,Tupaiidae,Scandentia
3825,DGNPGNDGPPGR,1906,1917,0,1168.4969895328402,1,0,Tupaia chinensis,Tupaia,,Tupaiidae,Scandentia
3826,DGNPGNDGPPGR,1906,1917,0,1169.4810055328403,1,1,Tupaia chinensis,Tupaia,,Tupaiidae,Scandentia
3827,DGNPGNDGPPGR,1906,1917,0,1170.4650215328402,1,2,Tupaia chinensis,Tupaia,,Tupaiidae,Scandentia
3828,DGNPGNDGPPGR,1906,1917,0,1184.4911395328402,2,0,Tupaia chinensis,Tupaia,,Tupaiidae,Scandentia
3829,DGNPGNDGPPGR,1906,1917,0,1185.4751555328403,2,1,Tupaia chinensis,Tupaia,,Tupaiidae,Scandentia
3830,DGNPGNDGPPGR,1906,1917,0,1186.4591715328402,2,2,Tupaia chinensis,Tupaia,,Tupaiidae,Scandentia
3831,DGNPGNDGPPGR,1906,1917,0,1200.4852895328402,3,0,Tupaia chinensis,Tupaia,,Tupaiidae,Scandentia
3832,DGNPGNDGPPGR,1906,1917,0,1201.4693055328403,3,1,Tupaia chinensis,Tupaia,,Tupaiidae,Scandentia
3833,DGNPGNDGPPGR,1906,1917,0,1202.4533215328402,3,2,Tupaia chinensis,Tupaia,,Tupaiidae,Scandentia
3834,DGQPGHKGER,1918,1927,1,1080.51809567416,0,0,Tupaia chinensis,Tupaia,,Tupaiidae,Scandentia
3835,DGQPGHKGER,1918,1927,1,1081.50211167416,0,1,Tupaia chinensis,Tupaia,,Tupaiidae,Scandentia
3836,DGQPGHKGER,1918,1927,1,1096.5122456741599,1,0,Tupaia chinensis,Tupaia,,Tupaiidae,Scandentia
3837,DGQPGHKGER,1918,1927,1,1097.49626167416,1,1,Tupaia chinensis,Tupaia,,Tupaiidae,Scandentia
3838,DGQPGHKGER,1918,1927,1,1112.5063956741599,2,0,Tupaia chinensis,Tupaia,,Tupaiidae,Scandentia
3839,DGQPGHKGER,1918,1927,1,1113.49041167416,2,1,Tupaia chinensis,Tupaia,,Tupaiidae,Scandentia
3840,DGQPGHK,1918,1924,0,738.35292784202,0,0,Tupaia chinensis,Tupaia,,Tupaiidae,Scandentia
3841,DGQPGHK,1918,1924,0,739.33694384202,0,1,Tupaia chinensis,Tupaia,,Tupaiidae,Scandentia
3842,DGQPGHK,1918,1924,0,754.34707784202,1,0,Tupaia chinensis,Tupaia,,Tupaiidae,Scandentia
3843,DGQPGHK,1918,1924,0,755.33109384202,1,1,Tupaia chinensis,Tupaia,,Tupaiidae,Scandentia
3844,DGQPGHK,1918,1924,0,770.34122784202,2,0,Tupaia chinensis,Tupaia,,Tupaiidae,Scandentia
3845,DGQPGHK,1918,1924,0,771.32524384202,2,1,Tupaia chinensis,Tupaia,,Tupaiidae,Scandentia
3846,GERGYPGNIGPVGAAGAPGPHGPVGPTGK,1925,1953,1,2624.3328080326296,0,0,Tupaia chinensis,Tupaia,,Tupaiidae,Scandentia
3847,GERGYPGNIGPVGAAGAPGPHGPVGPTGK,1925,1953,1,2625.3168240326295,0,1,Tupaia chinensis,Tupaia,,Tupaiidae,Scandentia
3848,GERGYPGNIGPVGAAGAPGPHGPVGPTGK,1925,1953,1,2640.3269580326296,1,0,Tupaia chinensis,Tupaia,,Tupaiidae,Scandentia
3849,GERGYPGNIGPVGAAGAPGPHGPVGPTGK,1925,1953,1,2641.3109740326295,1,1,Tupaia chinensis,Tupaia,,Tupaiidae,Scandentia
3850,GERGYPGNIGPVGAAGAPGPHGPVGPTGK,1925,1953,1,2656.3211080326296,2,0,Tupaia chinensis,Tupaia,,Tupaiidae,Scandentia
3851,GERGYPGNIGPVGAAGAPGPHGPVGPTGK,1925,1953,1,2657.3051240326295,2,1,Tupaia chinensis,Tupaia,,Tupaiidae,Scandentia
3852,GERGYPGNIGPVGAAGAPGPHGPVGPTGK,1925,1953,1,2672.3152580326296,3,0,Tupaia chinensis,Tupaia,,Tupaiidae,Scandentia
3853,GERGYPGNIGPVGAAGAPGPHGPVGPTGK,1925,1953,1,2673.2992740326295,3,1,Tupaia chinensis,Tupaia,,Tupaiidae,Scandentia
3854,GERGYPGNIGPVGAAGAPGPHGPVGPTGK,1925,1953,1,2688.3094080326296,4,0,Tupaia chinensis,Tupaia,,Tupaiidae,Scandentia
3855,GERGYPGNIGPVGAAGAPGPHGPVGPTGK,1925,1953,1,2689.2934240326294,4,1,Tupaia chinensis,Tupaia,,Tupaiidae,Scandentia
3856,GERGYPGNIGPVGAAGAPGPHGPVGPTGK,1925,1953,1,2704.3035580326296,5,0,Tupaia chinensis,Tupaia,,Tupaiidae,Scandentia
3857,GERGYPGNIGPVGAAGAPGPHGPVGPTGK,1925,1953,1,2705.2875740326294,5,1,Tupaia chinensis,Tupaia,,Tupaiidae,Scandentia
3858,GERGYPGNIGPVGAAGAPGPHGPVGPTGK,1925,1953,1,2720.2977080326295,6,0,Tupaia chinensis,Tupaia,,Tupaiidae,Scandentia
3859,GERGYPGNIGPVGAAGAPGPHGPVGPTGK,1925,1953,1,2721.2817240326294,6,1,Tupaia chinensis,Tupaia,,Tupaiidae,Scandentia
3860,GERGYPGNIGPVGAAGAPGPHGPVGPTGK,1925,1953,1,2736.2918580326295,7,0,Tupaia chinensis,Tupaia,,Tupaiidae,Scandentia
3861,GERGYPGNIGPVGAAGAPGPHGPVGPTGK,1925,1953,1,2737.2758740326294,7,1,Tupaia chinensis,Tupaia,,Tupaiidae,Scandentia
3862,GER,1925,1927,0,361.18300898261,0,0,Tupaia chinensis,Tupaia,,Tupaiidae,Scandentia
3863,GYPGNIGPVGAAGAPGPHGPVGPTGK,1928,1953,0,2282.16764020049,0,0,Tupaia chinensis,Tupaia,,Tupaiidae,Scandentia
3864,GYPGNIGPVGAAGAPGPHGPVGPTGK,1928,1953,0,2283.15165620049,0,1,Tupaia chinensis,Tupaia,,Tupaiidae,Scandentia
3865,GYPGNIGPVGAAGAPGPHGPVGPTGK,1928,1953,0,2298.16179020049,1,0,Tupaia chinensis,Tupaia,,Tupaiidae,Scandentia
3866,GYPGNIGPVGAAGAPGPHGPVGPTGK,1928,1953,0,2299.14580620049,1,1,Tupaia chinensis,Tupaia,,Tupaiidae,Scandentia
3867,GYPGNIGPVGAAGAPGPHGPVGPTGK,1928,1953,0,2314.15594020049,2,0,Tupaia chinensis,Tupaia,,Tupaiidae,Scandentia
3868,GYPGNIGPVGAAGAPGPHGPVGPTGK,1928,1953,0,2315.13995620049,2,1,Tupaia chinensis,Tupaia,,Tupaiidae,Scandentia
3869,GYPGNIGPVGAAGAPGPHGPVGPTGK,1928,1953,0,2330.15009020049,3,0,Tupaia chinensis,Tupaia,,Tupaiidae,Scandentia
3870,GYPGNIGPVGAAGAPGPHGPVGPTGK,1928,1953,0,2331.13410620049,3,1,Tupaia chinensis,Tupaia,,Tupaiidae,Scandentia
3871,GYPGNIGPVGAAGAPGPHGPVGPTGK,1928,1953,0,2346.14424020049,4,0,Tupaia chinensis,Tupaia,,Tupaiidae,Scandentia
3872,GYPGNIGPVGAAGAPGPHGPVGPTGK,1928,1953,0,2347.12825620049,4,1,Tupaia chinensis,Tupaia,,Tupaiidae,Scandentia
3873,GYPGNIGPVGAAGAPGPHGPVGPTGK,1928,1953,0,2362.13839020049,5,0,Tupaia chinensis,Tupaia,,Tupaiidae,Scandentia
3874,GYPGNIGPVGAAGAPGPHGPVGPTGK,1928,1953,0,2363.12240620049,5,1,Tupaia chinensis,Tupaia,,Tupaiidae,Scandentia
3875,GYPGNIGPVGAAGAPGPHGPVGPTGK,1928,1953,0,2378.13254020049,6,0,Tupaia chinensis,Tupaia,,Tupaiidae,Scandentia
3876,GYPGNIGPVGAAGAPGPHGPVGPTGK,1928,1953,0,2379.11655620049,6,1,Tupaia chinensis,Tupaia,,Tupaiidae,Scandentia
3877,GYPGNIGPVGAAGAPGPHGPVGPTGK,1928,1953,0,2394.12669020049,7,0,Tupaia chinensis,Tupaia,,Tupaiidae,Scandentia
3878,GYPGNIGPVGAAGAPGPHGPVGPTGK,1928,1953,0,2395.11070620049,7,1,Tupaia chinensis,Tupaia,,Tupaiidae,Scandentia
3879,GYPGNIGPVGAAGAPGPHGPVGPTGKHGNR,1928,1957,1,2746.3920542442497,0,0,Tupaia chinensis,Tupaia,,Tupaiidae,Scandentia
3880,GYPGNIGPVGAAGAPGPHGPVGPTGKHGNR,1928,1957,1,2747.3760702442496,0,1,Tupaia chinensis,Tupaia,,Tupaiidae,Scandentia
3881,GYPGNIGPVGAAGAPGPHGPVGPTGKHGNR,1928,1957,1,2748.36008624425,0,2,Tupaia chinensis,Tupaia,,Tupaiidae,Scandentia
3882,GYPGNIGPVGAAGAPGPHGPVGPTGKHGNR,1928,1957,1,2762.3862042442497,1,0,Tupaia chinensis,Tupaia,,Tupaiidae,Scandentia
3883,GYPGNIGPVGAAGAPGPHGPVGPTGKHGNR,1928,1957,1,2763.3702202442496,1,1,Tupaia chinensis,Tupaia,,Tupaiidae,Scandentia
3884,GYPGNIGPVGAAGAPGPHGPVGPTGKHGNR,1928,1957,1,2764.35423624425,1,2,Tupaia chinensis,Tupaia,,Tupaiidae,Scandentia
3885,GYPGNIGPVGAAGAPGPHGPVGPTGKHGNR,1928,1957,1,2778.3803542442497,2,0,Tupaia chinensis,Tupaia,,Tupaiidae,Scandentia
3886,GYPGNIGPVGAAGAPGPHGPVGPTGKHGNR,1928,1957,1,2779.3643702442496,2,1,Tupaia chinensis,Tupaia,,Tupaiidae,Scandentia
3887,GYPGNIGPVGAAGAPGPHGPVGPTGKHGNR,1928,1957,1,2780.34838624425,2,2,Tupaia chinensis,Tupaia,,Tupaiidae,Scandentia
3888,GYPGNIGPVGAAGAPGPHGPVGPTGKHGNR,1928,1957,1,2794.3745042442497,3,0,Tupaia chinensis,Tupaia,,Tupaiidae,Scandentia
3889,GYPGNIGPVGAAGAPGPHGPVGPTGKHGNR,1928,1957,1,2795.3585202442496,3,1,Tupaia chinensis,Tupaia,,Tupaiidae,Scandentia
3890,GYPGNIGPVGAAGAPGPHGPVGPTGKHGNR,1928,1957,1,2796.34253624425,3,2,Tupaia chinensis,Tupaia,,Tupaiidae,Scandentia
3891,GYPGNIGPVGAAGAPGPHGPVGPTGKHGNR,1928,1957,1,2810.3686542442497,4,0,Tupaia chinensis,Tupaia,,Tupaiidae,Scandentia
3892,GYPGNIGPVGAAGAPGPHGPVGPTGKHGNR,1928,1957,1,2811.3526702442496,4,1,Tupaia chinensis,Tupaia,,Tupaiidae,Scandentia
3893,GYPGNIGPVGAAGAPGPHGPVGPTGKHGNR,1928,1957,1,2812.33668624425,4,2,Tupaia chinensis,Tupaia,,Tupaiidae,Scandentia
3894,GYPGNIGPVGAAGAPGPHGPVGPTGKHGNR,1928,1957,1,2826.3628042442497,5,0,Tupaia chinensis,Tupaia,,Tupaiidae,Scandentia
3895,GYPGNIGPVGAAGAPGPHGPVGPTGKHGNR,1928,1957,1,2827.3468202442496,5,1,Tupaia chinensis,Tupaia,,Tupaiidae,Scandentia
3896,GYPGNIGPVGAAGAPGPHGPVGPTGKHGNR,1928,1957,1,2828.33083624425,5,2,Tupaia chinensis,Tupaia,,Tupaiidae,Scandentia
3897,GYPGNIGPVGAAGAPGPHGPVGPTGKHGNR,1928,1957,1,2842.3569542442497,6,0,Tupaia chinensis,Tupaia,,Tupaiidae,Scandentia
3898,GYPGNIGPVGAAGAPGPHGPVGPTGKHGNR,1928,1957,1,2843.3409702442495,6,1,Tupaia chinensis,Tupaia,,Tupaiidae,Scandentia
3899,GYPGNIGPVGAAGAPGPHGPVGPTGKHGNR,1928,1957,1,2844.32498624425,6,2,Tupaia chinensis,Tupaia,,Tupaiidae,Scandentia
3900,GYPGNIGPVGAAGAPGPHGPVGPTGKHGNR,1928,1957,1,2858.3511042442497,7,0,Tupaia chinensis,Tupaia,,Tupaiidae,Scandentia
3901,GYPGNIGPVGAAGAPGPHGPVGPTGKHGNR,1928,1957,1,2859.3351202442495,7,1,Tupaia chinensis,Tupaia,,Tupaiidae,Scandentia
3902,GYPGNIGPVGAAGAPGPHGPVGPTGKHGNR,1928,1957,1,2860.31913624425,7,2,Tupaia chinensis,Tupaia,,Tupaiidae,Scandentia
3903,HGNRGEPGPAGAVGSVGPVGPR,1954,1975,1,2025.03729473728,0,0,Tupaia chinensis,Tupaia,,Tupaiidae,Scandentia
3904,HGNRGEPGPAGAVGSVGPVGPR,1954,1975,1,2026.0213107372801,0,1,Tupaia chinensis,Tupaia,,Tupaiidae,Scandentia
3905,HGNRGEPGPAGAVGSVGPVGPR,1954,1975,1,2041.03144473728,1,0,Tupaia chinensis,Tupaia,,Tupaiidae,Scandentia
3906,HGNRGEPGPAGAVGSVGPVGPR,1954,1975,1,2042.0154607372801,1,1,Tupaia chinensis,Tupaia,,Tupaiidae,Scandentia
3907,HGNRGEPGPAGAVGSVGPVGPR,1954,1975,1,2057.0255947372802,2,0,Tupaia chinensis,Tupaia,,Tupaiidae,Scandentia
3908,HGNRGEPGPAGAVGSVGPVGPR,1954,1975,1,2058.00961073728,2,1,Tupaia chinensis,Tupaia,,Tupaiidae,Scandentia
3909,HGNRGEPGPAGAVGSVGPVGPR,1954,1975,1,2073.0197447372802,3,0,Tupaia chinensis,Tupaia,,Tupaiidae,Scandentia
3910,HGNRGEPGPAGAVGSVGPVGPR,1954,1975,1,2074.00376073728,3,1,Tupaia chinensis,Tupaia,,Tupaiidae,Scandentia
3911,HGNRGEPGPAGAVGSVGPVGPR,1954,1975,1,2089.01389473728,4,0,Tupaia chinensis,Tupaia,,Tupaiidae,Scandentia
3912,HGNRGEPGPAGAVGSVGPVGPR,1954,1975,1,2089.99791073728,4,1,Tupaia chinensis,Tupaia,,Tupaiidae,Scandentia
3913,HGNR,1954,1957,0,483.24225519423004,0,0,Tupaia chinensis,Tupaia,,Tupaiidae,Scandentia
3914,HGNR,1954,1957,0,484.22627119423004,0,1,Tupaia chinensis,Tupaia,,Tupaiidae,Scandentia
3915,GEPGPAGAVGSVGPVGPRGPSGPQGIR,1958,1984,1,2410.25858046321,0,0,Tupaia chinensis,Tupaia,,Tupaiidae,Scandentia
3916,GEPGPAGAVGSVGPVGPRGPSGPQGIR,1958,1984,1,2411.24259646321,0,1,Tupaia chinensis,Tupaia,,Tupaiidae,Scandentia
3917,GEPGPAGAVGSVGPVGPRGPSGPQGIR,1958,1984,1,2426.25273046321,1,0,Tupaia chinensis,Tupaia,,Tupaiidae,Scandentia
3918,GEPGPAGAVGSVGPVGPRGPSGPQGIR,1958,1984,1,2427.23674646321,1,1,Tupaia chinensis,Tupaia,,Tupaiidae,Scandentia
3919,GEPGPAGAVGSVGPVGPRGPSGPQGIR,1958,1984,1,2442.24688046321,2,0,Tupaia chinensis,Tupaia,,Tupaiidae,Scandentia
3920,GEPGPAGAVGSVGPVGPRGPSGPQGIR,1958,1984,1,2443.23089646321,2,1,Tupaia chinensis,Tupaia,,Tupaiidae,Scandentia
3921,GEPGPAGAVGSVGPVGPRGPSGPQGIR,1958,1984,1,2458.24103046321,3,0,Tupaia chinensis,Tupaia,,Tupaiidae,Scandentia
3922,GEPGPAGAVGSVGPVGPRGPSGPQGIR,1958,1984,1,2459.2250464632098,3,1,Tupaia chinensis,Tupaia,,Tupaiidae,Scandentia
3923,GEPGPAGAVGSVGPVGPRGPSGPQGIR,1958,1984,1,2474.23518046321,4,0,Tupaia chinensis,Tupaia,,Tupaiidae,Scandentia
3924,GEPGPAGAVGSVGPVGPRGPSGPQGIR,1958,1984,1,2475.2191964632098,4,1,Tupaia chinensis,Tupaia,,Tupaiidae,Scandentia
3925,GEPGPAGAVGSVGPVGPRGPSGPQGIR,1958,1984,1,2490.22933046321,5,0,Tupaia chinensis,Tupaia,,Tupaiidae,Scandentia
3926,GEPGPAGAVGSVGPVGPRGPSGPQGIR,1958,1984,1,2491.2133464632097,5,1,Tupaia chinensis,Tupaia,,Tupaiidae,Scandentia
3927,GEPGPAGAVGSVGPVGPRGPSGPQGIR,1958,1984,1,2506.22348046321,6,0,Tupaia chinensis,Tupaia,,Tupaiidae,Scandentia
3928,GEPGPAGAVGSVGPVGPRGPSGPQGIR,1958,1984,1,2507.2074964632097,6,1,Tupaia chinensis,Tupaia,,Tupaiidae,Scandentia
3929,GEPGPAGAVGSVGPVGPR,1958,1975,0,1560.8128806935201,0,0,Tupaia chinensis,Tupaia,,Tupaiidae,Scandentia
3930,GEPGPAGAVGSVGPVGPR,1958,1975,0,1576.8070306935201,1,0,Tupaia chinensis,Tupaia,,Tupaiidae,Scandentia
3931,GEPGPAGAVGSVGPVGPR,1958,1975,0,1592.80118069352,2,0,Tupaia chinensis,Tupaia,,Tupaiidae,Scandentia
3932,GEPGPAGAVGSVGPVGPR,1958,1975,0,1608.79533069352,3,0,Tupaia chinensis,Tupaia,,Tupaiidae,Scandentia
3933,GEPGPAGAVGSVGPVGPR,1958,1975,0,1624.78948069352,4,0,Tupaia chinensis,Tupaia,,Tupaiidae,Scandentia
3934,GPSGPQGIRGDK,1976,1987,1,1168.60691067856,0,0,Tupaia chinensis,Tupaia,,Tupaiidae,Scandentia
3935,GPSGPQGIRGDK,1976,1987,1,1169.5909266785602,0,1,Tupaia chinensis,Tupaia,,Tupaiidae,Scandentia
3936,GPSGPQGIRGDK,1976,1987,1,1184.60106067856,1,0,Tupaia chinensis,Tupaia,,Tupaiidae,Scandentia
3937,GPSGPQGIRGDK,1976,1987,1,1185.5850766785602,1,1,Tupaia chinensis,Tupaia,,Tupaiidae,Scandentia
3938,GPSGPQGIRGDK,1976,1987,1,1200.59521067856,2,0,Tupaia chinensis,Tupaia,,Tupaiidae,Scandentia
3939,GPSGPQGIRGDK,1976,1987,1,1201.5792266785602,2,1,Tupaia chinensis,Tupaia,,Tupaiidae,Scandentia
3940,GPSGPQGIRGDK,1976,1987,1,1216.58936067856,3,0,Tupaia chinensis,Tupaia,,Tupaiidae,Scandentia
3941,GPSGPQGIRGDK,1976,1987,1,1217.5733766785602,3,1,Tupaia chinensis,Tupaia,,Tupaiidae,Scandentia
3942,GPSGPQGIR,1976,1984,0,868.46354092016,0,0,Tupaia chinensis,Tupaia,,Tupaiidae,Scandentia
3943,GPSGPQGIR,1976,1984,0,869.44755692016,0,1,Tupaia chinensis,Tupaia,,Tupaiidae,Scandentia
3944,GPSGPQGIR,1976,1984,0,884.45769092016,1,0,Tupaia chinensis,Tupaia,,Tupaiidae,Scandentia
3945,GPSGPQGIR,1976,1984,0,885.44170692016,1,1,Tupaia chinensis,Tupaia,,Tupaiidae,Scandentia
3946,GPSGPQGIR,1976,1984,0,900.45184092016,2,0,Tupaia chinensis,Tupaia,,Tupaiidae,Scandentia
3947,GPSGPQGIR,1976,1984,0,901.43585692016,2,1,Tupaia chinensis,Tupaia,,Tupaiidae,Scandentia
3948,GDK,1985,1987,0,319.16121090887003,0,0,Tupaia chinensis,Tupaia,,Tupaiidae,Scandentia
3949,GDK,1985,1987,0,335.15536090887,1,0,Tupaia chinensis,Tupaia,,Tupaiidae,Scandentia
3950,GDKGEAGDK,1985,1993,1,876.4057512605199,0,0,Tupaia chinensis,Tupaia,,Tupaiidae,Scandentia
3951,GDKGEAGDK,1985,1993,1,892.3999012605199,1,0,Tupaia chinensis,Tupaia,,Tupaiidae,Scandentia
3952,GDKGEAGDK,1985,1993,1,908.3940512605199,2,0,Tupaia chinensis,Tupaia,,Tupaiidae,Scandentia
3953,GEAGDKGPR,1988,1996,1,886.4377200951399,0,0,Tupaia chinensis,Tupaia,,Tupaiidae,Scandentia
3954,GEAGDKGPR,1988,1996,1,902.4318700951399,1,0,Tupaia chinensis,Tupaia,,Tupaiidae,Scandentia
3955,GEAGDKGPR,1988,1996,1,918.4260200951398,2,0,Tupaia chinensis,Tupaia,,Tupaiidae,Scandentia
3956,GEAGDK,1988,1993,0,576.2623815021199,0,0,Tupaia chinensis,Tupaia,,Tupaiidae,Scandentia
3957,GEAGDK,1988,1993,0,592.2565315021199,1,0,Tupaia chinensis,Tupaia,,Tupaiidae,Scandentia
3958,GPRGLPGLK,1994,2002,1,894.55196200174,0,0,Tupaia chinensis,Tupaia,,Tupaiidae,Scandentia
3959,GPRGLPGLK,1994,2002,1,910.54611200174,1,0,Tupaia chinensis,Tupaia,,Tupaiidae,Scandentia
3960,GPRGLPGLK,1994,2002,1,926.54026200174,2,0,Tupaia chinensis,Tupaia,,Tupaiidae,Scandentia
3961,GPRGLPGLK,1994,2002,1,942.53441200174,3,0,Tupaia chinensis,Tupaia,,Tupaiidae,Scandentia
3962,GPR,1994,1996,0,329.19317974349,0,0,Tupaia chinensis,Tupaia,,Tupaiidae,Scandentia
3963,GPR,1994,1996,0,345.18732974349,1,0,Tupaia chinensis,Tupaia,,Tupaiidae,Scandentia
3964,GLPGLKGHAGLQGLPGLAGHHGDQGAPGSVGPAGPR,1997,2032,1,3290.7253500306497,0,0,Tupaia chinensis,Tupaia,,Tupaiidae,Scandentia
3965,GLPGLKGHAGLQGLPGLAGHHGDQGAPGSVGPAGPR,1997,2032,1,3291.7093660306496,0,1,Tupaia chinensis,Tupaia,,Tupaiidae,Scandentia
3966,GLPGLKGHAGLQGLPGLAGHHGDQGAPGSVGPAGPR,1997,2032,1,3292.69338203065,0,2,Tupaia chinensis,Tupaia,,Tupaiidae,Scandentia
3967,GLPGLKGHAGLQGLPGLAGHHGDQGAPGSVGPAGPR,1997,2032,1,3306.7195000306497,1,0,Tupaia chinensis,Tupaia,,Tupaiidae,Scandentia
3968,GLPGLKGHAGLQGLPGLAGHHGDQGAPGSVGPAGPR,1997,2032,1,3307.7035160306496,1,1,Tupaia chinensis,Tupaia,,Tupaiidae,Scandentia
3969,GLPGLKGHAGLQGLPGLAGHHGDQGAPGSVGPAGPR,1997,2032,1,3308.68753203065,1,2,Tupaia chinensis,Tupaia,,Tupaiidae,Scandentia
3970,GLPGLKGHAGLQGLPGLAGHHGDQGAPGSVGPAGPR,1997,2032,1,3322.7136500306497,2,0,Tupaia chinensis,Tupaia,,Tupaiidae,Scandentia
3971,GLPGLKGHAGLQGLPGLAGHHGDQGAPGSVGPAGPR,1997,2032,1,3323.6976660306495,2,1,Tupaia chinensis,Tupaia,,Tupaiidae,Scandentia
3972,GLPGLKGHAGLQGLPGLAGHHGDQGAPGSVGPAGPR,1997,2032,1,3324.68168203065,2,2,Tupaia chinensis,Tupaia,,Tupaiidae,Scandentia
3973,GLPGLKGHAGLQGLPGLAGHHGDQGAPGSVGPAGPR,1997,2032,1,3338.7078000306497,3,0,Tupaia chinensis,Tupaia,,Tupaiidae,Scandentia
3974,GLPGLKGHAGLQGLPGLAGHHGDQGAPGSVGPAGPR,1997,2032,1,3339.6918160306495,3,1,Tupaia chinensis,Tupaia,,Tupaiidae,Scandentia
3975,GLPGLKGHAGLQGLPGLAGHHGDQGAPGSVGPAGPR,1997,2032,1,3340.67583203065,3,2,Tupaia chinensis,Tupaia,,Tupaiidae,Scandentia
3976,GLPGLKGHAGLQGLPGLAGHHGDQGAPGSVGPAGPR,1997,2032,1,3354.7019500306496,4,0,Tupaia chinensis,Tupaia,,Tupaiidae,Scandentia
3977,GLPGLKGHAGLQGLPGLAGHHGDQGAPGSVGPAGPR,1997,2032,1,3355.6859660306495,4,1,Tupaia chinensis,Tupaia,,Tupaiidae,Scandentia
3978,GLPGLKGHAGLQGLPGLAGHHGDQGAPGSVGPAGPR,1997,2032,1,3356.66998203065,4,2,Tupaia chinensis,Tupaia,,Tupaiidae,Scandentia
3979,GLPGLKGHAGLQGLPGLAGHHGDQGAPGSVGPAGPR,1997,2032,1,3370.6961000306496,5,0,Tupaia chinensis,Tupaia,,Tupaiidae,Scandentia
3980,GLPGLKGHAGLQGLPGLAGHHGDQGAPGSVGPAGPR,1997,2032,1,3371.6801160306495,5,1,Tupaia chinensis,Tupaia,,Tupaiidae,Scandentia
3981,GLPGLKGHAGLQGLPGLAGHHGDQGAPGSVGPAGPR,1997,2032,1,3372.66413203065,5,2,Tupaia chinensis,Tupaia,,Tupaiidae,Scandentia
3982,GLPGLKGHAGLQGLPGLAGHHGDQGAPGSVGPAGPR,1997,2032,1,3386.6902500306496,6,0,Tupaia chinensis,Tupaia,,Tupaiidae,Scandentia
3983,GLPGLKGHAGLQGLPGLAGHHGDQGAPGSVGPAGPR,1997,2032,1,3387.6742660306495,6,1,Tupaia chinensis,Tupaia,,Tupaiidae,Scandentia
3984,GLPGLKGHAGLQGLPGLAGHHGDQGAPGSVGPAGPR,1997,2032,1,3388.65828203065,6,2,Tupaia chinensis,Tupaia,,Tupaiidae,Scandentia
3985,GLPGLK,1997,2002,0,584.37662340872,0,0,Tupaia chinensis,Tupaia,,Tupaiidae,Scandentia
3986,GLPGLK,1997,2002,0,600.37077340872,1,0,Tupaia chinensis,Tupaia,,Tupaiidae,Scandentia
3987,GLPGLK,1997,2002,0,616.36492340872,2,0,Tupaia chinensis,Tupaia,,Tupaiidae,Scandentia
3988,GHAGLQGLPGLAGHHGDQGAPGSVGPAGPRGPAGPSGPAGK,2003,2043,1,3601.8119331889197,0,0,Tupaia chinensis,Tupaia,,Tupaiidae,Scandentia
3989,GHAGLQGLPGLAGHHGDQGAPGSVGPAGPRGPAGPSGPAGK,2003,2043,1,3602.7959491889196,0,1,Tupaia chinensis,Tupaia,,Tupaiidae,Scandentia
3990,GHAGLQGLPGLAGHHGDQGAPGSVGPAGPRGPAGPSGPAGK,2003,2043,1,3603.77996518892,0,2,Tupaia chinensis,Tupaia,,Tupaiidae,Scandentia
3991,GHAGLQGLPGLAGHHGDQGAPGSVGPAGPRGPAGPSGPAGK,2003,2043,1,3617.8060831889197,1,0,Tupaia chinensis,Tupaia,,Tupaiidae,Scandentia
3992,GHAGLQGLPGLAGHHGDQGAPGSVGPAGPRGPAGPSGPAGK,2003,2043,1,3618.7900991889196,1,1,Tupaia chinensis,Tupaia,,Tupaiidae,Scandentia
3993,GHAGLQGLPGLAGHHGDQGAPGSVGPAGPRGPAGPSGPAGK,2003,2043,1,3619.77411518892,1,2,Tupaia chinensis,Tupaia,,Tupaiidae,Scandentia
3994,GHAGLQGLPGLAGHHGDQGAPGSVGPAGPRGPAGPSGPAGK,2003,2043,1,3633.8002331889197,2,0,Tupaia chinensis,Tupaia,,Tupaiidae,Scandentia
3995,GHAGLQGLPGLAGHHGDQGAPGSVGPAGPRGPAGPSGPAGK,2003,2043,1,3634.7842491889196,2,1,Tupaia chinensis,Tupaia,,Tupaiidae,Scandentia
3996,GHAGLQGLPGLAGHHGDQGAPGSVGPAGPRGPAGPSGPAGK,2003,2043,1,3635.76826518892,2,2,Tupaia chinensis,Tupaia,,Tupaiidae,Scandentia
3997,GHAGLQGLPGLAGHHGDQGAPGSVGPAGPRGPAGPSGPAGK,2003,2043,1,3649.7943831889197,3,0,Tupaia chinensis,Tupaia,,Tupaiidae,Scandentia
3998,GHAGLQGLPGLAGHHGDQGAPGSVGPAGPRGPAGPSGPAGK,2003,2043,1,3650.7783991889196,3,1,Tupaia chinensis,Tupaia,,Tupaiidae,Scandentia
3999,GHAGLQGLPGLAGHHGDQGAPGSVGPAGPRGPAGPSGPAGK,2003,2043,1,3651.76241518892,3,2,Tupaia chinensis,Tupaia,,Tupaiidae,Scandentia
4000,GHAGLQGLPGLAGHHGDQGAPGSVGPAGPRGPAGPSGPAGK,2003,2043,1,3665.7885331889197,4,0,Tupaia chinensis,Tupaia,,Tupaiidae,Scandentia
4001,GHAGLQGLPGLAGHHGDQGAPGSVGPAGPRGPAGPSGPAGK,2003,2043,1,3666.7725491889196,4,1,Tupaia chinensis,Tupaia,,Tupaiidae,Scandentia
4002,GHAGLQGLPGLAGHHGDQGAPGSVGPAGPRGPAGPSGPAGK,2003,2043,1,3667.75656518892,4,2,Tupaia chinensis,Tupaia,,Tupaiidae,Scandentia
4003,GHAGLQGLPGLAGHHGDQGAPGSVGPAGPRGPAGPSGPAGK,2003,2043,1,3681.7826831889197,5,0,Tupaia chinensis,Tupaia,,Tupaiidae,Scandentia
4004,GHAGLQGLPGLAGHHGDQGAPGSVGPAGPRGPAGPSGPAGK,2003,2043,1,3682.7666991889196,5,1,Tupaia chinensis,Tupaia,,Tupaiidae,Scandentia
4005,GHAGLQGLPGLAGHHGDQGAPGSVGPAGPRGPAGPSGPAGK,2003,2043,1,3683.75071518892,5,2,Tupaia chinensis,Tupaia,,Tupaiidae,Scandentia
4006,GHAGLQGLPGLAGHHGDQGAPGSVGPAGPRGPAGPSGPAGK,2003,2043,1,3697.7768331889197,6,0,Tupaia chinensis,Tupaia,,Tupaiidae,Scandentia
4007,GHAGLQGLPGLAGHHGDQGAPGSVGPAGPRGPAGPSGPAGK,2003,2043,1,3698.7608491889196,6,1,Tupaia chinensis,Tupaia,,Tupaiidae,Scandentia
4008,GHAGLQGLPGLAGHHGDQGAPGSVGPAGPRGPAGPSGPAGK,2003,2043,1,3699.74486518892,6,2,Tupaia chinensis,Tupaia,,Tupaiidae,Scandentia
4009,GHAGLQGLPGLAGHHGDQGAPGSVGPAGPRGPAGPSGPAGK,2003,2043,1,3713.7709831889197,7,0,Tupaia chinensis,Tupaia,,Tupaiidae,Scandentia
4010,GHAGLQGLPGLAGHHGDQGAPGSVGPAGPRGPAGPSGPAGK,2003,2043,1,3714.7549991889196,7,1,Tupaia chinensis,Tupaia,,Tupaiidae,Scandentia
4011,GHAGLQGLPGLAGHHGDQGAPGSVGPAGPRGPAGPSGPAGK,2003,2043,1,3715.73901518892,7,2,Tupaia chinensis,Tupaia,,Tupaiidae,Scandentia
4012,GHAGLQGLPGLAGHHGDQGAPGSVGPAGPRGPAGPSGPAGK,2003,2043,1,3729.7651331889197,8,0,Tupaia chinensis,Tupaia,,Tupaiidae,Scandentia
4013,GHAGLQGLPGLAGHHGDQGAPGSVGPAGPRGPAGPSGPAGK,2003,2043,1,3730.7491491889195,8,1,Tupaia chinensis,Tupaia,,Tupaiidae,Scandentia
4014,GHAGLQGLPGLAGHHGDQGAPGSVGPAGPRGPAGPSGPAGK,2003,2043,1,3731.73316518892,8,2,Tupaia chinensis,Tupaia,,Tupaiidae,Scandentia
4015,GHAGLQGLPGLAGHHGDQGAPGSVGPAGPR,2003,2032,0,2725.3665677724,0,0,Tupaia chinensis,Tupaia,,Tupaiidae,Scandentia
4016,GHAGLQGLPGLAGHHGDQGAPGSVGPAGPR,2003,2032,0,2726.3505837723997,0,1,Tupaia chinensis,Tupaia,,Tupaiidae,Scandentia
4017,GHAGLQGLPGLAGHHGDQGAPGSVGPAGPR,2003,2032,0,2727.3345997724,0,2,Tupaia chinensis,Tupaia,,Tupaiidae,Scandentia
4018,GHAGLQGLPGLAGHHGDQGAPGSVGPAGPR,2003,2032,0,2741.3607177723998,1,0,Tupaia chinensis,Tupaia,,Tupaiidae,Scandentia
4019,GHAGLQGLPGLAGHHGDQGAPGSVGPAGPR,2003,2032,0,2742.3447337723996,1,1,Tupaia chinensis,Tupaia,,Tupaiidae,Scandentia
4020,GHAGLQGLPGLAGHHGDQGAPGSVGPAGPR,2003,2032,0,2743.3287497724,1,2,Tupaia chinensis,Tupaia,,Tupaiidae,Scandentia
4021,GHAGLQGLPGLAGHHGDQGAPGSVGPAGPR,2003,2032,0,2757.3548677723998,2,0,Tupaia chinensis,Tupaia,,Tupaiidae,Scandentia
4022,GHAGLQGLPGLAGHHGDQGAPGSVGPAGPR,2003,2032,0,2758.3388837723996,2,1,Tupaia chinensis,Tupaia,,Tupaiidae,Scandentia
4023,GHAGLQGLPGLAGHHGDQGAPGSVGPAGPR,2003,2032,0,2759.3228997724,2,2,Tupaia chinensis,Tupaia,,Tupaiidae,Scandentia
4024,GHAGLQGLPGLAGHHGDQGAPGSVGPAGPR,2003,2032,0,2773.3490177723997,3,0,Tupaia chinensis,Tupaia,,Tupaiidae,Scandentia
4025,GHAGLQGLPGLAGHHGDQGAPGSVGPAGPR,2003,2032,0,2774.3330337723996,3,1,Tupaia chinensis,Tupaia,,Tupaiidae,Scandentia
4026,GHAGLQGLPGLAGHHGDQGAPGSVGPAGPR,2003,2032,0,2775.3170497724,3,2,Tupaia chinensis,Tupaia,,Tupaiidae,Scandentia
4027,GHAGLQGLPGLAGHHGDQGAPGSVGPAGPR,2003,2032,0,2789.3431677723997,4,0,Tupaia chinensis,Tupaia,,Tupaiidae,Scandentia
4028,GHAGLQGLPGLAGHHGDQGAPGSVGPAGPR,2003,2032,0,2790.3271837723996,4,1,Tupaia chinensis,Tupaia,,Tupaiidae,Scandentia
4029,GHAGLQGLPGLAGHHGDQGAPGSVGPAGPR,2003,2032,0,2791.3111997724,4,2,Tupaia chinensis,Tupaia,,Tupaiidae,Scandentia
4030,GPAGPSGPAGKDGR,2033,2046,1,1223.61272433499,0,0,Tupaia chinensis,Tupaia,,Tupaiidae,Scandentia
4031,GPAGPSGPAGKDGR,2033,2046,1,1239.60687433499,1,0,Tupaia chinensis,Tupaia,,Tupaiidae,Scandentia
4032,GPAGPSGPAGKDGR,2033,2046,1,1255.60102433499,2,0,Tupaia chinensis,Tupaia,,Tupaiidae,Scandentia
4033,GPAGPSGPAGKDGR,2033,2046,1,1271.59517433499,3,0,Tupaia chinensis,Tupaia,,Tupaiidae,Scandentia
4034,GPAGPSGPAGKDGR,2033,2046,1,1287.58932433499,4,0,Tupaia chinensis,Tupaia,,Tupaiidae,Scandentia
4035,GPAGPSGPAGK,2033,2043,0,895.4632065669899,0,0,Tupaia chinensis,Tupaia,,Tupaiidae,Scandentia
4036,GPAGPSGPAGK,2033,2043,0,911.4573565669899,1,0,Tupaia chinensis,Tupaia,,Tupaiidae,Scandentia
4037,GPAGPSGPAGK,2033,2043,0,927.4515065669899,2,0,Tupaia chinensis,Tupaia,,Tupaiidae,Scandentia
4038,GPAGPSGPAGK,2033,2043,0,943.4456565669899,3,0,Tupaia chinensis,Tupaia,,Tupaiidae,Scandentia
4039,GPAGPSGPAGK,2033,2043,0,959.4398065669899,4,0,Tupaia chinensis,Tupaia,,Tupaiidae,Scandentia
4040,DGRTGHPGVVGPAGIR,2044,2059,1,1545.82444843673,0,0,Tupaia chinensis,Tupaia,,Tupaiidae,Scandentia
4041,DGRTGHPGVVGPAGIR,2044,2059,1,1561.81859843673,1,0,Tupaia chinensis,Tupaia,,Tupaiidae,Scandentia
4042,DGRTGHPGVVGPAGIR,2044,2059,1,1577.81274843673,2,0,Tupaia chinensis,Tupaia,,Tupaiidae,Scandentia
4043,DGR,2044,2046,0,347.16735891847003,0,0,Tupaia chinensis,Tupaia,,Tupaiidae,Scandentia
4044,TGHPGVVGPAGIRGSQGSQGPAGPPGPPGPPGPPGVSGGGYDFGYDGDFYR,2047,2097,1,4804.25635511558,0,0,Tupaia chinensis,Tupaia,,Tupaiidae,Scandentia
4045,TGHPGVVGPAGIRGSQGSQGPAGPPGPPGPPGPPGVSGGGYDFGYDGDFYR,2047,2097,1,4805.24037111558,0,1,Tupaia chinensis,Tupaia,,Tupaiidae,Scandentia
4046,TGHPGVVGPAGIRGSQGSQGPAGPPGPPGPPGPPGVSGGGYDFGYDGDFYR,2047,2097,1,4806.22438711558,0,2,Tupaia chinensis,Tupaia,,Tupaiidae,Scandentia
4047,TGHPGVVGPAGIRGSQGSQGPAGPPGPPGPPGPPGVSGGGYDFGYDGDFYR,2047,2097,1,4820.25050511558,1,0,Tupaia chinensis,Tupaia,,Tupaiidae,Scandentia
4048,TGHPGVVGPAGIRGSQGSQGPAGPPGPPGPPGPPGVSGGGYDFGYDGDFYR,2047,2097,1,4821.234521115581,1,1,Tupaia chinensis,Tupaia,,Tupaiidae,Scandentia
4049,TGHPGVVGPAGIRGSQGSQGPAGPPGPPGPPGPPGVSGGGYDFGYDGDFYR,2047,2097,1,4822.21853711558,1,2,Tupaia chinensis,Tupaia,,Tupaiidae,Scandentia
4050,TGHPGVVGPAGIRGSQGSQGPAGPPGPPGPPGPPGVSGGGYDFGYDGDFYR,2047,2097,1,4836.24465511558,2,0,Tupaia chinensis,Tupaia,,Tupaiidae,Scandentia
4051,TGHPGVVGPAGIRGSQGSQGPAGPPGPPGPPGPPGVSGGGYDFGYDGDFYR,2047,2097,1,4837.22867111558,2,1,Tupaia chinensis,Tupaia,,Tupaiidae,Scandentia
4052,TGHPGVVGPAGIRGSQGSQGPAGPPGPPGPPGPPGVSGGGYDFGYDGDFYR,2047,2097,1,4838.21268711558,2,2,Tupaia chinensis,Tupaia,,Tupaiidae,Scandentia
4053,TGHPGVVGPAGIRGSQGSQGPAGPPGPPGPPGPPGVSGGGYDFGYDGDFYR,2047,2097,1,4852.23880511558,3,0,Tupaia chinensis,Tupaia,,Tupaiidae,Scandentia
4054,TGHPGVVGPAGIRGSQGSQGPAGPPGPPGPPGPPGVSGGGYDFGYDGDFYR,2047,2097,1,4853.222821115581,3,1,Tupaia chinensis,Tupaia,,Tupaiidae,Scandentia
4055,TGHPGVVGPAGIRGSQGSQGPAGPPGPPGPPGPPGVSGGGYDFGYDGDFYR,2047,2097,1,4854.20683711558,3,2,Tupaia chinensis,Tupaia,,Tupaiidae,Scandentia
4056,TGHPGVVGPAGIRGSQGSQGPAGPPGPPGPPGPPGVSGGGYDFGYDGDFYR,2047,2097,1,4868.23295511558,4,0,Tupaia chinensis,Tupaia,,Tupaiidae,Scandentia
4057,TGHPGVVGPAGIRGSQGSQGPAGPPGPPGPPGPPGVSGGGYDFGYDGDFYR,2047,2097,1,4869.21697111558,4,1,Tupaia chinensis,Tupaia,,Tupaiidae,Scandentia
4058,TGHPGVVGPAGIRGSQGSQGPAGPPGPPGPPGPPGVSGGGYDFGYDGDFYR,2047,2097,1,4870.20098711558,4,2,Tupaia chinensis,Tupaia,,Tupaiidae,Scandentia
4059,TGHPGVVGPAGIRGSQGSQGPAGPPGPPGPPGPPGVSGGGYDFGYDGDFYR,2047,2097,1,4884.22710511558,5,0,Tupaia chinensis,Tupaia,,Tupaiidae,Scandentia
4060,TGHPGVVGPAGIRGSQGSQGPAGPPGPPGPPGPPGVSGGGYDFGYDGDFYR,2047,2097,1,4885.211121115581,5,1,Tupaia chinensis,Tupaia,,Tupaiidae,Scandentia
4061,TGHPGVVGPAGIRGSQGSQGPAGPPGPPGPPGPPGVSGGGYDFGYDGDFYR,2047,2097,1,4886.19513711558,5,2,Tupaia chinensis,Tupaia,,Tupaiidae,Scandentia
4062,TGHPGVVGPAGIRGSQGSQGPAGPPGPPGPPGPPGVSGGGYDFGYDGDFYR,2047,2097,1,4900.22125511558,6,0,Tupaia chinensis,Tupaia,,Tupaiidae,Scandentia
4063,TGHPGVVGPAGIRGSQGSQGPAGPPGPPGPPGPPGVSGGGYDFGYDGDFYR,2047,2097,1,4901.20527111558,6,1,Tupaia chinensis,Tupaia,,Tupaiidae,Scandentia
4064,TGHPGVVGPAGIRGSQGSQGPAGPPGPPGPPGPPGVSGGGYDFGYDGDFYR,2047,2097,1,4902.18928711558,6,2,Tupaia chinensis,Tupaia,,Tupaiidae,Scandentia
4065,TGHPGVVGPAGIRGSQGSQGPAGPPGPPGPPGPPGVSGGGYDFGYDGDFYR,2047,2097,1,4916.21540511558,7,0,Tupaia chinensis,Tupaia,,Tupaiidae,Scandentia
4066,TGHPGVVGPAGIRGSQGSQGPAGPPGPPGPPGPPGVSGGGYDFGYDGDFYR,2047,2097,1,4917.199421115581,7,1,Tupaia chinensis,Tupaia,,Tupaiidae,Scandentia
4067,TGHPGVVGPAGIRGSQGSQGPAGPPGPPGPPGPPGVSGGGYDFGYDGDFYR,2047,2097,1,4918.18343711558,7,2,Tupaia chinensis,Tupaia,,Tupaiidae,Scandentia
4068,TGHPGVVGPAGIRGSQGSQGPAGPPGPPGPPGPPGVSGGGYDFGYDGDFYR,2047,2097,1,4932.20955511558,8,0,Tupaia chinensis,Tupaia,,Tupaiidae,Scandentia
4069,TGHPGVVGPAGIRGSQGSQGPAGPPGPPGPPGPPGVSGGGYDFGYDGDFYR,2047,2097,1,4933.19357111558,8,1,Tupaia chinensis,Tupaia,,Tupaiidae,Scandentia
4070,TGHPGVVGPAGIRGSQGSQGPAGPPGPPGPPGPPGVSGGGYDFGYDGDFYR,2047,2097,1,4934.17758711558,8,2,Tupaia chinensis,Tupaia,,Tupaiidae,Scandentia
4071,TGHPGVVGPAGIRGSQGSQGPAGPPGPPGPPGPPGVSGGGYDFGYDGDFYR,2047,2097,1,4948.20370511558,9,0,Tupaia chinensis,Tupaia,,Tupaiidae,Scandentia
4072,TGHPGVVGPAGIRGSQGSQGPAGPPGPPGPPGPPGVSGGGYDFGYDGDFYR,2047,2097,1,4949.187721115581,9,1,Tupaia chinensis,Tupaia,,Tupaiidae,Scandentia
4073,TGHPGVVGPAGIRGSQGSQGPAGPPGPPGPPGPPGVSGGGYDFGYDGDFYR,2047,2097,1,4950.17173711558,9,2,Tupaia chinensis,Tupaia,,Tupaiidae,Scandentia
4074,TGHPGVVGPAGIRGSQGSQGPAGPPGPPGPPGPPGVSGGGYDFGYDGDFYR,2047,2097,1,4964.19785511558,10,0,Tupaia chinensis,Tupaia,,Tupaiidae,Scandentia
4075,TGHPGVVGPAGIRGSQGSQGPAGPPGPPGPPGPPGVSGGGYDFGYDGDFYR,2047,2097,1,4965.18187111558,10,1,Tupaia chinensis,Tupaia,,Tupaiidae,Scandentia
4076,TGHPGVVGPAGIRGSQGSQGPAGPPGPPGPPGPPGVSGGGYDFGYDGDFYR,2047,2097,1,4966.16588711558,10,2,Tupaia chinensis,Tupaia,,Tupaiidae,Scandentia
4077,TGHPGVVGPAGIRGSQGSQGPAGPPGPPGPPGPPGVSGGGYDFGYDGDFYR,2047,2097,1,4980.19200511558,11,0,Tupaia chinensis,Tupaia,,Tupaiidae,Scandentia
4078,TGHPGVVGPAGIRGSQGSQGPAGPPGPPGPPGPPGVSGGGYDFGYDGDFYR,2047,2097,1,4981.176021115581,11,1,Tupaia chinensis,Tupaia,,Tupaiidae,Scandentia
4079,TGHPGVVGPAGIRGSQGSQGPAGPPGPPGPPGPPGVSGGGYDFGYDGDFYR,2047,2097,1,4982.16003711558,11,2,Tupaia chinensis,Tupaia,,Tupaiidae,Scandentia
4080,TGHPGVVGPAGIR,2047,2059,0,1217.67493066873,0,0,Tupaia chinensis,Tupaia,,Tupaiidae,Scandentia
4081,TGHPGVVGPAGIR,2047,2059,0,1233.66908066873,1,0,Tupaia chinensis,Tupaia,,Tupaiidae,Scandentia
4082,TGHPGVVGPAGIR,2047,2059,0,1249.66323066873,2,0,Tupaia chinensis,Tupaia,,Tupaiidae,Scandentia
4083,GSQGSQGPAGPPGPPGPPGPPGVSGGGYDFGYDGDFYRA,2060,2098,1,3676.6363793820296,0,0,Tupaia chinensis,Tupaia,,Tupaiidae,Scandentia
4084,GSQGSQGPAGPPGPPGPPGPPGVSGGGYDFGYDGDFYRA,2060,2098,1,3677.6203953820295,0,1,Tupaia chinensis,Tupaia,,Tupaiidae,Scandentia
4085,GSQGSQGPAGPPGPPGPPGPPGVSGGGYDFGYDGDFYRA,2060,2098,1,3678.60441138203,0,2,Tupaia chinensis,Tupaia,,Tupaiidae,Scandentia
4086,GSQGSQGPAGPPGPPGPPGPPGVSGGGYDFGYDGDFYRA,2060,2098,1,3692.6305293820296,1,0,Tupaia chinensis,Tupaia,,Tupaiidae,Scandentia
4087,GSQGSQGPAGPPGPPGPPGPPGVSGGGYDFGYDGDFYRA,2060,2098,1,3693.6145453820295,1,1,Tupaia chinensis,Tupaia,,Tupaiidae,Scandentia
4088,GSQGSQGPAGPPGPPGPPGPPGVSGGGYDFGYDGDFYRA,2060,2098,1,3694.59856138203,1,2,Tupaia chinensis,Tupaia,,Tupaiidae,Scandentia
4089,GSQGSQGPAGPPGPPGPPGPPGVSGGGYDFGYDGDFYRA,2060,2098,1,3708.6246793820296,2,0,Tupaia chinensis,Tupaia,,Tupaiidae,Scandentia
4090,GSQGSQGPAGPPGPPGPPGPPGVSGGGYDFGYDGDFYRA,2060,2098,1,3709.6086953820295,2,1,Tupaia chinensis,Tupaia,,Tupaiidae,Scandentia
4091,GSQGSQGPAGPPGPPGPPGPPGVSGGGYDFGYDGDFYRA,2060,2098,1,3710.59271138203,2,2,Tupaia chinensis,Tupaia,,Tupaiidae,Scandentia
4092,GSQGSQGPAGPPGPPGPPGPPGVSGGGYDFGYDGDFYRA,2060,2098,1,3724.6188293820296,3,0,Tupaia chinensis,Tupaia,,Tupaiidae,Scandentia
4093,GSQGSQGPAGPPGPPGPPGPPGVSGGGYDFGYDGDFYRA,2060,2098,1,3725.6028453820295,3,1,Tupaia chinensis,Tupaia,,Tupaiidae,Scandentia
4094,GSQGSQGPAGPPGPPGPPGPPGVSGGGYDFGYDGDFYRA,2060,2098,1,3726.58686138203,3,2,Tupaia chinensis,Tupaia,,Tupaiidae,Scandentia
4095,GSQGSQGPAGPPGPPGPPGPPGVSGGGYDFGYDGDFYRA,2060,2098,1,3740.6129793820296,4,0,Tupaia chinensis,Tupaia,,Tupaiidae,Scandentia
4096,GSQGSQGPAGPPGPPGPPGPPGVSGGGYDFGYDGDFYRA,2060,2098,1,3741.5969953820295,4,1,Tupaia chinensis,Tupaia,,Tupaiidae,Scandentia
4097,GSQGSQGPAGPPGPPGPPGPPGVSGGGYDFGYDGDFYRA,2060,2098,1,3742.58101138203,4,2,Tupaia chinensis,Tupaia,,Tupaiidae,Scandentia
4098,GSQGSQGPAGPPGPPGPPGPPGVSGGGYDFGYDGDFYRA,2060,2098,1,3756.6071293820296,5,0,Tupaia chinensis,Tupaia,,Tupaiidae,Scandentia
4099,GSQGSQGPAGPPGPPGPPGPPGVSGGGYDFGYDGDFYRA,2060,2098,1,3757.5911453820295,5,1,Tupaia chinensis,Tupaia,,Tupaiidae,Scandentia
4100,GSQGSQGPAGPPGPPGPPGPPGVSGGGYDFGYDGDFYRA,2060,2098,1,3758.57516138203,5,2,Tupaia chinensis,Tupaia,,Tupaiidae,Scandentia
4101,GSQGSQGPAGPPGPPGPPGPPGVSGGGYDFGYDGDFYRA,2060,2098,1,3772.6012793820296,6,0,Tupaia chinensis,Tupaia,,Tupaiidae,Scandentia
4102,GSQGSQGPAGPPGPPGPPGPPGVSGGGYDFGYDGDFYRA,2060,2098,1,3773.5852953820295,6,1,Tupaia chinensis,Tupaia,,Tupaiidae,Scandentia
4103,GSQGSQGPAGPPGPPGPPGPPGVSGGGYDFGYDGDFYRA,2060,2098,1,3774.56931138203,6,2,Tupaia chinensis,Tupaia,,Tupaiidae,Scandentia
4104,GSQGSQGPAGPPGPPGPPGPPGVSGGGYDFGYDGDFYRA,2060,2098,1,3788.5954293820296,7,0,Tupaia chinensis,Tupaia,,Tupaiidae,Scandentia
4105,GSQGSQGPAGPPGPPGPPGPPGVSGGGYDFGYDGDFYRA,2060,2098,1,3789.5794453820295,7,1,Tupaia chinensis,Tupaia,,Tupaiidae,Scandentia
4106,GSQGSQGPAGPPGPPGPPGPPGVSGGGYDFGYDGDFYRA,2060,2098,1,3790.56346138203,7,2,Tupaia chinensis,Tupaia,,Tupaiidae,Scandentia
4107,GSQGSQGPAGPPGPPGPPGPPGVSGGGYDFGYDGDFYRA,2060,2098,1,3804.5895793820296,8,0,Tupaia chinensis,Tupaia,,Tupaiidae,Scandentia
4108,GSQGSQGPAGPPGPPGPPGPPGVSGGGYDFGYDGDFYRA,2060,2098,1,3805.5735953820295,8,1,Tupaia chinensis,Tupaia,,Tupaiidae,Scandentia
4109,GSQGSQGPAGPPGPPGPPGPPGVSGGGYDFGYDGDFYRA,2060,2098,1,3806.55761138203,8,2,Tupaia chinensis,Tupaia,,Tupaiidae,Scandentia
4110,GSQGSQGPAGPPGPPGPPGPPGVSGGGYDFGYDGDFYRA,2060,2098,1,3820.5837293820296,9,0,Tupaia chinensis,Tupaia,,Tupaiidae,Scandentia
4111,GSQGSQGPAGPPGPPGPPGPPGVSGGGYDFGYDGDFYRA,2060,2098,1,3821.5677453820294,9,1,Tupaia chinensis,Tupaia,,Tupaiidae,Scandentia
4112,GSQGSQGPAGPPGPPGPPGPPGVSGGGYDFGYDGDFYRA,2060,2098,1,3822.55176138203,9,2,Tupaia chinensis,Tupaia,,Tupaiidae,Scandentia
4113,GSQGSQGPAGPPGPPGPPGPPGVSGGGYDFGYDGDFYR,2060,2097,0,3605.5992655973196,0,0,Tupaia chinensis,Tupaia,,Tupaiidae,Scandentia
4114,GSQGSQGPAGPPGPPGPPGPPGVSGGGYDFGYDGDFYR,2060,2097,0,3606.5832815973195,0,1,Tupaia chinensis,Tupaia,,Tupaiidae,Scandentia
4115,GSQGSQGPAGPPGPPGPPGPPGVSGGGYDFGYDGDFYR,2060,2097,0,3607.56729759732,0,2,Tupaia chinensis,Tupaia,,Tupaiidae,Scandentia
4116,GSQGSQGPAGPPGPPGPPGPPGVSGGGYDFGYDGDFYR,2060,2097,0,3621.5934155973196,1,0,Tupaia chinensis,Tupaia,,Tupaiidae,Scandentia
4117,GSQGSQGPAGPPGPPGPPGPPGVSGGGYDFGYDGDFYR,2060,2097,0,3622.5774315973194,1,1,Tupaia chinensis,Tupaia,,Tupaiidae,Scandentia
4118,GSQGSQGPAGPPGPPGPPGPPGVSGGGYDFGYDGDFYR,2060,2097,0,3623.56144759732,1,2,Tupaia chinensis,Tupaia,,Tupaiidae,Scandentia
4119,GSQGSQGPAGPPGPPGPPGPPGVSGGGYDFGYDGDFYR,2060,2097,0,3637.5875655973196,2,0,Tupaia chinensis,Tupaia,,Tupaiidae,Scandentia
4120,GSQGSQGPAGPPGPPGPPGPPGVSGGGYDFGYDGDFYR,2060,2097,0,3638.5715815973194,2,1,Tupaia chinensis,Tupaia,,Tupaiidae,Scandentia
4121,GSQGSQGPAGPPGPPGPPGPPGVSGGGYDFGYDGDFYR,2060,2097,0,3639.55559759732,2,2,Tupaia chinensis,Tupaia,,Tupaiidae,Scandentia
4122,GSQGSQGPAGPPGPPGPPGPPGVSGGGYDFGYDGDFYR,2060,2097,0,3653.5817155973195,3,0,Tupaia chinensis,Tupaia,,Tupaiidae,Scandentia
4123,GSQGSQGPAGPPGPPGPPGPPGVSGGGYDFGYDGDFYR,2060,2097,0,3654.5657315973194,3,1,Tupaia chinensis,Tupaia,,Tupaiidae,Scandentia
4124,GSQGSQGPAGPPGPPGPPGPPGVSGGGYDFGYDGDFYR,2060,2097,0,3655.5497475973198,3,2,Tupaia chinensis,Tupaia,,Tupaiidae,Scandentia
4125,GSQGSQGPAGPPGPPGPPGPPGVSGGGYDFGYDGDFYR,2060,2097,0,3669.5758655973195,4,0,Tupaia chinensis,Tupaia,,Tupaiidae,Scandentia
4126,GSQGSQGPAGPPGPPGPPGPPGVSGGGYDFGYDGDFYR,2060,2097,0,3670.5598815973194,4,1,Tupaia chinensis,Tupaia,,Tupaiidae,Scandentia
4127,GSQGSQGPAGPPGPPGPPGPPGVSGGGYDFGYDGDFYR,2060,2097,0,3671.5438975973198,4,2,Tupaia chinensis,Tupaia,,Tupaiidae,Scandentia
4128,GSQGSQGPAGPPGPPGPPGPPGVSGGGYDFGYDGDFYR,2060,2097,0,3685.5700155973195,5,0,Tupaia chinensis,Tupaia,,Tupaiidae,Scandentia
4129,GSQGSQGPAGPPGPPGPPGPPGVSGGGYDFGYDGDFYR,2060,2097,0,3686.5540315973194,5,1,Tupaia chinensis,Tupaia,,Tupaiidae,Scandentia
4130,GSQGSQGPAGPPGPPGPPGPPGVSGGGYDFGYDGDFYR,2060,2097,0,3687.5380475973197,5,2,Tupaia chinensis,Tupaia,,Tupaiidae,Scandentia
4131,GSQGSQGPAGPPGPPGPPGPPGVSGGGYDFGYDGDFYR,2060,2097,0,3701.5641655973195,6,0,Tupaia chinensis,Tupaia,,Tupaiidae,Scandentia
4132,GSQGSQGPAGPPGPPGPPGPPGVSGGGYDFGYDGDFYR,2060,2097,0,3702.5481815973194,6,1,Tupaia chinensis,Tupaia,,Tupaiidae,Scandentia
4133,GSQGSQGPAGPPGPPGPPGPPGVSGGGYDFGYDGDFYR,2060,2097,0,3703.5321975973197,6,2,Tupaia chinensis,Tupaia,,Tupaiidae,Scandentia
4134,GSQGSQGPAGPPGPPGPPGPPGVSGGGYDFGYDGDFYR,2060,2097,0,3717.5583155973195,7,0,Tupaia chinensis,Tupaia,,Tupaiidae,Scandentia
4135,GSQGSQGPAGPPGPPGPPGPPGVSGGGYDFGYDGDFYR,2060,2097,0,3718.5423315973194,7,1,Tupaia chinensis,Tupaia,,Tupaiidae,Scandentia
4136,GSQGSQGPAGPPGPPGPPGPPGVSGGGYDFGYDGDFYR,2060,2097,0,3719.5263475973197,7,2,Tupaia chinensis,Tupaia,,Tupaiidae,Scandentia
4137,GSQGSQGPAGPPGPPGPPGPPGVSGGGYDFGYDGDFYR,2060,2097,0,3733.5524655973195,8,0,Tupaia chinensis,Tupaia,,Tupaiidae,Scandentia
4138,GSQGSQGPAGPPGPPGPPGPPGVSGGGYDFGYDGDFYR,2060,2097,0,3734.5364815973194,8,1,Tupaia chinensis,Tupaia,,Tupaiidae,Scandentia
4139,GSQGSQGPAGPPGPPGPPGPPGVSGGGYDFGYDGDFYR,2060,2097,0,3735.5204975973197,8,2,Tupaia chinensis,Tupaia,,Tupaiidae,Scandentia
4140,GSQGSQGPAGPPGPPGPPGPPGVSGGGYDFGYDGDFYR,2060,2097,0,3749.5466155973195,9,0,Tupaia chinensis,Tupaia,,Tupaiidae,Scandentia
4141,GSQGSQGPAGPPGPPGPPGPPGVSGGGYDFGYDGDFYR,2060,2097,0,3750.5306315973194,9,1,Tupaia chinensis,Tupaia,,Tupaiidae,Scandentia
4142,GSQGSQGPAGPPGPPGPPGPPGVSGGGYDFGYDGDFYR,2060,2097,0,3751.5146475973197,9,2,Tupaia chinensis,Tupaia,,Tupaiidae,Scandentia
4143,A,2098,2098,0,90.05495493517999,0,0,Tupaia chinensis,Tupaia,,Tupaiidae,Scandentia
